timestamp,processId,threadId,parentProcessId,userId,mountNamespace,processName,hostName,eventId,eventName,stackAddresses,argsNum,returnValue,args,sus,evil
487.034165,7555,7555,7548,1001,4026531840,tsm,ip-10-100-1-217,42,connect,[],3,-114,"[{'name': 'sockfd', 'type': 'int', 'value': 693}, {'name': 'addr', 'type': 'struct sockaddr*', 'value': ""{'sa_family': 'AF_INET','sin_port': '22','sin_addr': '192.168.20.217'}""}, {'name': 'addrlen', 'type': 'int', 'value': 16}]",1,1
487.034187,7555,7555,7548,1001,4026531840,tsm,ip-10-100-1-217,42,connect,[],3,-114,"[{'name': 'sockfd', 'type': 'int', 'value': 694}, {'name': 'addr', 'type': 'struct sockaddr*', 'value': ""{'sa_family': 'AF_INET','sin_port': '22','sin_addr': '192.168.20.218'}""}, {'name': 'addrlen', 'type': 'int', 'value': 16}]",1,1
487.034209,7555,7555,7548,1001,4026531840,tsm,ip-10-100-1-217,42,connect,[],3,-114,"[{'name': 'sockfd', 'type': 'int', 'value': 695}, {'name': 'addr', 'type': 'struct sockaddr*', 'value': ""{'sa_family': 'AF_INET','sin_port': '22','sin_addr': '192.168.20.219'}""}, {'name': 'addrlen', 'type': 'int', 'value': 16}]",1,1
487.034231,7555,7555,7548,1001,4026531840,tsm,ip-10-100-1-217,42,connect,[],3,-114,"[{'name': 'sockfd', 'type': 'int', 'value': 696}, {'name': 'addr', 'type': 'struct sockaddr*', 'value': ""{'sin_addr': '192.168.20.220','sa_family': 'AF_INET','sin_port': '22'}""}, {'name': 'addrlen', 'type': 'int', 'value': 16}]",1,1
487.034253,7555,7555,7548,1001,4026531840,tsm,ip-10-100-1-217,42,connect,[],3,-114,"[{'name': 'sockfd', 'type': 'int', 'value': 697}, {'name': 'addr', 'type': 'struct sockaddr*', 'value': ""{'sa_family': 'AF_INET','sin_port': '22','sin_addr': '192.168.20.221'}""}, {'name': 'addrlen', 'type': 'int', 'value': 16}]",1,1
487.034275,7555,7555,7548,1001,4026531840,tsm,ip-10-100-1-217,42,connect,[],3,-114,"[{'name': 'sockfd', 'type': 'int', 'value': 698}, {'name': 'addr', 'type': 'struct sockaddr*', 'value': ""{'sa_family': 'AF_INET','sin_port': '22','sin_addr': '192.168.20.222'}""}, {'name': 'addrlen', 'type': 'int', 'value': 16}]",1,1
487.034297,7555,7555,7548,1001,4026531840,tsm,ip-10-100-1-217,42,connect,[],3,-114,"[{'name': 'sockfd', 'type': 'int', 'value': 699}, {'name': 'addr', 'type': 'struct sockaddr*', 'value': ""{'sa_family': 'AF_INET','sin_port': '22','sin_addr': '192.168.20.223'}""}, {'name': 'addrlen', 'type': 'int', 'value': 16}]",1,1
487.034319,7555,7555,7548,1001,4026531840,tsm,ip-10-100-1-217,42,connect,[],3,-114,"[{'name': 'sockfd', 'type': 'int', 'value': 700}, {'name': 'addr', 'type': 'struct sockaddr*', 'value': ""{'sa_family': 'AF_INET','sin_port': '22','sin_addr': '192.168.20.224'}""}, {'name': 'addrlen', 'type': 'int', 'value': 16}]",1,1
487.034342,7555,7555,7548,1001,4026531840,tsm,ip-10-100-1-217,42,connect,[],3,-114,"[{'name': 'sockfd', 'type': 'int', 'value': 701}, {'name': 'addr', 'type': 'struct sockaddr*', 'value': ""{'sa_family': 'AF_INET','sin_port': '22','sin_addr': '192.168.20.225'}""}, {'name': 'addrlen', 'type': 'int', 'value': 16}]",1,1
487.034364,7555,7555,7548,1001,4026531840,tsm,ip-10-100-1-217,42,connect,[],3,-114,"[{'name': 'sockfd', 'type': 'int', 'value': 702}, {'name': 'addr', 'type': 'struct sockaddr*', 'value': ""{'sa_family': 'AF_INET','sin_port': '22','sin_addr': '192.168.20.226'}""}, {'name': 'addrlen', 'type': 'int', 'value': 16}]",1,1
487.034386,7555,7555,7548,1001,4026531840,tsm,ip-10-100-1-217,42,connect,[],3,-114,"[{'name': 'sockfd', 'type': 'int', 'value': 703}, {'name': 'addr', 'type': 'struct sockaddr*', 'value': ""{'sin_port': '22','sin_addr': '192.168.20.227','sa_family': 'AF_INET'}""}, {'name': 'addrlen', 'type': 'int', 'value': 16}]",1,1
487.034408,7555,7555,7548,1001,4026531840,tsm,ip-10-100-1-217,42,connect,[],3,-114,"[{'name': 'sockfd', 'type': 'int', 'value': 704}, {'name': 'addr', 'type': 'struct sockaddr*', 'value': ""{'sa_family': 'AF_INET','sin_port': '22','sin_addr': '192.168.20.228'}""}, {'name': 'addrlen', 'type': 'int', 'value': 16}]",1,1
487.03443,7555,7555,7548,1001,4026531840,tsm,ip-10-100-1-217,42,connect,[],3,-114,"[{'name': 'sockfd', 'type': 'int', 'value': 705}, {'name': 'addr', 'type': 'struct sockaddr*', 'value': ""{'sa_family': 'AF_INET','sin_port': '22','sin_addr': '192.168.20.229'}""}, {'name': 'addrlen', 'type': 'int', 'value': 16}]",1,1
487.034452,7555,7555,7548,1001,4026531840,tsm,ip-10-100-1-217,42,connect,[],3,-114,"[{'name': 'sockfd', 'type': 'int', 'value': 706}, {'name': 'addr', 'type': 'struct sockaddr*', 'value': ""{'sin_port': '22','sin_addr': '192.168.20.230','sa_family': 'AF_INET'}""}, {'name': 'addrlen', 'type': 'int', 'value': 16}]",1,1
487.040278,7555,7555,7548,1001,4026531840,tsm,ip-10-100-1-217,42,connect,[],3,-114,"[{'name': 'sockfd', 'type': 'int', 'value': 707}, {'name': 'addr', 'type': 'struct sockaddr*', 'value': ""{'sa_family': 'AF_INET','sin_port': '22','sin_addr': '192.168.20.231'}""}, {'name': 'addrlen', 'type': 'int', 'value': 16}]",1,1
487.040307,7555,7555,7548,1001,4026531840,tsm,ip-10-100-1-217,42,connect,[],3,-114,"[{'name': 'sockfd', 'type': 'int', 'value': 708}, {'name': 'addr', 'type': 'struct sockaddr*', 'value': ""{'sa_family': 'AF_INET','sin_port': '22','sin_addr': '192.168.20.232'}""}, {'name': 'addrlen', 'type': 'int', 'value': 16}]",1,1
487.040329,7555,7555,7548,1001,4026531840,tsm,ip-10-100-1-217,42,connect,[],3,-114,"[{'name': 'sockfd', 'type': 'int', 'value': 709}, {'name': 'addr', 'type': 'struct sockaddr*', 'value': ""{'sin_addr': '192.168.20.233','sa_family': 'AF_INET','sin_port': '22'}""}, {'name': 'addrlen', 'type': 'int', 'value': 16}]",1,1
487.040352,7555,7555,7548,1001,4026531840,tsm,ip-10-100-1-217,42,connect,[],3,-114,"[{'name': 'sockfd', 'type': 'int', 'value': 710}, {'name': 'addr', 'type': 'struct sockaddr*', 'value': ""{'sa_family': 'AF_INET','sin_port': '22','sin_addr': '192.168.20.234'}""}, {'name': 'addrlen', 'type': 'int', 'value': 16}]",1,1
487.040374,7555,7555,7548,1001,4026531840,tsm,ip-10-100-1-217,42,connect,[],3,-114,"[{'name': 'sockfd', 'type': 'int', 'value': 711}, {'name': 'addr', 'type': 'struct sockaddr*', 'value': ""{'sin_addr': '192.168.20.235','sa_family': 'AF_INET','sin_port': '22'}""}, {'name': 'addrlen', 'type': 'int', 'value': 16}]",1,1
487.040396,7555,7555,7548,1001,4026531840,tsm,ip-10-100-1-217,42,connect,[],3,-114,"[{'name': 'sockfd', 'type': 'int', 'value': 712}, {'name': 'addr', 'type': 'struct sockaddr*', 'value': ""{'sin_port': '22','sin_addr': '192.168.20.236','sa_family': 'AF_INET'}""}, {'name': 'addrlen', 'type': 'int', 'value': 16}]",1,1
487.040418,7555,7555,7548,1001,4026531840,tsm,ip-10-100-1-217,42,connect,[],3,-114,"[{'name': 'sockfd', 'type': 'int', 'value': 713}, {'name': 'addr', 'type': 'struct sockaddr*', 'value': ""{'sin_addr': '192.168.20.237','sa_family': 'AF_INET','sin_port': '22'}""}, {'name': 'addrlen', 'type': 'int', 'value': 16}]",1,1
487.04044,7555,7555,7548,1001,4026531840,tsm,ip-10-100-1-217,42,connect,[],3,-114,"[{'name': 'sockfd', 'type': 'int', 'value': 714}, {'name': 'addr', 'type': 'struct sockaddr*', 'value': ""{'sa_family': 'AF_INET','sin_port': '22','sin_addr': '192.168.20.238'}""}, {'name': 'addrlen', 'type': 'int', 'value': 16}]",1,1
487.040462,7555,7555,7548,1001,4026531840,tsm,ip-10-100-1-217,42,connect,[],3,-114,"[{'name': 'sockfd', 'type': 'int', 'value': 715}, {'name': 'addr', 'type': 'struct sockaddr*', 'value': ""{'sa_family': 'AF_INET','sin_port': '22','sin_addr': '192.168.20.239'}""}, {'name': 'addrlen', 'type': 'int', 'value': 16}]",1,1
487.040484,7555,7555,7548,1001,4026531840,tsm,ip-10-100-1-217,42,connect,[],3,-114,"[{'name': 'sockfd', 'type': 'int', 'value': 716}, {'name': 'addr', 'type': 'struct sockaddr*', 'value': ""{'sa_family': 'AF_INET','sin_port': '22','sin_addr': '192.168.20.240'}""}, {'name': 'addrlen', 'type': 'int', 'value': 16}]",1,1
487.040506,7555,7555,7548,1001,4026531840,tsm,ip-10-100-1-217,42,connect,[],3,-114,"[{'name': 'sockfd', 'type': 'int', 'value': 717}, {'name': 'addr', 'type': 'struct sockaddr*', 'value': ""{'sin_addr': '192.168.20.241','sa_family': 'AF_INET','sin_port': '22'}""}, {'name': 'addrlen', 'type': 'int', 'value': 16}]",1,1
487.040528,7555,7555,7548,1001,4026531840,tsm,ip-10-100-1-217,42,connect,[],3,-114,"[{'name': 'sockfd', 'type': 'int', 'value': 718}, {'name': 'addr', 'type': 'struct sockaddr*', 'value': ""{'sa_family': 'AF_INET','sin_port': '22','sin_addr': '192.168.20.242'}""}, {'name': 'addrlen', 'type': 'int', 'value': 16}]",1,1
487.04055,7555,7555,7548,1001,4026531840,tsm,ip-10-100-1-217,42,connect,[],3,-114,"[{'name': 'sockfd', 'type': 'int', 'value': 719}, {'name': 'addr', 'type': 'struct sockaddr*', 'value': ""{'sa_family': 'AF_INET','sin_port': '22','sin_addr': '192.168.20.243'}""}, {'name': 'addrlen', 'type': 'int', 'value': 16}]",1,1
487.040572,7555,7555,7548,1001,4026531840,tsm,ip-10-100-1-217,42,connect,[],3,-114,"[{'name': 'sockfd', 'type': 'int', 'value': 720}, {'name': 'addr', 'type': 'struct sockaddr*', 'value': ""{'sin_addr': '192.168.20.244','sa_family': 'AF_INET','sin_port': '22'}""}, {'name': 'addrlen', 'type': 'int', 'value': 16}]",1,1
487.040597,7555,7555,7548,1001,4026531840,tsm,ip-10-100-1-217,42,connect,[],3,-114,"[{'name': 'sockfd', 'type': 'int', 'value': 721}, {'name': 'addr', 'type': 'struct sockaddr*', 'value': ""{'sin_addr': '192.168.20.245','sa_family': 'AF_INET','sin_port': '22'}""}, {'name': 'addrlen', 'type': 'int', 'value': 16}]",1,1
487.040619,7555,7555,7548,1001,4026531840,tsm,ip-10-100-1-217,42,connect,[],3,-114,"[{'name': 'sockfd', 'type': 'int', 'value': 722}, {'name': 'addr', 'type': 'struct sockaddr*', 'value': ""{'sa_family': 'AF_INET','sin_port': '22','sin_addr': '192.168.20.246'}""}, {'name': 'addrlen', 'type': 'int', 'value': 16}]",1,1
487.040641,7555,7555,7548,1001,4026531840,tsm,ip-10-100-1-217,42,connect,[],3,-114,"[{'name': 'sockfd', 'type': 'int', 'value': 723}, {'name': 'addr', 'type': 'struct sockaddr*', 'value': ""{'sa_family': 'AF_INET','sin_port': '22','sin_addr': '192.168.20.247'}""}, {'name': 'addrlen', 'type': 'int', 'value': 16}]",1,1
487.040663,7555,7555,7548,1001,4026531840,tsm,ip-10-100-1-217,42,connect,[],3,-114,"[{'name': 'sockfd', 'type': 'int', 'value': 724}, {'name': 'addr', 'type': 'struct sockaddr*', 'value': ""{'sa_family': 'AF_INET','sin_port': '22','sin_addr': '192.168.20.248'}""}, {'name': 'addrlen', 'type': 'int', 'value': 16}]",1,1
487.040685,7555,7555,7548,1001,4026531840,tsm,ip-10-100-1-217,42,connect,[],3,-114,"[{'name': 'sockfd', 'type': 'int', 'value': 725}, {'name': 'addr', 'type': 'struct sockaddr*', 'value': ""{'sa_family': 'AF_INET','sin_port': '22','sin_addr': '192.168.20.249'}""}, {'name': 'addrlen', 'type': 'int', 'value': 16}]",1,1
487.040707,7555,7555,7548,1001,4026531840,tsm,ip-10-100-1-217,42,connect,[],3,-114,"[{'name': 'sockfd', 'type': 'int', 'value': 726}, {'name': 'addr', 'type': 'struct sockaddr*', 'value': ""{'sa_family': 'AF_INET','sin_port': '22','sin_addr': '192.168.20.250'}""}, {'name': 'addrlen', 'type': 'int', 'value': 16}]",1,1
487.04073,7555,7555,7548,1001,4026531840,tsm,ip-10-100-1-217,42,connect,[],3,-114,"[{'name': 'sockfd', 'type': 'int', 'value': 727}, {'name': 'addr', 'type': 'struct sockaddr*', 'value': ""{'sin_addr': '192.168.20.251','sa_family': 'AF_INET','sin_port': '22'}""}, {'name': 'addrlen', 'type': 'int', 'value': 16}]",1,1
487.040752,7555,7555,7548,1001,4026531840,tsm,ip-10-100-1-217,42,connect,[],3,-114,"[{'name': 'sockfd', 'type': 'int', 'value': 728}, {'name': 'addr', 'type': 'struct sockaddr*', 'value': ""{'sa_family': 'AF_INET','sin_port': '22','sin_addr': '192.168.20.252'}""}, {'name': 'addrlen', 'type': 'int', 'value': 16}]",1,1
487.040774,7555,7555,7548,1001,4026531840,tsm,ip-10-100-1-217,42,connect,[],3,-114,"[{'name': 'sockfd', 'type': 'int', 'value': 729}, {'name': 'addr', 'type': 'struct sockaddr*', 'value': ""{'sa_family': 'AF_INET','sin_port': '22','sin_addr': '192.168.20.253'}""}, {'name': 'addrlen', 'type': 'int', 'value': 16}]",1,1
487.040796,7555,7555,7548,1001,4026531840,tsm,ip-10-100-1-217,42,connect,[],3,-114,"[{'name': 'sockfd', 'type': 'int', 'value': 730}, {'name': 'addr', 'type': 'struct sockaddr*', 'value': ""{'sa_family': 'AF_INET','sin_port': '22','sin_addr': '192.168.20.254'}""}, {'name': 'addrlen', 'type': 'int', 'value': 16}]",1,1
487.040818,7555,7555,7548,1001,4026531840,tsm,ip-10-100-1-217,42,connect,[],3,-114,"[{'name': 'sockfd', 'type': 'int', 'value': 731}, {'name': 'addr', 'type': 'struct sockaddr*', 'value': ""{'sin_addr': '192.168.21.0','sa_family': 'AF_INET','sin_port': '22'}""}, {'name': 'addrlen', 'type': 'int', 'value': 16}]",1,1
487.04084,7555,7555,7548,1001,4026531840,tsm,ip-10-100-1-217,42,connect,[],3,-114,"[{'name': 'sockfd', 'type': 'int', 'value': 732}, {'name': 'addr', 'type': 'struct sockaddr*', 'value': ""{'sa_family': 'AF_INET','sin_port': '22','sin_addr': '192.168.21.1'}""}, {'name': 'addrlen', 'type': 'int', 'value': 16}]",1,1
487.040862,7555,7555,7548,1001,4026531840,tsm,ip-10-100-1-217,42,connect,[],3,-114,"[{'name': 'sockfd', 'type': 'int', 'value': 733}, {'name': 'addr', 'type': 'struct sockaddr*', 'value': ""{'sa_family': 'AF_INET','sin_port': '22','sin_addr': '192.168.21.2'}""}, {'name': 'addrlen', 'type': 'int', 'value': 16}]",1,1
487.040884,7555,7555,7548,1001,4026531840,tsm,ip-10-100-1-217,42,connect,[],3,-114,"[{'name': 'sockfd', 'type': 'int', 'value': 734}, {'name': 'addr', 'type': 'struct sockaddr*', 'value': ""{'sa_family': 'AF_INET','sin_port': '22','sin_addr': '192.168.21.3'}""}, {'name': 'addrlen', 'type': 'int', 'value': 16}]",1,1
487.040906,7555,7555,7548,1001,4026531840,tsm,ip-10-100-1-217,42,connect,[],3,-114,"[{'name': 'sockfd', 'type': 'int', 'value': 735}, {'name': 'addr', 'type': 'struct sockaddr*', 'value': ""{'sa_family': 'AF_INET','sin_port': '22','sin_addr': '192.168.21.4'}""}, {'name': 'addrlen', 'type': 'int', 'value': 16}]",1,1
487.040928,7555,7555,7548,1001,4026531840,tsm,ip-10-100-1-217,42,connect,[],3,-114,"[{'name': 'sockfd', 'type': 'int', 'value': 736}, {'name': 'addr', 'type': 'struct sockaddr*', 'value': ""{'sa_family': 'AF_INET','sin_port': '22','sin_addr': '192.168.21.5'}""}, {'name': 'addrlen', 'type': 'int', 'value': 16}]",1,1
487.04095,7555,7555,7548,1001,4026531840,tsm,ip-10-100-1-217,42,connect,[],3,-114,"[{'name': 'sockfd', 'type': 'int', 'value': 737}, {'name': 'addr', 'type': 'struct sockaddr*', 'value': ""{'sa_family': 'AF_INET','sin_port': '22','sin_addr': '192.168.21.6'}""}, {'name': 'addrlen', 'type': 'int', 'value': 16}]",1,1
487.040972,7555,7555,7548,1001,4026531840,tsm,ip-10-100-1-217,42,connect,[],3,-114,"[{'name': 'sockfd', 'type': 'int', 'value': 738}, {'name': 'addr', 'type': 'struct sockaddr*', 'value': ""{'sa_family': 'AF_INET','sin_port': '22','sin_addr': '192.168.21.7'}""}, {'name': 'addrlen', 'type': 'int', 'value': 16}]",1,1
487.040994,7555,7555,7548,1001,4026531840,tsm,ip-10-100-1-217,42,connect,[],3,-114,"[{'name': 'sockfd', 'type': 'int', 'value': 739}, {'name': 'addr', 'type': 'struct sockaddr*', 'value': ""{'sin_port': '22','sin_addr': '192.168.21.8','sa_family': 'AF_INET'}""}, {'name': 'addrlen', 'type': 'int', 'value': 16}]",1,1
487.041016,7555,7555,7548,1001,4026531840,tsm,ip-10-100-1-217,42,connect,[],3,-114,"[{'name': 'sockfd', 'type': 'int', 'value': 740}, {'name': 'addr', 'type': 'struct sockaddr*', 'value': ""{'sa_family': 'AF_INET','sin_port': '22','sin_addr': '192.168.21.9'}""}, {'name': 'addrlen', 'type': 'int', 'value': 16}]",1,1
487.041038,7555,7555,7548,1001,4026531840,tsm,ip-10-100-1-217,42,connect,[],3,-114,"[{'name': 'sockfd', 'type': 'int', 'value': 741}, {'name': 'addr', 'type': 'struct sockaddr*', 'value': ""{'sa_family': 'AF_INET','sin_port': '22','sin_addr': '192.168.21.10'}""}, {'name': 'addrlen', 'type': 'int', 'value': 16}]",1,1
487.04106,7555,7555,7548,1001,4026531840,tsm,ip-10-100-1-217,42,connect,[],3,-114,"[{'name': 'sockfd', 'type': 'int', 'value': 742}, {'name': 'addr', 'type': 'struct sockaddr*', 'value': ""{'sa_family': 'AF_INET','sin_port': '22','sin_addr': '192.168.21.11'}""}, {'name': 'addrlen', 'type': 'int', 'value': 16}]",1,1
487.041086,7555,7555,7548,1001,4026531840,tsm,ip-10-100-1-217,42,connect,[],3,-114,"[{'name': 'sockfd', 'type': 'int', 'value': 743}, {'name': 'addr', 'type': 'struct sockaddr*', 'value': ""{'sa_family': 'AF_INET','sin_port': '22','sin_addr': '192.168.21.12'}""}, {'name': 'addrlen', 'type': 'int', 'value': 16}]",1,1
487.041108,7555,7555,7548,1001,4026531840,tsm,ip-10-100-1-217,42,connect,[],3,-114,"[{'name': 'sockfd', 'type': 'int', 'value': 744}, {'name': 'addr', 'type': 'struct sockaddr*', 'value': ""{'sin_addr': '192.168.21.13','sa_family': 'AF_INET','sin_port': '22'}""}, {'name': 'addrlen', 'type': 'int', 'value': 16}]",1,1
487.04113,7555,7555,7548,1001,4026531840,tsm,ip-10-100-1-217,42,connect,[],3,-114,"[{'name': 'sockfd', 'type': 'int', 'value': 745}, {'name': 'addr', 'type': 'struct sockaddr*', 'value': ""{'sa_family': 'AF_INET','sin_port': '22','sin_addr': '192.168.21.14'}""}, {'name': 'addrlen', 'type': 'int', 'value': 16}]",1,1
487.041152,7555,7555,7548,1001,4026531840,tsm,ip-10-100-1-217,42,connect,[],3,-114,"[{'name': 'sockfd', 'type': 'int', 'value': 746}, {'name': 'addr', 'type': 'struct sockaddr*', 'value': ""{'sa_family': 'AF_INET','sin_port': '22','sin_addr': '192.168.21.15'}""}, {'name': 'addrlen', 'type': 'int', 'value': 16}]",1,1
487.041174,7555,7555,7548,1001,4026531840,tsm,ip-10-100-1-217,42,connect,[],3,-114,"[{'name': 'sockfd', 'type': 'int', 'value': 747}, {'name': 'addr', 'type': 'struct sockaddr*', 'value': ""{'sa_family': 'AF_INET','sin_port': '22','sin_addr': '192.168.21.16'}""}, {'name': 'addrlen', 'type': 'int', 'value': 16}]",1,1
487.041196,7555,7555,7548,1001,4026531840,tsm,ip-10-100-1-217,42,connect,[],3,-114,"[{'name': 'sockfd', 'type': 'int', 'value': 748}, {'name': 'addr', 'type': 'struct sockaddr*', 'value': ""{'sa_family': 'AF_INET','sin_port': '22','sin_addr': '192.168.21.17'}""}, {'name': 'addrlen', 'type': 'int', 'value': 16}]",1,1
487.041218,7555,7555,7548,1001,4026531840,tsm,ip-10-100-1-217,42,connect,[],3,-114,"[{'name': 'sockfd', 'type': 'int', 'value': 749}, {'name': 'addr', 'type': 'struct sockaddr*', 'value': ""{'sa_family': 'AF_INET','sin_port': '22','sin_addr': '192.168.21.18'}""}, {'name': 'addrlen', 'type': 'int', 'value': 16}]",1,1
487.04124,7555,7555,7548,1001,4026531840,tsm,ip-10-100-1-217,42,connect,[],3,-114,"[{'name': 'sockfd', 'type': 'int', 'value': 750}, {'name': 'addr', 'type': 'struct sockaddr*', 'value': ""{'sin_addr': '192.168.21.19','sa_family': 'AF_INET','sin_port': '22'}""}, {'name': 'addrlen', 'type': 'int', 'value': 16}]",1,1
487.041262,7555,7555,7548,1001,4026531840,tsm,ip-10-100-1-217,42,connect,[],3,-114,"[{'name': 'sockfd', 'type': 'int', 'value': 751}, {'name': 'addr', 'type': 'struct sockaddr*', 'value': ""{'sa_family': 'AF_INET','sin_port': '22','sin_addr': '192.168.21.20'}""}, {'name': 'addrlen', 'type': 'int', 'value': 16}]",1,1
487.041284,7555,7555,7548,1001,4026531840,tsm,ip-10-100-1-217,42,connect,[],3,-114,"[{'name': 'sockfd', 'type': 'int', 'value': 752}, {'name': 'addr', 'type': 'struct sockaddr*', 'value': ""{'sa_family': 'AF_INET','sin_port': '22','sin_addr': '192.168.21.21'}""}, {'name': 'addrlen', 'type': 'int', 'value': 16}]",1,1
487.041306,7555,7555,7548,1001,4026531840,tsm,ip-10-100-1-217,42,connect,[],3,-114,"[{'name': 'sockfd', 'type': 'int', 'value': 753}, {'name': 'addr', 'type': 'struct sockaddr*', 'value': ""{'sin_addr': '192.168.21.22','sa_family': 'AF_INET','sin_port': '22'}""}, {'name': 'addrlen', 'type': 'int', 'value': 16}]",1,1
487.041328,7555,7555,7548,1001,4026531840,tsm,ip-10-100-1-217,42,connect,[],3,-114,"[{'name': 'sockfd', 'type': 'int', 'value': 754}, {'name': 'addr', 'type': 'struct sockaddr*', 'value': ""{'sin_port': '22','sin_addr': '192.168.21.23','sa_family': 'AF_INET'}""}, {'name': 'addrlen', 'type': 'int', 'value': 16}]",1,1
487.04135,7555,7555,7548,1001,4026531840,tsm,ip-10-100-1-217,42,connect,[],3,-114,"[{'name': 'sockfd', 'type': 'int', 'value': 755}, {'name': 'addr', 'type': 'struct sockaddr*', 'value': ""{'sa_family': 'AF_INET','sin_port': '22','sin_addr': '192.168.21.24'}""}, {'name': 'addrlen', 'type': 'int', 'value': 16}]",1,1
487.041372,7555,7555,7548,1001,4026531840,tsm,ip-10-100-1-217,42,connect,[],3,-114,"[{'name': 'sockfd', 'type': 'int', 'value': 756}, {'name': 'addr', 'type': 'struct sockaddr*', 'value': ""{'sa_family': 'AF_INET','sin_port': '22','sin_addr': '192.168.21.25'}""}, {'name': 'addrlen', 'type': 'int', 'value': 16}]",1,1
487.041394,7555,7555,7548,1001,4026531840,tsm,ip-10-100-1-217,42,connect,[],3,-114,"[{'name': 'sockfd', 'type': 'int', 'value': 757}, {'name': 'addr', 'type': 'struct sockaddr*', 'value': ""{'sin_addr': '192.168.21.26','sa_family': 'AF_INET','sin_port': '22'}""}, {'name': 'addrlen', 'type': 'int', 'value': 16}]",1,1
487.041416,7555,7555,7548,1001,4026531840,tsm,ip-10-100-1-217,42,connect,[],3,-114,"[{'name': 'sockfd', 'type': 'int', 'value': 758}, {'name': 'addr', 'type': 'struct sockaddr*', 'value': ""{'sa_family': 'AF_INET','sin_port': '22','sin_addr': '192.168.21.27'}""}, {'name': 'addrlen', 'type': 'int', 'value': 16}]",1,1
487.041438,7555,7555,7548,1001,4026531840,tsm,ip-10-100-1-217,42,connect,[],3,-114,"[{'name': 'sockfd', 'type': 'int', 'value': 759}, {'name': 'addr', 'type': 'struct sockaddr*', 'value': ""{'sin_port': '22','sin_addr': '192.168.21.28','sa_family': 'AF_INET'}""}, {'name': 'addrlen', 'type': 'int', 'value': 16}]",1,1
487.04146,7555,7555,7548,1001,4026531840,tsm,ip-10-100-1-217,42,connect,[],3,-114,"[{'name': 'sockfd', 'type': 'int', 'value': 760}, {'name': 'addr', 'type': 'struct sockaddr*', 'value': ""{'sa_family': 'AF_INET','sin_port': '22','sin_addr': '192.168.21.29'}""}, {'name': 'addrlen', 'type': 'int', 'value': 16}]",1,1
487.041482,7555,7555,7548,1001,4026531840,tsm,ip-10-100-1-217,42,connect,[],3,-114,"[{'name': 'sockfd', 'type': 'int', 'value': 761}, {'name': 'addr', 'type': 'struct sockaddr*', 'value': ""{'sin_port': '22','sin_addr': '192.168.21.30','sa_family': 'AF_INET'}""}, {'name': 'addrlen', 'type': 'int', 'value': 16}]",1,1
487.041504,7555,7555,7548,1001,4026531840,tsm,ip-10-100-1-217,42,connect,[],3,-114,"[{'name': 'sockfd', 'type': 'int', 'value': 762}, {'name': 'addr', 'type': 'struct sockaddr*', 'value': ""{'sin_port': '22','sin_addr': '192.168.21.31','sa_family': 'AF_INET'}""}, {'name': 'addrlen', 'type': 'int', 'value': 16}]",1,1
487.041526,7555,7555,7548,1001,4026531840,tsm,ip-10-100-1-217,42,connect,[],3,-114,"[{'name': 'sockfd', 'type': 'int', 'value': 763}, {'name': 'addr', 'type': 'struct sockaddr*', 'value': ""{'sin_addr': '192.168.21.32','sa_family': 'AF_INET','sin_port': '22'}""}, {'name': 'addrlen', 'type': 'int', 'value': 16}]",1,1
487.041548,7555,7555,7548,1001,4026531840,tsm,ip-10-100-1-217,42,connect,[],3,-114,"[{'name': 'sockfd', 'type': 'int', 'value': 764}, {'name': 'addr', 'type': 'struct sockaddr*', 'value': ""{'sa_family': 'AF_INET','sin_port': '22','sin_addr': '192.168.21.33'}""}, {'name': 'addrlen', 'type': 'int', 'value': 16}]",1,1
487.04157,7555,7555,7548,1001,4026531840,tsm,ip-10-100-1-217,42,connect,[],3,-114,"[{'name': 'sockfd', 'type': 'int', 'value': 765}, {'name': 'addr', 'type': 'struct sockaddr*', 'value': ""{'sa_family': 'AF_INET','sin_port': '22','sin_addr': '192.168.21.34'}""}, {'name': 'addrlen', 'type': 'int', 'value': 16}]",1,1
487.041592,7555,7555,7548,1001,4026531840,tsm,ip-10-100-1-217,42,connect,[],3,-114,"[{'name': 'sockfd', 'type': 'int', 'value': 766}, {'name': 'addr', 'type': 'struct sockaddr*', 'value': ""{'sin_port': '22','sin_addr': '192.168.21.35','sa_family': 'AF_INET'}""}, {'name': 'addrlen', 'type': 'int', 'value': 16}]",1,1
487.041614,7555,7555,7548,1001,4026531840,tsm,ip-10-100-1-217,42,connect,[],3,-114,"[{'name': 'sockfd', 'type': 'int', 'value': 767}, {'name': 'addr', 'type': 'struct sockaddr*', 'value': ""{'sin_port': '22','sin_addr': '192.168.21.36','sa_family': 'AF_INET'}""}, {'name': 'addrlen', 'type': 'int', 'value': 16}]",1,1
487.041636,7555,7555,7548,1001,4026531840,tsm,ip-10-100-1-217,42,connect,[],3,-114,"[{'name': 'sockfd', 'type': 'int', 'value': 768}, {'name': 'addr', 'type': 'struct sockaddr*', 'value': ""{'sa_family': 'AF_INET','sin_port': '22','sin_addr': '192.168.21.37'}""}, {'name': 'addrlen', 'type': 'int', 'value': 16}]",1,1
487.041658,7555,7555,7548,1001,4026531840,tsm,ip-10-100-1-217,42,connect,[],3,-114,"[{'name': 'sockfd', 'type': 'int', 'value': 769}, {'name': 'addr', 'type': 'struct sockaddr*', 'value': ""{'sa_family': 'AF_INET','sin_port': '22','sin_addr': '192.168.21.38'}""}, {'name': 'addrlen', 'type': 'int', 'value': 16}]",1,1
487.04168,7555,7555,7548,1001,4026531840,tsm,ip-10-100-1-217,42,connect,[],3,-114,"[{'name': 'sockfd', 'type': 'int', 'value': 770}, {'name': 'addr', 'type': 'struct sockaddr*', 'value': ""{'sin_port': '22','sin_addr': '192.168.21.39','sa_family': 'AF_INET'}""}, {'name': 'addrlen', 'type': 'int', 'value': 16}]",1,1
487.041702,7555,7555,7548,1001,4026531840,tsm,ip-10-100-1-217,42,connect,[],3,-114,"[{'name': 'sockfd', 'type': 'int', 'value': 771}, {'name': 'addr', 'type': 'struct sockaddr*', 'value': ""{'sa_family': 'AF_INET','sin_port': '22','sin_addr': '192.168.21.40'}""}, {'name': 'addrlen', 'type': 'int', 'value': 16}]",1,1
487.041724,7555,7555,7548,1001,4026531840,tsm,ip-10-100-1-217,42,connect,[],3,-114,"[{'name': 'sockfd', 'type': 'int', 'value': 772}, {'name': 'addr', 'type': 'struct sockaddr*', 'value': ""{'sa_family': 'AF_INET','sin_port': '22','sin_addr': '192.168.21.41'}""}, {'name': 'addrlen', 'type': 'int', 'value': 16}]",1,1
487.041746,7555,7555,7548,1001,4026531840,tsm,ip-10-100-1-217,42,connect,[],3,-114,"[{'name': 'sockfd', 'type': 'int', 'value': 773}, {'name': 'addr', 'type': 'struct sockaddr*', 'value': ""{'sa_family': 'AF_INET','sin_port': '22','sin_addr': '192.168.21.42'}""}, {'name': 'addrlen', 'type': 'int', 'value': 16}]",1,1
487.041768,7555,7555,7548,1001,4026531840,tsm,ip-10-100-1-217,42,connect,[],3,-114,"[{'name': 'sockfd', 'type': 'int', 'value': 774}, {'name': 'addr', 'type': 'struct sockaddr*', 'value': ""{'sa_family': 'AF_INET','sin_port': '22','sin_addr': '192.168.21.43'}""}, {'name': 'addrlen', 'type': 'int', 'value': 16}]",1,1
487.041791,7555,7555,7548,1001,4026531840,tsm,ip-10-100-1-217,42,connect,[],3,-114,"[{'name': 'sockfd', 'type': 'int', 'value': 775}, {'name': 'addr', 'type': 'struct sockaddr*', 'value': ""{'sa_family': 'AF_INET','sin_port': '22','sin_addr': '192.168.21.44'}""}, {'name': 'addrlen', 'type': 'int', 'value': 16}]",1,1
487.041813,7555,7555,7548,1001,4026531840,tsm,ip-10-100-1-217,42,connect,[],3,-114,"[{'name': 'sockfd', 'type': 'int', 'value': 776}, {'name': 'addr', 'type': 'struct sockaddr*', 'value': ""{'sa_family': 'AF_INET','sin_port': '22','sin_addr': '192.168.21.45'}""}, {'name': 'addrlen', 'type': 'int', 'value': 16}]",1,1
487.041835,7555,7555,7548,1001,4026531840,tsm,ip-10-100-1-217,42,connect,[],3,-114,"[{'name': 'sockfd', 'type': 'int', 'value': 777}, {'name': 'addr', 'type': 'struct sockaddr*', 'value': ""{'sa_family': 'AF_INET','sin_port': '22','sin_addr': '192.168.21.46'}""}, {'name': 'addrlen', 'type': 'int', 'value': 16}]",1,1
487.041857,7555,7555,7548,1001,4026531840,tsm,ip-10-100-1-217,42,connect,[],3,-114,"[{'name': 'sockfd', 'type': 'int', 'value': 778}, {'name': 'addr', 'type': 'struct sockaddr*', 'value': ""{'sa_family': 'AF_INET','sin_port': '22','sin_addr': '192.168.21.47'}""}, {'name': 'addrlen', 'type': 'int', 'value': 16}]",1,1
487.041879,7555,7555,7548,1001,4026531840,tsm,ip-10-100-1-217,42,connect,[],3,-114,"[{'name': 'sockfd', 'type': 'int', 'value': 779}, {'name': 'addr', 'type': 'struct sockaddr*', 'value': ""{'sa_family': 'AF_INET','sin_port': '22','sin_addr': '192.168.21.48'}""}, {'name': 'addrlen', 'type': 'int', 'value': 16}]",1,1
487.041901,7555,7555,7548,1001,4026531840,tsm,ip-10-100-1-217,42,connect,[],3,-114,"[{'name': 'sockfd', 'type': 'int', 'value': 780}, {'name': 'addr', 'type': 'struct sockaddr*', 'value': ""{'sa_family': 'AF_INET','sin_port': '22','sin_addr': '192.168.21.49'}""}, {'name': 'addrlen', 'type': 'int', 'value': 16}]",1,1
487.041923,7555,7555,7548,1001,4026531840,tsm,ip-10-100-1-217,42,connect,[],3,-114,"[{'name': 'sockfd', 'type': 'int', 'value': 781}, {'name': 'addr', 'type': 'struct sockaddr*', 'value': ""{'sa_family': 'AF_INET','sin_port': '22','sin_addr': '192.168.21.50'}""}, {'name': 'addrlen', 'type': 'int', 'value': 16}]",1,1
487.041945,7555,7555,7548,1001,4026531840,tsm,ip-10-100-1-217,42,connect,[],3,-114,"[{'name': 'sockfd', 'type': 'int', 'value': 782}, {'name': 'addr', 'type': 'struct sockaddr*', 'value': ""{'sin_port': '22','sin_addr': '192.168.21.51','sa_family': 'AF_INET'}""}, {'name': 'addrlen', 'type': 'int', 'value': 16}]",1,1
487.041969,7555,7555,7548,1001,4026531840,tsm,ip-10-100-1-217,42,connect,[],3,-114,"[{'name': 'sockfd', 'type': 'int', 'value': 783}, {'name': 'addr', 'type': 'struct sockaddr*', 'value': ""{'sa_family': 'AF_INET','sin_port': '22','sin_addr': '192.168.21.52'}""}, {'name': 'addrlen', 'type': 'int', 'value': 16}]",1,1
487.041991,7555,7555,7548,1001,4026531840,tsm,ip-10-100-1-217,42,connect,[],3,-114,"[{'name': 'sockfd', 'type': 'int', 'value': 784}, {'name': 'addr', 'type': 'struct sockaddr*', 'value': ""{'sa_family': 'AF_INET','sin_port': '22','sin_addr': '192.168.21.53'}""}, {'name': 'addrlen', 'type': 'int', 'value': 16}]",1,1
487.042013,7555,7555,7548,1001,4026531840,tsm,ip-10-100-1-217,42,connect,[],3,-114,"[{'name': 'sockfd', 'type': 'int', 'value': 785}, {'name': 'addr', 'type': 'struct sockaddr*', 'value': ""{'sa_family': 'AF_INET','sin_port': '22','sin_addr': '192.168.21.54'}""}, {'name': 'addrlen', 'type': 'int', 'value': 16}]",1,1
487.042036,7555,7555,7548,1001,4026531840,tsm,ip-10-100-1-217,42,connect,[],3,-114,"[{'name': 'sockfd', 'type': 'int', 'value': 786}, {'name': 'addr', 'type': 'struct sockaddr*', 'value': ""{'sin_port': '22','sin_addr': '192.168.21.55','sa_family': 'AF_INET'}""}, {'name': 'addrlen', 'type': 'int', 'value': 16}]",1,1
487.042058,7555,7555,7548,1001,4026531840,tsm,ip-10-100-1-217,42,connect,[],3,-114,"[{'name': 'sockfd', 'type': 'int', 'value': 787}, {'name': 'addr', 'type': 'struct sockaddr*', 'value': ""{'sa_family': 'AF_INET','sin_port': '22','sin_addr': '192.168.21.56'}""}, {'name': 'addrlen', 'type': 'int', 'value': 16}]",1,1
487.04208,7555,7555,7548,1001,4026531840,tsm,ip-10-100-1-217,42,connect,[],3,-114,"[{'name': 'sockfd', 'type': 'int', 'value': 788}, {'name': 'addr', 'type': 'struct sockaddr*', 'value': ""{'sa_family': 'AF_INET','sin_port': '22','sin_addr': '192.168.21.57'}""}, {'name': 'addrlen', 'type': 'int', 'value': 16}]",1,1
487.042102,7555,7555,7548,1001,4026531840,tsm,ip-10-100-1-217,42,connect,[],3,-114,"[{'name': 'sockfd', 'type': 'int', 'value': 789}, {'name': 'addr', 'type': 'struct sockaddr*', 'value': ""{'sin_addr': '192.168.21.58','sa_family': 'AF_INET','sin_port': '22'}""}, {'name': 'addrlen', 'type': 'int', 'value': 16}]",1,1
487.042124,7555,7555,7548,1001,4026531840,tsm,ip-10-100-1-217,42,connect,[],3,-114,"[{'name': 'sockfd', 'type': 'int', 'value': 790}, {'name': 'addr', 'type': 'struct sockaddr*', 'value': ""{'sa_family': 'AF_INET','sin_port': '22','sin_addr': '192.168.21.59'}""}, {'name': 'addrlen', 'type': 'int', 'value': 16}]",1,1
487.042146,7555,7555,7548,1001,4026531840,tsm,ip-10-100-1-217,42,connect,[],3,-114,"[{'name': 'sockfd', 'type': 'int', 'value': 791}, {'name': 'addr', 'type': 'struct sockaddr*', 'value': ""{'sin_port': '22','sin_addr': '192.168.21.60','sa_family': 'AF_INET'}""}, {'name': 'addrlen', 'type': 'int', 'value': 16}]",1,1
487.042168,7555,7555,7548,1001,4026531840,tsm,ip-10-100-1-217,42,connect,[],3,-114,"[{'name': 'sockfd', 'type': 'int', 'value': 792}, {'name': 'addr', 'type': 'struct sockaddr*', 'value': ""{'sa_family': 'AF_INET','sin_port': '22','sin_addr': '192.168.21.61'}""}, {'name': 'addrlen', 'type': 'int', 'value': 16}]",1,1
487.04219,7555,7555,7548,1001,4026531840,tsm,ip-10-100-1-217,42,connect,[],3,-114,"[{'name': 'sockfd', 'type': 'int', 'value': 793}, {'name': 'addr', 'type': 'struct sockaddr*', 'value': ""{'sin_addr': '192.168.21.62','sa_family': 'AF_INET','sin_port': '22'}""}, {'name': 'addrlen', 'type': 'int', 'value': 16}]",1,1
487.042212,7555,7555,7548,1001,4026531840,tsm,ip-10-100-1-217,42,connect,[],3,-114,"[{'name': 'sockfd', 'type': 'int', 'value': 794}, {'name': 'addr', 'type': 'struct sockaddr*', 'value': ""{'sa_family': 'AF_INET','sin_port': '22','sin_addr': '192.168.21.63'}""}, {'name': 'addrlen', 'type': 'int', 'value': 16}]",1,1
487.042234,7555,7555,7548,1001,4026531840,tsm,ip-10-100-1-217,42,connect,[],3,-114,"[{'name': 'sockfd', 'type': 'int', 'value': 795}, {'name': 'addr', 'type': 'struct sockaddr*', 'value': ""{'sin_port': '22','sin_addr': '192.168.21.64','sa_family': 'AF_INET'}""}, {'name': 'addrlen', 'type': 'int', 'value': 16}]",1,1
487.042256,7555,7555,7548,1001,4026531840,tsm,ip-10-100-1-217,42,connect,[],3,-114,"[{'name': 'sockfd', 'type': 'int', 'value': 796}, {'name': 'addr', 'type': 'struct sockaddr*', 'value': ""{'sa_family': 'AF_INET','sin_port': '22','sin_addr': '192.168.21.65'}""}, {'name': 'addrlen', 'type': 'int', 'value': 16}]",1,1
487.042278,7555,7555,7548,1001,4026531840,tsm,ip-10-100-1-217,42,connect,[],3,-114,"[{'name': 'sockfd', 'type': 'int', 'value': 797}, {'name': 'addr', 'type': 'struct sockaddr*', 'value': ""{'sa_family': 'AF_INET','sin_port': '22','sin_addr': '192.168.21.66'}""}, {'name': 'addrlen', 'type': 'int', 'value': 16}]",1,1
487.0423,7555,7555,7548,1001,4026531840,tsm,ip-10-100-1-217,42,connect,[],3,-114,"[{'name': 'sockfd', 'type': 'int', 'value': 798}, {'name': 'addr', 'type': 'struct sockaddr*', 'value': ""{'sa_family': 'AF_INET','sin_port': '22','sin_addr': '192.168.21.67'}""}, {'name': 'addrlen', 'type': 'int', 'value': 16}]",1,1
487.042323,7555,7555,7548,1001,4026531840,tsm,ip-10-100-1-217,42,connect,[],3,-114,"[{'name': 'sockfd', 'type': 'int', 'value': 799}, {'name': 'addr', 'type': 'struct sockaddr*', 'value': ""{'sa_family': 'AF_INET','sin_port': '22','sin_addr': '192.168.21.68'}""}, {'name': 'addrlen', 'type': 'int', 'value': 16}]",1,1
487.042345,7555,7555,7548,1001,4026531840,tsm,ip-10-100-1-217,42,connect,[],3,-114,"[{'name': 'sockfd', 'type': 'int', 'value': 800}, {'name': 'addr', 'type': 'struct sockaddr*', 'value': ""{'sin_addr': '192.168.21.69','sa_family': 'AF_INET','sin_port': '22'}""}, {'name': 'addrlen', 'type': 'int', 'value': 16}]",1,1
487.042367,7555,7555,7548,1001,4026531840,tsm,ip-10-100-1-217,42,connect,[],3,-114,"[{'name': 'sockfd', 'type': 'int', 'value': 801}, {'name': 'addr', 'type': 'struct sockaddr*', 'value': ""{'sa_family': 'AF_INET','sin_port': '22','sin_addr': '192.168.21.70'}""}, {'name': 'addrlen', 'type': 'int', 'value': 16}]",1,1
487.042389,7555,7555,7548,1001,4026531840,tsm,ip-10-100-1-217,42,connect,[],3,-114,"[{'name': 'sockfd', 'type': 'int', 'value': 802}, {'name': 'addr', 'type': 'struct sockaddr*', 'value': ""{'sin_addr': '192.168.21.71','sa_family': 'AF_INET','sin_port': '22'}""}, {'name': 'addrlen', 'type': 'int', 'value': 16}]",1,1
487.042411,7555,7555,7548,1001,4026531840,tsm,ip-10-100-1-217,42,connect,[],3,-114,"[{'name': 'sockfd', 'type': 'int', 'value': 803}, {'name': 'addr', 'type': 'struct sockaddr*', 'value': ""{'sa_family': 'AF_INET','sin_port': '22','sin_addr': '192.168.21.72'}""}, {'name': 'addrlen', 'type': 'int', 'value': 16}]",1,1
487.042436,7555,7555,7548,1001,4026531840,tsm,ip-10-100-1-217,42,connect,[],3,-114,"[{'name': 'sockfd', 'type': 'int', 'value': 4}, {'name': 'addr', 'type': 'struct sockaddr*', 'value': ""{'sa_family': 'AF_INET','sin_port': '22','sin_addr': '192.168.21.73'}""}, {'name': 'addrlen', 'type': 'int', 'value': 16}]",1,1
487.044591,7555,7555,7548,1001,4026531840,tsm,ip-10-100-1-217,42,connect,[],3,-114,"[{'name': 'sockfd', 'type': 'int', 'value': 5}, {'name': 'addr', 'type': 'struct sockaddr*', 'value': ""{'sin_addr': '192.168.21.74','sa_family': 'AF_INET','sin_port': '22'}""}, {'name': 'addrlen', 'type': 'int', 'value': 16}]",1,1
487.04462,7555,7555,7548,1001,4026531840,tsm,ip-10-100-1-217,42,connect,[],3,-114,"[{'name': 'sockfd', 'type': 'int', 'value': 6}, {'name': 'addr', 'type': 'struct sockaddr*', 'value': ""{'sin_port': '22','sin_addr': '192.168.21.75','sa_family': 'AF_INET'}""}, {'name': 'addrlen', 'type': 'int', 'value': 16}]",1,1
487.044642,7555,7555,7548,1001,4026531840,tsm,ip-10-100-1-217,42,connect,[],3,-114,"[{'name': 'sockfd', 'type': 'int', 'value': 7}, {'name': 'addr', 'type': 'struct sockaddr*', 'value': ""{'sa_family': 'AF_INET','sin_port': '22','sin_addr': '192.168.21.76'}""}, {'name': 'addrlen', 'type': 'int', 'value': 16}]",1,1
487.044665,7555,7555,7548,1001,4026531840,tsm,ip-10-100-1-217,42,connect,[],3,-114,"[{'name': 'sockfd', 'type': 'int', 'value': 8}, {'name': 'addr', 'type': 'struct sockaddr*', 'value': ""{'sa_family': 'AF_INET','sin_port': '22','sin_addr': '192.168.21.77'}""}, {'name': 'addrlen', 'type': 'int', 'value': 16}]",1,1
487.044687,7555,7555,7548,1001,4026531840,tsm,ip-10-100-1-217,42,connect,[],3,-114,"[{'name': 'sockfd', 'type': 'int', 'value': 9}, {'name': 'addr', 'type': 'struct sockaddr*', 'value': ""{'sin_port': '22','sin_addr': '192.168.21.78','sa_family': 'AF_INET'}""}, {'name': 'addrlen', 'type': 'int', 'value': 16}]",1,1
487.044734,7555,7555,7548,1001,4026531840,tsm,ip-10-100-1-217,42,connect,[],3,-114,"[{'name': 'sockfd', 'type': 'int', 'value': 10}, {'name': 'addr', 'type': 'struct sockaddr*', 'value': ""{'sa_family': 'AF_INET','sin_port': '22','sin_addr': '192.168.21.79'}""}, {'name': 'addrlen', 'type': 'int', 'value': 16}]",1,1
487.044764,7555,7555,7548,1001,4026531840,tsm,ip-10-100-1-217,42,connect,[],3,-114,"[{'name': 'sockfd', 'type': 'int', 'value': 11}, {'name': 'addr', 'type': 'struct sockaddr*', 'value': ""{'sin_addr': '192.168.21.80','sa_family': 'AF_INET','sin_port': '22'}""}, {'name': 'addrlen', 'type': 'int', 'value': 16}]",1,1
487.044791,7555,7555,7548,1001,4026531840,tsm,ip-10-100-1-217,42,connect,[],3,-114,"[{'name': 'sockfd', 'type': 'int', 'value': 12}, {'name': 'addr', 'type': 'struct sockaddr*', 'value': ""{'sin_port': '22','sin_addr': '192.168.21.81','sa_family': 'AF_INET'}""}, {'name': 'addrlen', 'type': 'int', 'value': 16}]",1,1
487.044813,7555,7555,7548,1001,4026531840,tsm,ip-10-100-1-217,42,connect,[],3,-114,"[{'name': 'sockfd', 'type': 'int', 'value': 13}, {'name': 'addr', 'type': 'struct sockaddr*', 'value': ""{'sa_family': 'AF_INET','sin_port': '22','sin_addr': '192.168.21.82'}""}, {'name': 'addrlen', 'type': 'int', 'value': 16}]",1,1
487.044835,7555,7555,7548,1001,4026531840,tsm,ip-10-100-1-217,42,connect,[],3,-114,"[{'name': 'sockfd', 'type': 'int', 'value': 14}, {'name': 'addr', 'type': 'struct sockaddr*', 'value': ""{'sa_family': 'AF_INET','sin_port': '22','sin_addr': '192.168.21.83'}""}, {'name': 'addrlen', 'type': 'int', 'value': 16}]",1,1
487.044857,7555,7555,7548,1001,4026531840,tsm,ip-10-100-1-217,42,connect,[],3,-114,"[{'name': 'sockfd', 'type': 'int', 'value': 15}, {'name': 'addr', 'type': 'struct sockaddr*', 'value': ""{'sa_family': 'AF_INET','sin_port': '22','sin_addr': '192.168.21.84'}""}, {'name': 'addrlen', 'type': 'int', 'value': 16}]",1,1
487.044879,7555,7555,7548,1001,4026531840,tsm,ip-10-100-1-217,42,connect,[],3,-114,"[{'name': 'sockfd', 'type': 'int', 'value': 16}, {'name': 'addr', 'type': 'struct sockaddr*', 'value': ""{'sa_family': 'AF_INET','sin_port': '22','sin_addr': '192.168.21.85'}""}, {'name': 'addrlen', 'type': 'int', 'value': 16}]",1,1
487.044902,7555,7555,7548,1001,4026531840,tsm,ip-10-100-1-217,42,connect,[],3,-114,"[{'name': 'sockfd', 'type': 'int', 'value': 17}, {'name': 'addr', 'type': 'struct sockaddr*', 'value': ""{'sa_family': 'AF_INET','sin_port': '22','sin_addr': '192.168.21.86'}""}, {'name': 'addrlen', 'type': 'int', 'value': 16}]",1,1
487.044924,7555,7555,7548,1001,4026531840,tsm,ip-10-100-1-217,42,connect,[],3,-114,"[{'name': 'sockfd', 'type': 'int', 'value': 18}, {'name': 'addr', 'type': 'struct sockaddr*', 'value': ""{'sa_family': 'AF_INET','sin_port': '22','sin_addr': '192.168.21.87'}""}, {'name': 'addrlen', 'type': 'int', 'value': 16}]",1,1
487.044945,7555,7555,7548,1001,4026531840,tsm,ip-10-100-1-217,42,connect,[],3,-114,"[{'name': 'sockfd', 'type': 'int', 'value': 19}, {'name': 'addr', 'type': 'struct sockaddr*', 'value': ""{'sa_family': 'AF_INET','sin_port': '22','sin_addr': '192.168.21.88'}""}, {'name': 'addrlen', 'type': 'int', 'value': 16}]",1,1
487.044967,7555,7555,7548,1001,4026531840,tsm,ip-10-100-1-217,42,connect,[],3,-114,"[{'name': 'sockfd', 'type': 'int', 'value': 20}, {'name': 'addr', 'type': 'struct sockaddr*', 'value': ""{'sa_family': 'AF_INET','sin_port': '22','sin_addr': '192.168.21.89'}""}, {'name': 'addrlen', 'type': 'int', 'value': 16}]",1,1
487.044989,7555,7555,7548,1001,4026531840,tsm,ip-10-100-1-217,42,connect,[],3,-114,"[{'name': 'sockfd', 'type': 'int', 'value': 21}, {'name': 'addr', 'type': 'struct sockaddr*', 'value': ""{'sa_family': 'AF_INET','sin_port': '22','sin_addr': '192.168.21.90'}""}, {'name': 'addrlen', 'type': 'int', 'value': 16}]",1,1
487.045011,7555,7555,7548,1001,4026531840,tsm,ip-10-100-1-217,42,connect,[],3,-114,"[{'name': 'sockfd', 'type': 'int', 'value': 22}, {'name': 'addr', 'type': 'struct sockaddr*', 'value': ""{'sa_family': 'AF_INET','sin_port': '22','sin_addr': '192.168.21.91'}""}, {'name': 'addrlen', 'type': 'int', 'value': 16}]",1,1
487.045033,7555,7555,7548,1001,4026531840,tsm,ip-10-100-1-217,42,connect,[],3,-114,"[{'name': 'sockfd', 'type': 'int', 'value': 23}, {'name': 'addr', 'type': 'struct sockaddr*', 'value': ""{'sin_addr': '192.168.21.92','sa_family': 'AF_INET','sin_port': '22'}""}, {'name': 'addrlen', 'type': 'int', 'value': 16}]",1,1
487.045055,7555,7555,7548,1001,4026531840,tsm,ip-10-100-1-217,42,connect,[],3,-114,"[{'name': 'sockfd', 'type': 'int', 'value': 24}, {'name': 'addr', 'type': 'struct sockaddr*', 'value': ""{'sa_family': 'AF_INET','sin_port': '22','sin_addr': '192.168.21.93'}""}, {'name': 'addrlen', 'type': 'int', 'value': 16}]",1,1
487.045078,7555,7555,7548,1001,4026531840,tsm,ip-10-100-1-217,42,connect,[],3,-114,"[{'name': 'sockfd', 'type': 'int', 'value': 25}, {'name': 'addr', 'type': 'struct sockaddr*', 'value': ""{'sa_family': 'AF_INET','sin_port': '22','sin_addr': '192.168.21.94'}""}, {'name': 'addrlen', 'type': 'int', 'value': 16}]",1,1
487.0451,7555,7555,7548,1001,4026531840,tsm,ip-10-100-1-217,42,connect,[],3,-114,"[{'name': 'sockfd', 'type': 'int', 'value': 26}, {'name': 'addr', 'type': 'struct sockaddr*', 'value': ""{'sin_addr': '192.168.21.95','sa_family': 'AF_INET','sin_port': '22'}""}, {'name': 'addrlen', 'type': 'int', 'value': 16}]",1,1
487.045122,7555,7555,7548,1001,4026531840,tsm,ip-10-100-1-217,42,connect,[],3,-114,"[{'name': 'sockfd', 'type': 'int', 'value': 27}, {'name': 'addr', 'type': 'struct sockaddr*', 'value': ""{'sa_family': 'AF_INET','sin_port': '22','sin_addr': '192.168.21.96'}""}, {'name': 'addrlen', 'type': 'int', 'value': 16}]",1,1
487.045146,7555,7555,7548,1001,4026531840,tsm,ip-10-100-1-217,42,connect,[],3,-114,"[{'name': 'sockfd', 'type': 'int', 'value': 28}, {'name': 'addr', 'type': 'struct sockaddr*', 'value': ""{'sin_addr': '192.168.21.97','sa_family': 'AF_INET','sin_port': '22'}""}, {'name': 'addrlen', 'type': 'int', 'value': 16}]",1,1
487.045169,7555,7555,7548,1001,4026531840,tsm,ip-10-100-1-217,42,connect,[],3,-114,"[{'name': 'sockfd', 'type': 'int', 'value': 29}, {'name': 'addr', 'type': 'struct sockaddr*', 'value': ""{'sa_family': 'AF_INET','sin_port': '22','sin_addr': '192.168.21.98'}""}, {'name': 'addrlen', 'type': 'int', 'value': 16}]",1,1
487.045191,7555,7555,7548,1001,4026531840,tsm,ip-10-100-1-217,42,connect,[],3,-114,"[{'name': 'sockfd', 'type': 'int', 'value': 30}, {'name': 'addr', 'type': 'struct sockaddr*', 'value': ""{'sa_family': 'AF_INET','sin_port': '22','sin_addr': '192.168.21.99'}""}, {'name': 'addrlen', 'type': 'int', 'value': 16}]",1,1
487.045213,7555,7555,7548,1001,4026531840,tsm,ip-10-100-1-217,42,connect,[],3,-114,"[{'name': 'sockfd', 'type': 'int', 'value': 31}, {'name': 'addr', 'type': 'struct sockaddr*', 'value': ""{'sa_family': 'AF_INET','sin_port': '22','sin_addr': '192.168.21.100'}""}, {'name': 'addrlen', 'type': 'int', 'value': 16}]",1,1
487.045235,7555,7555,7548,1001,4026531840,tsm,ip-10-100-1-217,42,connect,[],3,-114,"[{'name': 'sockfd', 'type': 'int', 'value': 32}, {'name': 'addr', 'type': 'struct sockaddr*', 'value': ""{'sa_family': 'AF_INET','sin_port': '22','sin_addr': '192.168.21.101'}""}, {'name': 'addrlen', 'type': 'int', 'value': 16}]",1,1
487.045257,7555,7555,7548,1001,4026531840,tsm,ip-10-100-1-217,42,connect,[],3,-114,"[{'name': 'sockfd', 'type': 'int', 'value': 33}, {'name': 'addr', 'type': 'struct sockaddr*', 'value': ""{'sa_family': 'AF_INET','sin_port': '22','sin_addr': '192.168.21.102'}""}, {'name': 'addrlen', 'type': 'int', 'value': 16}]",1,1
487.045279,7555,7555,7548,1001,4026531840,tsm,ip-10-100-1-217,42,connect,[],3,-114,"[{'name': 'sockfd', 'type': 'int', 'value': 34}, {'name': 'addr', 'type': 'struct sockaddr*', 'value': ""{'sa_family': 'AF_INET','sin_port': '22','sin_addr': '192.168.21.103'}""}, {'name': 'addrlen', 'type': 'int', 'value': 16}]",1,1
487.045301,7555,7555,7548,1001,4026531840,tsm,ip-10-100-1-217,42,connect,[],3,-114,"[{'name': 'sockfd', 'type': 'int', 'value': 35}, {'name': 'addr', 'type': 'struct sockaddr*', 'value': ""{'sa_family': 'AF_INET','sin_port': '22','sin_addr': '192.168.21.104'}""}, {'name': 'addrlen', 'type': 'int', 'value': 16}]",1,1
487.045323,7555,7555,7548,1001,4026531840,tsm,ip-10-100-1-217,42,connect,[],3,-114,"[{'name': 'sockfd', 'type': 'int', 'value': 36}, {'name': 'addr', 'type': 'struct sockaddr*', 'value': ""{'sa_family': 'AF_INET','sin_port': '22','sin_addr': '192.168.21.105'}""}, {'name': 'addrlen', 'type': 'int', 'value': 16}]",1,1
487.045345,7555,7555,7548,1001,4026531840,tsm,ip-10-100-1-217,42,connect,[],3,-114,"[{'name': 'sockfd', 'type': 'int', 'value': 37}, {'name': 'addr', 'type': 'struct sockaddr*', 'value': ""{'sin_port': '22','sin_addr': '192.168.21.106','sa_family': 'AF_INET'}""}, {'name': 'addrlen', 'type': 'int', 'value': 16}]",1,1
487.045367,7555,7555,7548,1001,4026531840,tsm,ip-10-100-1-217,42,connect,[],3,-114,"[{'name': 'sockfd', 'type': 'int', 'value': 38}, {'name': 'addr', 'type': 'struct sockaddr*', 'value': ""{'sin_addr': '192.168.21.107','sa_family': 'AF_INET','sin_port': '22'}""}, {'name': 'addrlen', 'type': 'int', 'value': 16}]",1,1
487.045389,7555,7555,7548,1001,4026531840,tsm,ip-10-100-1-217,42,connect,[],3,-114,"[{'name': 'sockfd', 'type': 'int', 'value': 39}, {'name': 'addr', 'type': 'struct sockaddr*', 'value': ""{'sa_family': 'AF_INET','sin_port': '22','sin_addr': '192.168.21.108'}""}, {'name': 'addrlen', 'type': 'int', 'value': 16}]",1,1
487.045411,7555,7555,7548,1001,4026531840,tsm,ip-10-100-1-217,42,connect,[],3,-114,"[{'name': 'sockfd', 'type': 'int', 'value': 40}, {'name': 'addr', 'type': 'struct sockaddr*', 'value': ""{'sin_port': '22','sin_addr': '192.168.21.109','sa_family': 'AF_INET'}""}, {'name': 'addrlen', 'type': 'int', 'value': 16}]",1,1
487.045434,7555,7555,7548,1001,4026531840,tsm,ip-10-100-1-217,42,connect,[],3,-114,"[{'name': 'sockfd', 'type': 'int', 'value': 41}, {'name': 'addr', 'type': 'struct sockaddr*', 'value': ""{'sa_family': 'AF_INET','sin_port': '22','sin_addr': '192.168.21.110'}""}, {'name': 'addrlen', 'type': 'int', 'value': 16}]",1,1
487.045456,7555,7555,7548,1001,4026531840,tsm,ip-10-100-1-217,42,connect,[],3,-114,"[{'name': 'sockfd', 'type': 'int', 'value': 42}, {'name': 'addr', 'type': 'struct sockaddr*', 'value': ""{'sa_family': 'AF_INET','sin_port': '22','sin_addr': '192.168.21.111'}""}, {'name': 'addrlen', 'type': 'int', 'value': 16}]",1,1
487.045478,7555,7555,7548,1001,4026531840,tsm,ip-10-100-1-217,42,connect,[],3,-114,"[{'name': 'sockfd', 'type': 'int', 'value': 43}, {'name': 'addr', 'type': 'struct sockaddr*', 'value': ""{'sa_family': 'AF_INET','sin_port': '22','sin_addr': '192.168.21.112'}""}, {'name': 'addrlen', 'type': 'int', 'value': 16}]",1,1
487.0455,7555,7555,7548,1001,4026531840,tsm,ip-10-100-1-217,42,connect,[],3,-114,"[{'name': 'sockfd', 'type': 'int', 'value': 44}, {'name': 'addr', 'type': 'struct sockaddr*', 'value': ""{'sa_family': 'AF_INET','sin_port': '22','sin_addr': '192.168.21.113'}""}, {'name': 'addrlen', 'type': 'int', 'value': 16}]",1,1
487.045522,7555,7555,7548,1001,4026531840,tsm,ip-10-100-1-217,42,connect,[],3,-114,"[{'name': 'sockfd', 'type': 'int', 'value': 45}, {'name': 'addr', 'type': 'struct sockaddr*', 'value': ""{'sa_family': 'AF_INET','sin_port': '22','sin_addr': '192.168.21.114'}""}, {'name': 'addrlen', 'type': 'int', 'value': 16}]",1,1
487.045544,7555,7555,7548,1001,4026531840,tsm,ip-10-100-1-217,42,connect,[],3,-114,"[{'name': 'sockfd', 'type': 'int', 'value': 46}, {'name': 'addr', 'type': 'struct sockaddr*', 'value': ""{'sa_family': 'AF_INET','sin_port': '22','sin_addr': '192.168.21.115'}""}, {'name': 'addrlen', 'type': 'int', 'value': 16}]",1,1
487.045566,7555,7555,7548,1001,4026531840,tsm,ip-10-100-1-217,42,connect,[],3,-114,"[{'name': 'sockfd', 'type': 'int', 'value': 47}, {'name': 'addr', 'type': 'struct sockaddr*', 'value': ""{'sa_family': 'AF_INET','sin_port': '22','sin_addr': '192.168.21.116'}""}, {'name': 'addrlen', 'type': 'int', 'value': 16}]",1,1
487.045589,7555,7555,7548,1001,4026531840,tsm,ip-10-100-1-217,42,connect,[],3,-114,"[{'name': 'sockfd', 'type': 'int', 'value': 48}, {'name': 'addr', 'type': 'struct sockaddr*', 'value': ""{'sa_family': 'AF_INET','sin_port': '22','sin_addr': '192.168.21.117'}""}, {'name': 'addrlen', 'type': 'int', 'value': 16}]",1,1
487.045611,7555,7555,7548,1001,4026531840,tsm,ip-10-100-1-217,42,connect,[],3,-114,"[{'name': 'sockfd', 'type': 'int', 'value': 49}, {'name': 'addr', 'type': 'struct sockaddr*', 'value': ""{'sin_addr': '192.168.21.118','sa_family': 'AF_INET','sin_port': '22'}""}, {'name': 'addrlen', 'type': 'int', 'value': 16}]",1,1
487.045633,7555,7555,7548,1001,4026531840,tsm,ip-10-100-1-217,42,connect,[],3,-114,"[{'name': 'sockfd', 'type': 'int', 'value': 50}, {'name': 'addr', 'type': 'struct sockaddr*', 'value': ""{'sin_port': '22','sin_addr': '192.168.21.119','sa_family': 'AF_INET'}""}, {'name': 'addrlen', 'type': 'int', 'value': 16}]",1,1
487.045655,7555,7555,7548,1001,4026531840,tsm,ip-10-100-1-217,42,connect,[],3,-114,"[{'name': 'sockfd', 'type': 'int', 'value': 51}, {'name': 'addr', 'type': 'struct sockaddr*', 'value': ""{'sa_family': 'AF_INET','sin_port': '22','sin_addr': '192.168.21.120'}""}, {'name': 'addrlen', 'type': 'int', 'value': 16}]",1,1
487.045677,7555,7555,7548,1001,4026531840,tsm,ip-10-100-1-217,42,connect,[],3,-114,"[{'name': 'sockfd', 'type': 'int', 'value': 52}, {'name': 'addr', 'type': 'struct sockaddr*', 'value': ""{'sin_addr': '192.168.21.121','sa_family': 'AF_INET','sin_port': '22'}""}, {'name': 'addrlen', 'type': 'int', 'value': 16}]",1,1
487.045699,7555,7555,7548,1001,4026531840,tsm,ip-10-100-1-217,42,connect,[],3,-114,"[{'name': 'sockfd', 'type': 'int', 'value': 53}, {'name': 'addr', 'type': 'struct sockaddr*', 'value': ""{'sa_family': 'AF_INET','sin_port': '22','sin_addr': '192.168.21.122'}""}, {'name': 'addrlen', 'type': 'int', 'value': 16}]",1,1
487.045721,7555,7555,7548,1001,4026531840,tsm,ip-10-100-1-217,42,connect,[],3,-114,"[{'name': 'sockfd', 'type': 'int', 'value': 54}, {'name': 'addr', 'type': 'struct sockaddr*', 'value': ""{'sa_family': 'AF_INET','sin_port': '22','sin_addr': '192.168.21.123'}""}, {'name': 'addrlen', 'type': 'int', 'value': 16}]",1,1
487.045743,7555,7555,7548,1001,4026531840,tsm,ip-10-100-1-217,42,connect,[],3,-114,"[{'name': 'sockfd', 'type': 'int', 'value': 55}, {'name': 'addr', 'type': 'struct sockaddr*', 'value': ""{'sa_family': 'AF_INET','sin_port': '22','sin_addr': '192.168.21.124'}""}, {'name': 'addrlen', 'type': 'int', 'value': 16}]",1,1
487.045765,7555,7555,7548,1001,4026531840,tsm,ip-10-100-1-217,42,connect,[],3,-114,"[{'name': 'sockfd', 'type': 'int', 'value': 56}, {'name': 'addr', 'type': 'struct sockaddr*', 'value': ""{'sin_port': '22','sin_addr': '192.168.21.125','sa_family': 'AF_INET'}""}, {'name': 'addrlen', 'type': 'int', 'value': 16}]",1,1
487.045787,7555,7555,7548,1001,4026531840,tsm,ip-10-100-1-217,42,connect,[],3,-114,"[{'name': 'sockfd', 'type': 'int', 'value': 57}, {'name': 'addr', 'type': 'struct sockaddr*', 'value': ""{'sa_family': 'AF_INET','sin_port': '22','sin_addr': '192.168.21.126'}""}, {'name': 'addrlen', 'type': 'int', 'value': 16}]",1,1
487.045809,7555,7555,7548,1001,4026531840,tsm,ip-10-100-1-217,42,connect,[],3,-114,"[{'name': 'sockfd', 'type': 'int', 'value': 58}, {'name': 'addr', 'type': 'struct sockaddr*', 'value': ""{'sin_addr': '192.168.21.127','sa_family': 'AF_INET','sin_port': '22'}""}, {'name': 'addrlen', 'type': 'int', 'value': 16}]",1,1
487.045831,7555,7555,7548,1001,4026531840,tsm,ip-10-100-1-217,42,connect,[],3,-114,"[{'name': 'sockfd', 'type': 'int', 'value': 59}, {'name': 'addr', 'type': 'struct sockaddr*', 'value': ""{'sa_family': 'AF_INET','sin_port': '22','sin_addr': '192.168.21.128'}""}, {'name': 'addrlen', 'type': 'int', 'value': 16}]",1,1
487.045853,7555,7555,7548,1001,4026531840,tsm,ip-10-100-1-217,42,connect,[],3,-114,"[{'name': 'sockfd', 'type': 'int', 'value': 60}, {'name': 'addr', 'type': 'struct sockaddr*', 'value': ""{'sin_addr': '192.168.21.129','sa_family': 'AF_INET','sin_port': '22'}""}, {'name': 'addrlen', 'type': 'int', 'value': 16}]",1,1
487.045875,7555,7555,7548,1001,4026531840,tsm,ip-10-100-1-217,42,connect,[],3,-114,"[{'name': 'sockfd', 'type': 'int', 'value': 61}, {'name': 'addr', 'type': 'struct sockaddr*', 'value': ""{'sa_family': 'AF_INET','sin_port': '22','sin_addr': '192.168.21.130'}""}, {'name': 'addrlen', 'type': 'int', 'value': 16}]",1,1
487.045897,7555,7555,7548,1001,4026531840,tsm,ip-10-100-1-217,42,connect,[],3,-114,"[{'name': 'sockfd', 'type': 'int', 'value': 62}, {'name': 'addr', 'type': 'struct sockaddr*', 'value': ""{'sa_family': 'AF_INET','sin_port': '22','sin_addr': '192.168.21.131'}""}, {'name': 'addrlen', 'type': 'int', 'value': 16}]",1,1
487.045919,7555,7555,7548,1001,4026531840,tsm,ip-10-100-1-217,42,connect,[],3,-114,"[{'name': 'sockfd', 'type': 'int', 'value': 63}, {'name': 'addr', 'type': 'struct sockaddr*', 'value': ""{'sa_family': 'AF_INET','sin_port': '22','sin_addr': '192.168.21.132'}""}, {'name': 'addrlen', 'type': 'int', 'value': 16}]",1,1
487.045941,7555,7555,7548,1001,4026531840,tsm,ip-10-100-1-217,42,connect,[],3,-114,"[{'name': 'sockfd', 'type': 'int', 'value': 64}, {'name': 'addr', 'type': 'struct sockaddr*', 'value': ""{'sa_family': 'AF_INET','sin_port': '22','sin_addr': '192.168.21.133'}""}, {'name': 'addrlen', 'type': 'int', 'value': 16}]",1,1
487.045963,7555,7555,7548,1001,4026531840,tsm,ip-10-100-1-217,42,connect,[],3,-114,"[{'name': 'sockfd', 'type': 'int', 'value': 65}, {'name': 'addr', 'type': 'struct sockaddr*', 'value': ""{'sin_addr': '192.168.21.134','sa_family': 'AF_INET','sin_port': '22'}""}, {'name': 'addrlen', 'type': 'int', 'value': 16}]",1,1
487.045985,7555,7555,7548,1001,4026531840,tsm,ip-10-100-1-217,42,connect,[],3,-114,"[{'name': 'sockfd', 'type': 'int', 'value': 66}, {'name': 'addr', 'type': 'struct sockaddr*', 'value': ""{'sa_family': 'AF_INET','sin_port': '22','sin_addr': '192.168.21.135'}""}, {'name': 'addrlen', 'type': 'int', 'value': 16}]",1,1
487.046007,7555,7555,7548,1001,4026531840,tsm,ip-10-100-1-217,42,connect,[],3,-114,"[{'name': 'sockfd', 'type': 'int', 'value': 67}, {'name': 'addr', 'type': 'struct sockaddr*', 'value': ""{'sa_family': 'AF_INET','sin_port': '22','sin_addr': '192.168.21.136'}""}, {'name': 'addrlen', 'type': 'int', 'value': 16}]",1,1
487.046029,7555,7555,7548,1001,4026531840,tsm,ip-10-100-1-217,42,connect,[],3,-114,"[{'name': 'sockfd', 'type': 'int', 'value': 68}, {'name': 'addr', 'type': 'struct sockaddr*', 'value': ""{'sa_family': 'AF_INET','sin_port': '22','sin_addr': '192.168.21.137'}""}, {'name': 'addrlen', 'type': 'int', 'value': 16}]",1,1
487.046051,7555,7555,7548,1001,4026531840,tsm,ip-10-100-1-217,42,connect,[],3,-114,"[{'name': 'sockfd', 'type': 'int', 'value': 69}, {'name': 'addr', 'type': 'struct sockaddr*', 'value': ""{'sa_family': 'AF_INET','sin_port': '22','sin_addr': '192.168.21.138'}""}, {'name': 'addrlen', 'type': 'int', 'value': 16}]",1,1
487.046073,7555,7555,7548,1001,4026531840,tsm,ip-10-100-1-217,42,connect,[],3,-114,"[{'name': 'sockfd', 'type': 'int', 'value': 70}, {'name': 'addr', 'type': 'struct sockaddr*', 'value': ""{'sin_port': '22','sin_addr': '192.168.21.139','sa_family': 'AF_INET'}""}, {'name': 'addrlen', 'type': 'int', 'value': 16}]",1,1
487.046096,7555,7555,7548,1001,4026531840,tsm,ip-10-100-1-217,42,connect,[],3,-114,"[{'name': 'sockfd', 'type': 'int', 'value': 71}, {'name': 'addr', 'type': 'struct sockaddr*', 'value': ""{'sa_family': 'AF_INET','sin_port': '22','sin_addr': '192.168.21.140'}""}, {'name': 'addrlen', 'type': 'int', 'value': 16}]",1,1
487.046118,7555,7555,7548,1001,4026531840,tsm,ip-10-100-1-217,42,connect,[],3,-114,"[{'name': 'sockfd', 'type': 'int', 'value': 72}, {'name': 'addr', 'type': 'struct sockaddr*', 'value': ""{'sa_family': 'AF_INET','sin_port': '22','sin_addr': '192.168.21.141'}""}, {'name': 'addrlen', 'type': 'int', 'value': 16}]",1,1
487.046142,7555,7555,7548,1001,4026531840,tsm,ip-10-100-1-217,42,connect,[],3,-114,"[{'name': 'sockfd', 'type': 'int', 'value': 73}, {'name': 'addr', 'type': 'struct sockaddr*', 'value': ""{'sa_family': 'AF_INET','sin_port': '22','sin_addr': '192.168.21.142'}""}, {'name': 'addrlen', 'type': 'int', 'value': 16}]",1,1
487.046164,7555,7555,7548,1001,4026531840,tsm,ip-10-100-1-217,42,connect,[],3,-114,"[{'name': 'sockfd', 'type': 'int', 'value': 74}, {'name': 'addr', 'type': 'struct sockaddr*', 'value': ""{'sin_port': '22','sin_addr': '192.168.21.143','sa_family': 'AF_INET'}""}, {'name': 'addrlen', 'type': 'int', 'value': 16}]",1,1
487.046186,7555,7555,7548,1001,4026531840,tsm,ip-10-100-1-217,42,connect,[],3,-114,"[{'name': 'sockfd', 'type': 'int', 'value': 75}, {'name': 'addr', 'type': 'struct sockaddr*', 'value': ""{'sa_family': 'AF_INET','sin_port': '22','sin_addr': '192.168.21.144'}""}, {'name': 'addrlen', 'type': 'int', 'value': 16}]",1,1
487.046208,7555,7555,7548,1001,4026531840,tsm,ip-10-100-1-217,42,connect,[],3,-114,"[{'name': 'sockfd', 'type': 'int', 'value': 76}, {'name': 'addr', 'type': 'struct sockaddr*', 'value': ""{'sa_family': 'AF_INET','sin_port': '22','sin_addr': '192.168.21.145'}""}, {'name': 'addrlen', 'type': 'int', 'value': 16}]",1,1
487.04623,7555,7555,7548,1001,4026531840,tsm,ip-10-100-1-217,42,connect,[],3,-114,"[{'name': 'sockfd', 'type': 'int', 'value': 77}, {'name': 'addr', 'type': 'struct sockaddr*', 'value': ""{'sa_family': 'AF_INET','sin_port': '22','sin_addr': '192.168.21.146'}""}, {'name': 'addrlen', 'type': 'int', 'value': 16}]",1,1
487.046252,7555,7555,7548,1001,4026531840,tsm,ip-10-100-1-217,42,connect,[],3,-114,"[{'name': 'sockfd', 'type': 'int', 'value': 78}, {'name': 'addr', 'type': 'struct sockaddr*', 'value': ""{'sa_family': 'AF_INET','sin_port': '22','sin_addr': '192.168.21.147'}""}, {'name': 'addrlen', 'type': 'int', 'value': 16}]",1,1
487.046274,7555,7555,7548,1001,4026531840,tsm,ip-10-100-1-217,42,connect,[],3,-114,"[{'name': 'sockfd', 'type': 'int', 'value': 79}, {'name': 'addr', 'type': 'struct sockaddr*', 'value': ""{'sa_family': 'AF_INET','sin_port': '22','sin_addr': '192.168.21.148'}""}, {'name': 'addrlen', 'type': 'int', 'value': 16}]",1,1
487.046296,7555,7555,7548,1001,4026531840,tsm,ip-10-100-1-217,42,connect,[],3,-114,"[{'name': 'sockfd', 'type': 'int', 'value': 80}, {'name': 'addr', 'type': 'struct sockaddr*', 'value': ""{'sa_family': 'AF_INET','sin_port': '22','sin_addr': '192.168.21.149'}""}, {'name': 'addrlen', 'type': 'int', 'value': 16}]",1,1
487.046318,7555,7555,7548,1001,4026531840,tsm,ip-10-100-1-217,42,connect,[],3,-114,"[{'name': 'sockfd', 'type': 'int', 'value': 81}, {'name': 'addr', 'type': 'struct sockaddr*', 'value': ""{'sa_family': 'AF_INET','sin_port': '22','sin_addr': '192.168.21.150'}""}, {'name': 'addrlen', 'type': 'int', 'value': 16}]",1,1
487.04634,7555,7555,7548,1001,4026531840,tsm,ip-10-100-1-217,42,connect,[],3,-114,"[{'name': 'sockfd', 'type': 'int', 'value': 82}, {'name': 'addr', 'type': 'struct sockaddr*', 'value': ""{'sa_family': 'AF_INET','sin_port': '22','sin_addr': '192.168.21.151'}""}, {'name': 'addrlen', 'type': 'int', 'value': 16}]",1,1
487.046362,7555,7555,7548,1001,4026531840,tsm,ip-10-100-1-217,42,connect,[],3,-114,"[{'name': 'sockfd', 'type': 'int', 'value': 83}, {'name': 'addr', 'type': 'struct sockaddr*', 'value': ""{'sa_family': 'AF_INET','sin_port': '22','sin_addr': '192.168.21.152'}""}, {'name': 'addrlen', 'type': 'int', 'value': 16}]",1,1
487.046384,7555,7555,7548,1001,4026531840,tsm,ip-10-100-1-217,42,connect,[],3,-114,"[{'name': 'sockfd', 'type': 'int', 'value': 84}, {'name': 'addr', 'type': 'struct sockaddr*', 'value': ""{'sa_family': 'AF_INET','sin_port': '22','sin_addr': '192.168.21.153'}""}, {'name': 'addrlen', 'type': 'int', 'value': 16}]",1,1
487.046406,7555,7555,7548,1001,4026531840,tsm,ip-10-100-1-217,42,connect,[],3,-114,"[{'name': 'sockfd', 'type': 'int', 'value': 85}, {'name': 'addr', 'type': 'struct sockaddr*', 'value': ""{'sa_family': 'AF_INET','sin_port': '22','sin_addr': '192.168.21.154'}""}, {'name': 'addrlen', 'type': 'int', 'value': 16}]",1,1
487.046428,7555,7555,7548,1001,4026531840,tsm,ip-10-100-1-217,42,connect,[],3,-114,"[{'name': 'sockfd', 'type': 'int', 'value': 86}, {'name': 'addr', 'type': 'struct sockaddr*', 'value': ""{'sin_port': '22','sin_addr': '192.168.21.155','sa_family': 'AF_INET'}""}, {'name': 'addrlen', 'type': 'int', 'value': 16}]",1,1
487.04645,7555,7555,7548,1001,4026531840,tsm,ip-10-100-1-217,42,connect,[],3,-114,"[{'name': 'sockfd', 'type': 'int', 'value': 87}, {'name': 'addr', 'type': 'struct sockaddr*', 'value': ""{'sa_family': 'AF_INET','sin_port': '22','sin_addr': '192.168.21.156'}""}, {'name': 'addrlen', 'type': 'int', 'value': 16}]",1,1
487.046483,7555,7555,7548,1001,4026531840,tsm,ip-10-100-1-217,42,connect,[],3,-114,"[{'name': 'sockfd', 'type': 'int', 'value': 88}, {'name': 'addr', 'type': 'struct sockaddr*', 'value': ""{'sa_family': 'AF_INET','sin_port': '22','sin_addr': '192.168.21.157'}""}, {'name': 'addrlen', 'type': 'int', 'value': 16}]",1,1
487.046505,7555,7555,7548,1001,4026531840,tsm,ip-10-100-1-217,42,connect,[],3,-114,"[{'name': 'sockfd', 'type': 'int', 'value': 89}, {'name': 'addr', 'type': 'struct sockaddr*', 'value': ""{'sa_family': 'AF_INET','sin_port': '22','sin_addr': '192.168.21.158'}""}, {'name': 'addrlen', 'type': 'int', 'value': 16}]",1,1
487.046527,7555,7555,7548,1001,4026531840,tsm,ip-10-100-1-217,42,connect,[],3,-114,"[{'name': 'sockfd', 'type': 'int', 'value': 90}, {'name': 'addr', 'type': 'struct sockaddr*', 'value': ""{'sin_addr': '192.168.21.159','sa_family': 'AF_INET','sin_port': '22'}""}, {'name': 'addrlen', 'type': 'int', 'value': 16}]",1,1
487.046549,7555,7555,7548,1001,4026531840,tsm,ip-10-100-1-217,42,connect,[],3,-114,"[{'name': 'sockfd', 'type': 'int', 'value': 91}, {'name': 'addr', 'type': 'struct sockaddr*', 'value': ""{'sa_family': 'AF_INET','sin_port': '22','sin_addr': '192.168.21.160'}""}, {'name': 'addrlen', 'type': 'int', 'value': 16}]",1,1
487.046571,7555,7555,7548,1001,4026531840,tsm,ip-10-100-1-217,42,connect,[],3,-114,"[{'name': 'sockfd', 'type': 'int', 'value': 92}, {'name': 'addr', 'type': 'struct sockaddr*', 'value': ""{'sa_family': 'AF_INET','sin_port': '22','sin_addr': '192.168.21.161'}""}, {'name': 'addrlen', 'type': 'int', 'value': 16}]",1,1
487.046593,7555,7555,7548,1001,4026531840,tsm,ip-10-100-1-217,42,connect,[],3,-114,"[{'name': 'sockfd', 'type': 'int', 'value': 93}, {'name': 'addr', 'type': 'struct sockaddr*', 'value': ""{'sa_family': 'AF_INET','sin_port': '22','sin_addr': '192.168.21.162'}""}, {'name': 'addrlen', 'type': 'int', 'value': 16}]",1,1
487.046615,7555,7555,7548,1001,4026531840,tsm,ip-10-100-1-217,42,connect,[],3,-114,"[{'name': 'sockfd', 'type': 'int', 'value': 94}, {'name': 'addr', 'type': 'struct sockaddr*', 'value': ""{'sa_family': 'AF_INET','sin_port': '22','sin_addr': '192.168.21.163'}""}, {'name': 'addrlen', 'type': 'int', 'value': 16}]",1,1
487.046637,7555,7555,7548,1001,4026531840,tsm,ip-10-100-1-217,42,connect,[],3,-114,"[{'name': 'sockfd', 'type': 'int', 'value': 95}, {'name': 'addr', 'type': 'struct sockaddr*', 'value': ""{'sa_family': 'AF_INET','sin_port': '22','sin_addr': '192.168.21.164'}""}, {'name': 'addrlen', 'type': 'int', 'value': 16}]",1,1
487.046659,7555,7555,7548,1001,4026531840,tsm,ip-10-100-1-217,42,connect,[],3,-114,"[{'name': 'sockfd', 'type': 'int', 'value': 96}, {'name': 'addr', 'type': 'struct sockaddr*', 'value': ""{'sa_family': 'AF_INET','sin_port': '22','sin_addr': '192.168.21.165'}""}, {'name': 'addrlen', 'type': 'int', 'value': 16}]",1,1
487.046681,7555,7555,7548,1001,4026531840,tsm,ip-10-100-1-217,42,connect,[],3,-114,"[{'name': 'sockfd', 'type': 'int', 'value': 97}, {'name': 'addr', 'type': 'struct sockaddr*', 'value': ""{'sa_family': 'AF_INET','sin_port': '22','sin_addr': '192.168.21.166'}""}, {'name': 'addrlen', 'type': 'int', 'value': 16}]",1,1
487.046703,7555,7555,7548,1001,4026531840,tsm,ip-10-100-1-217,42,connect,[],3,-114,"[{'name': 'sockfd', 'type': 'int', 'value': 98}, {'name': 'addr', 'type': 'struct sockaddr*', 'value': ""{'sa_family': 'AF_INET','sin_port': '22','sin_addr': '192.168.21.167'}""}, {'name': 'addrlen', 'type': 'int', 'value': 16}]",1,1
487.046725,7555,7555,7548,1001,4026531840,tsm,ip-10-100-1-217,42,connect,[],3,-114,"[{'name': 'sockfd', 'type': 'int', 'value': 99}, {'name': 'addr', 'type': 'struct sockaddr*', 'value': ""{'sa_family': 'AF_INET','sin_port': '22','sin_addr': '192.168.21.168'}""}, {'name': 'addrlen', 'type': 'int', 'value': 16}]",1,1
487.046747,7555,7555,7548,1001,4026531840,tsm,ip-10-100-1-217,42,connect,[],3,-114,"[{'name': 'sockfd', 'type': 'int', 'value': 100}, {'name': 'addr', 'type': 'struct sockaddr*', 'value': ""{'sa_family': 'AF_INET','sin_port': '22','sin_addr': '192.168.21.169'}""}, {'name': 'addrlen', 'type': 'int', 'value': 16}]",1,1
487.046769,7555,7555,7548,1001,4026531840,tsm,ip-10-100-1-217,42,connect,[],3,-114,"[{'name': 'sockfd', 'type': 'int', 'value': 101}, {'name': 'addr', 'type': 'struct sockaddr*', 'value': ""{'sa_family': 'AF_INET','sin_port': '22','sin_addr': '192.168.21.170'}""}, {'name': 'addrlen', 'type': 'int', 'value': 16}]",1,1
487.046791,7555,7555,7548,1001,4026531840,tsm,ip-10-100-1-217,42,connect,[],3,-114,"[{'name': 'sockfd', 'type': 'int', 'value': 102}, {'name': 'addr', 'type': 'struct sockaddr*', 'value': ""{'sa_family': 'AF_INET','sin_port': '22','sin_addr': '192.168.21.171'}""}, {'name': 'addrlen', 'type': 'int', 'value': 16}]",1,1
487.046814,7555,7555,7548,1001,4026531840,tsm,ip-10-100-1-217,42,connect,[],3,-114,"[{'name': 'sockfd', 'type': 'int', 'value': 103}, {'name': 'addr', 'type': 'struct sockaddr*', 'value': ""{'sa_family': 'AF_INET','sin_port': '22','sin_addr': '192.168.21.172'}""}, {'name': 'addrlen', 'type': 'int', 'value': 16}]",1,1
487.046836,7555,7555,7548,1001,4026531840,tsm,ip-10-100-1-217,42,connect,[],3,-114,"[{'name': 'sockfd', 'type': 'int', 'value': 104}, {'name': 'addr', 'type': 'struct sockaddr*', 'value': ""{'sin_port': '22','sin_addr': '192.168.21.173','sa_family': 'AF_INET'}""}, {'name': 'addrlen', 'type': 'int', 'value': 16}]",1,1
487.046858,7555,7555,7548,1001,4026531840,tsm,ip-10-100-1-217,42,connect,[],3,-114,"[{'name': 'sockfd', 'type': 'int', 'value': 105}, {'name': 'addr', 'type': 'struct sockaddr*', 'value': ""{'sin_addr': '192.168.21.174','sa_family': 'AF_INET','sin_port': '22'}""}, {'name': 'addrlen', 'type': 'int', 'value': 16}]",1,1
487.04688,7555,7555,7548,1001,4026531840,tsm,ip-10-100-1-217,42,connect,[],3,-114,"[{'name': 'sockfd', 'type': 'int', 'value': 106}, {'name': 'addr', 'type': 'struct sockaddr*', 'value': ""{'sin_port': '22','sin_addr': '192.168.21.175','sa_family': 'AF_INET'}""}, {'name': 'addrlen', 'type': 'int', 'value': 16}]",1,1
487.046902,7555,7555,7548,1001,4026531840,tsm,ip-10-100-1-217,42,connect,[],3,-114,"[{'name': 'sockfd', 'type': 'int', 'value': 107}, {'name': 'addr', 'type': 'struct sockaddr*', 'value': ""{'sa_family': 'AF_INET','sin_port': '22','sin_addr': '192.168.21.176'}""}, {'name': 'addrlen', 'type': 'int', 'value': 16}]",1,1
487.046923,7555,7555,7548,1001,4026531840,tsm,ip-10-100-1-217,42,connect,[],3,-114,"[{'name': 'sockfd', 'type': 'int', 'value': 108}, {'name': 'addr', 'type': 'struct sockaddr*', 'value': ""{'sa_family': 'AF_INET','sin_port': '22','sin_addr': '192.168.21.177'}""}, {'name': 'addrlen', 'type': 'int', 'value': 16}]",1,1
487.046945,7555,7555,7548,1001,4026531840,tsm,ip-10-100-1-217,42,connect,[],3,-114,"[{'name': 'sockfd', 'type': 'int', 'value': 109}, {'name': 'addr', 'type': 'struct sockaddr*', 'value': ""{'sa_family': 'AF_INET','sin_port': '22','sin_addr': '192.168.21.178'}""}, {'name': 'addrlen', 'type': 'int', 'value': 16}]",1,1
487.046967,7555,7555,7548,1001,4026531840,tsm,ip-10-100-1-217,42,connect,[],3,-114,"[{'name': 'sockfd', 'type': 'int', 'value': 110}, {'name': 'addr', 'type': 'struct sockaddr*', 'value': ""{'sin_addr': '192.168.21.179','sa_family': 'AF_INET','sin_port': '22'}""}, {'name': 'addrlen', 'type': 'int', 'value': 16}]",1,1
487.046989,7555,7555,7548,1001,4026531840,tsm,ip-10-100-1-217,42,connect,[],3,-114,"[{'name': 'sockfd', 'type': 'int', 'value': 111}, {'name': 'addr', 'type': 'struct sockaddr*', 'value': ""{'sin_port': '22','sin_addr': '192.168.21.180','sa_family': 'AF_INET'}""}, {'name': 'addrlen', 'type': 'int', 'value': 16}]",1,1
487.047011,7555,7555,7548,1001,4026531840,tsm,ip-10-100-1-217,42,connect,[],3,-114,"[{'name': 'sockfd', 'type': 'int', 'value': 112}, {'name': 'addr', 'type': 'struct sockaddr*', 'value': ""{'sa_family': 'AF_INET','sin_port': '22','sin_addr': '192.168.21.181'}""}, {'name': 'addrlen', 'type': 'int', 'value': 16}]",1,1
487.047033,7555,7555,7548,1001,4026531840,tsm,ip-10-100-1-217,42,connect,[],3,-114,"[{'name': 'sockfd', 'type': 'int', 'value': 113}, {'name': 'addr', 'type': 'struct sockaddr*', 'value': ""{'sa_family': 'AF_INET','sin_port': '22','sin_addr': '192.168.21.182'}""}, {'name': 'addrlen', 'type': 'int', 'value': 16}]",1,1
487.047056,7555,7555,7548,1001,4026531840,tsm,ip-10-100-1-217,42,connect,[],3,-114,"[{'name': 'sockfd', 'type': 'int', 'value': 114}, {'name': 'addr', 'type': 'struct sockaddr*', 'value': ""{'sa_family': 'AF_INET','sin_port': '22','sin_addr': '192.168.21.183'}""}, {'name': 'addrlen', 'type': 'int', 'value': 16}]",1,1
487.047078,7555,7555,7548,1001,4026531840,tsm,ip-10-100-1-217,42,connect,[],3,-114,"[{'name': 'sockfd', 'type': 'int', 'value': 115}, {'name': 'addr', 'type': 'struct sockaddr*', 'value': ""{'sa_family': 'AF_INET','sin_port': '22','sin_addr': '192.168.21.184'}""}, {'name': 'addrlen', 'type': 'int', 'value': 16}]",1,1
487.0471,7555,7555,7548,1001,4026531840,tsm,ip-10-100-1-217,42,connect,[],3,-114,"[{'name': 'sockfd', 'type': 'int', 'value': 116}, {'name': 'addr', 'type': 'struct sockaddr*', 'value': ""{'sa_family': 'AF_INET','sin_port': '22','sin_addr': '192.168.21.185'}""}, {'name': 'addrlen', 'type': 'int', 'value': 16}]",1,1
487.047122,7555,7555,7548,1001,4026531840,tsm,ip-10-100-1-217,42,connect,[],3,-114,"[{'name': 'sockfd', 'type': 'int', 'value': 117}, {'name': 'addr', 'type': 'struct sockaddr*', 'value': ""{'sa_family': 'AF_INET','sin_port': '22','sin_addr': '192.168.21.186'}""}, {'name': 'addrlen', 'type': 'int', 'value': 16}]",1,1
487.047144,7555,7555,7548,1001,4026531840,tsm,ip-10-100-1-217,42,connect,[],3,-114,"[{'name': 'sockfd', 'type': 'int', 'value': 118}, {'name': 'addr', 'type': 'struct sockaddr*', 'value': ""{'sa_family': 'AF_INET','sin_port': '22','sin_addr': '192.168.21.187'}""}, {'name': 'addrlen', 'type': 'int', 'value': 16}]",1,1
487.047165,7555,7555,7548,1001,4026531840,tsm,ip-10-100-1-217,42,connect,[],3,-114,"[{'name': 'sockfd', 'type': 'int', 'value': 119}, {'name': 'addr', 'type': 'struct sockaddr*', 'value': ""{'sa_family': 'AF_INET','sin_port': '22','sin_addr': '192.168.21.188'}""}, {'name': 'addrlen', 'type': 'int', 'value': 16}]",1,1
487.047187,7555,7555,7548,1001,4026531840,tsm,ip-10-100-1-217,42,connect,[],3,-114,"[{'name': 'sockfd', 'type': 'int', 'value': 120}, {'name': 'addr', 'type': 'struct sockaddr*', 'value': ""{'sa_family': 'AF_INET','sin_port': '22','sin_addr': '192.168.21.189'}""}, {'name': 'addrlen', 'type': 'int', 'value': 16}]",1,1
487.047209,7555,7555,7548,1001,4026531840,tsm,ip-10-100-1-217,42,connect,[],3,-114,"[{'name': 'sockfd', 'type': 'int', 'value': 121}, {'name': 'addr', 'type': 'struct sockaddr*', 'value': ""{'sin_addr': '192.168.21.190','sa_family': 'AF_INET','sin_port': '22'}""}, {'name': 'addrlen', 'type': 'int', 'value': 16}]",1,1
487.047231,7555,7555,7548,1001,4026531840,tsm,ip-10-100-1-217,42,connect,[],3,-114,"[{'name': 'sockfd', 'type': 'int', 'value': 122}, {'name': 'addr', 'type': 'struct sockaddr*', 'value': ""{'sa_family': 'AF_INET','sin_port': '22','sin_addr': '192.168.21.191'}""}, {'name': 'addrlen', 'type': 'int', 'value': 16}]",1,1
487.047253,7555,7555,7548,1001,4026531840,tsm,ip-10-100-1-217,42,connect,[],3,-114,"[{'name': 'sockfd', 'type': 'int', 'value': 123}, {'name': 'addr', 'type': 'struct sockaddr*', 'value': ""{'sa_family': 'AF_INET','sin_port': '22','sin_addr': '192.168.21.192'}""}, {'name': 'addrlen', 'type': 'int', 'value': 16}]",1,1
487.047275,7555,7555,7548,1001,4026531840,tsm,ip-10-100-1-217,42,connect,[],3,-114,"[{'name': 'sockfd', 'type': 'int', 'value': 124}, {'name': 'addr', 'type': 'struct sockaddr*', 'value': ""{'sin_port': '22','sin_addr': '192.168.21.193','sa_family': 'AF_INET'}""}, {'name': 'addrlen', 'type': 'int', 'value': 16}]",1,1
487.047297,7555,7555,7548,1001,4026531840,tsm,ip-10-100-1-217,42,connect,[],3,-114,"[{'name': 'sockfd', 'type': 'int', 'value': 125}, {'name': 'addr', 'type': 'struct sockaddr*', 'value': ""{'sa_family': 'AF_INET','sin_port': '22','sin_addr': '192.168.21.194'}""}, {'name': 'addrlen', 'type': 'int', 'value': 16}]",1,1
487.047319,7555,7555,7548,1001,4026531840,tsm,ip-10-100-1-217,42,connect,[],3,-114,"[{'name': 'sockfd', 'type': 'int', 'value': 126}, {'name': 'addr', 'type': 'struct sockaddr*', 'value': ""{'sa_family': 'AF_INET','sin_port': '22','sin_addr': '192.168.21.195'}""}, {'name': 'addrlen', 'type': 'int', 'value': 16}]",1,1
487.047341,7555,7555,7548,1001,4026531840,tsm,ip-10-100-1-217,42,connect,[],3,-114,"[{'name': 'sockfd', 'type': 'int', 'value': 127}, {'name': 'addr', 'type': 'struct sockaddr*', 'value': ""{'sa_family': 'AF_INET','sin_port': '22','sin_addr': '192.168.21.196'}""}, {'name': 'addrlen', 'type': 'int', 'value': 16}]",1,1
487.047363,7555,7555,7548,1001,4026531840,tsm,ip-10-100-1-217,42,connect,[],3,-114,"[{'name': 'sockfd', 'type': 'int', 'value': 128}, {'name': 'addr', 'type': 'struct sockaddr*', 'value': ""{'sin_addr': '192.168.21.197','sa_family': 'AF_INET','sin_port': '22'}""}, {'name': 'addrlen', 'type': 'int', 'value': 16}]",1,1
487.047385,7555,7555,7548,1001,4026531840,tsm,ip-10-100-1-217,42,connect,[],3,-114,"[{'name': 'sockfd', 'type': 'int', 'value': 129}, {'name': 'addr', 'type': 'struct sockaddr*', 'value': ""{'sin_port': '22','sin_addr': '192.168.21.198','sa_family': 'AF_INET'}""}, {'name': 'addrlen', 'type': 'int', 'value': 16}]",1,1
487.047407,7555,7555,7548,1001,4026531840,tsm,ip-10-100-1-217,42,connect,[],3,-114,"[{'name': 'sockfd', 'type': 'int', 'value': 130}, {'name': 'addr', 'type': 'struct sockaddr*', 'value': ""{'sa_family': 'AF_INET','sin_port': '22','sin_addr': '192.168.21.199'}""}, {'name': 'addrlen', 'type': 'int', 'value': 16}]",1,1
487.047429,7555,7555,7548,1001,4026531840,tsm,ip-10-100-1-217,42,connect,[],3,-114,"[{'name': 'sockfd', 'type': 'int', 'value': 131}, {'name': 'addr', 'type': 'struct sockaddr*', 'value': ""{'sa_family': 'AF_INET','sin_port': '22','sin_addr': '192.168.21.200'}""}, {'name': 'addrlen', 'type': 'int', 'value': 16}]",1,1
487.047451,7555,7555,7548,1001,4026531840,tsm,ip-10-100-1-217,42,connect,[],3,-114,"[{'name': 'sockfd', 'type': 'int', 'value': 132}, {'name': 'addr', 'type': 'struct sockaddr*', 'value': ""{'sa_family': 'AF_INET','sin_port': '22','sin_addr': '192.168.21.201'}""}, {'name': 'addrlen', 'type': 'int', 'value': 16}]",1,1
487.047473,7555,7555,7548,1001,4026531840,tsm,ip-10-100-1-217,42,connect,[],3,-114,"[{'name': 'sockfd', 'type': 'int', 'value': 133}, {'name': 'addr', 'type': 'struct sockaddr*', 'value': ""{'sin_port': '22','sin_addr': '192.168.21.202','sa_family': 'AF_INET'}""}, {'name': 'addrlen', 'type': 'int', 'value': 16}]",1,1
487.047495,7555,7555,7548,1001,4026531840,tsm,ip-10-100-1-217,42,connect,[],3,-114,"[{'name': 'sockfd', 'type': 'int', 'value': 134}, {'name': 'addr', 'type': 'struct sockaddr*', 'value': ""{'sa_family': 'AF_INET','sin_port': '22','sin_addr': '192.168.21.203'}""}, {'name': 'addrlen', 'type': 'int', 'value': 16}]",1,1
487.047519,7555,7555,7548,1001,4026531840,tsm,ip-10-100-1-217,42,connect,[],3,-114,"[{'name': 'sockfd', 'type': 'int', 'value': 135}, {'name': 'addr', 'type': 'struct sockaddr*', 'value': ""{'sin_port': '22','sin_addr': '192.168.21.204','sa_family': 'AF_INET'}""}, {'name': 'addrlen', 'type': 'int', 'value': 16}]",1,1
487.047541,7555,7555,7548,1001,4026531840,tsm,ip-10-100-1-217,42,connect,[],3,-114,"[{'name': 'sockfd', 'type': 'int', 'value': 136}, {'name': 'addr', 'type': 'struct sockaddr*', 'value': ""{'sin_addr': '192.168.21.205','sa_family': 'AF_INET','sin_port': '22'}""}, {'name': 'addrlen', 'type': 'int', 'value': 16}]",1,1
487.047563,7555,7555,7548,1001,4026531840,tsm,ip-10-100-1-217,42,connect,[],3,-114,"[{'name': 'sockfd', 'type': 'int', 'value': 137}, {'name': 'addr', 'type': 'struct sockaddr*', 'value': ""{'sa_family': 'AF_INET','sin_port': '22','sin_addr': '192.168.21.206'}""}, {'name': 'addrlen', 'type': 'int', 'value': 16}]",1,1
487.047586,7555,7555,7548,1001,4026531840,tsm,ip-10-100-1-217,42,connect,[],3,-114,"[{'name': 'sockfd', 'type': 'int', 'value': 138}, {'name': 'addr', 'type': 'struct sockaddr*', 'value': ""{'sa_family': 'AF_INET','sin_port': '22','sin_addr': '192.168.21.207'}""}, {'name': 'addrlen', 'type': 'int', 'value': 16}]",1,1
487.047608,7555,7555,7548,1001,4026531840,tsm,ip-10-100-1-217,42,connect,[],3,-114,"[{'name': 'sockfd', 'type': 'int', 'value': 139}, {'name': 'addr', 'type': 'struct sockaddr*', 'value': ""{'sa_family': 'AF_INET','sin_port': '22','sin_addr': '192.168.21.208'}""}, {'name': 'addrlen', 'type': 'int', 'value': 16}]",1,1
487.04763,7555,7555,7548,1001,4026531840,tsm,ip-10-100-1-217,42,connect,[],3,-114,"[{'name': 'sockfd', 'type': 'int', 'value': 140}, {'name': 'addr', 'type': 'struct sockaddr*', 'value': ""{'sa_family': 'AF_INET','sin_port': '22','sin_addr': '192.168.21.209'}""}, {'name': 'addrlen', 'type': 'int', 'value': 16}]",1,1
487.047652,7555,7555,7548,1001,4026531840,tsm,ip-10-100-1-217,42,connect,[],3,-114,"[{'name': 'sockfd', 'type': 'int', 'value': 141}, {'name': 'addr', 'type': 'struct sockaddr*', 'value': ""{'sa_family': 'AF_INET','sin_port': '22','sin_addr': '192.168.21.210'}""}, {'name': 'addrlen', 'type': 'int', 'value': 16}]",1,1
487.047674,7555,7555,7548,1001,4026531840,tsm,ip-10-100-1-217,42,connect,[],3,-114,"[{'name': 'sockfd', 'type': 'int', 'value': 142}, {'name': 'addr', 'type': 'struct sockaddr*', 'value': ""{'sa_family': 'AF_INET','sin_port': '22','sin_addr': '192.168.21.211'}""}, {'name': 'addrlen', 'type': 'int', 'value': 16}]",1,1
487.047696,7555,7555,7548,1001,4026531840,tsm,ip-10-100-1-217,42,connect,[],3,-114,"[{'name': 'sockfd', 'type': 'int', 'value': 143}, {'name': 'addr', 'type': 'struct sockaddr*', 'value': ""{'sa_family': 'AF_INET','sin_port': '22','sin_addr': '192.168.21.212'}""}, {'name': 'addrlen', 'type': 'int', 'value': 16}]",1,1
487.047718,7555,7555,7548,1001,4026531840,tsm,ip-10-100-1-217,42,connect,[],3,-114,"[{'name': 'sockfd', 'type': 'int', 'value': 144}, {'name': 'addr', 'type': 'struct sockaddr*', 'value': ""{'sa_family': 'AF_INET','sin_port': '22','sin_addr': '192.168.21.213'}""}, {'name': 'addrlen', 'type': 'int', 'value': 16}]",1,1
487.04774,7555,7555,7548,1001,4026531840,tsm,ip-10-100-1-217,42,connect,[],3,-114,"[{'name': 'sockfd', 'type': 'int', 'value': 145}, {'name': 'addr', 'type': 'struct sockaddr*', 'value': ""{'sin_port': '22','sin_addr': '192.168.21.214','sa_family': 'AF_INET'}""}, {'name': 'addrlen', 'type': 'int', 'value': 16}]",1,1
487.047762,7555,7555,7548,1001,4026531840,tsm,ip-10-100-1-217,42,connect,[],3,-114,"[{'name': 'sockfd', 'type': 'int', 'value': 146}, {'name': 'addr', 'type': 'struct sockaddr*', 'value': ""{'sa_family': 'AF_INET','sin_port': '22','sin_addr': '192.168.21.215'}""}, {'name': 'addrlen', 'type': 'int', 'value': 16}]",1,1
487.047784,7555,7555,7548,1001,4026531840,tsm,ip-10-100-1-217,42,connect,[],3,-114,"[{'name': 'sockfd', 'type': 'int', 'value': 147}, {'name': 'addr', 'type': 'struct sockaddr*', 'value': ""{'sa_family': 'AF_INET','sin_port': '22','sin_addr': '192.168.21.216'}""}, {'name': 'addrlen', 'type': 'int', 'value': 16}]",1,1
487.047806,7555,7555,7548,1001,4026531840,tsm,ip-10-100-1-217,42,connect,[],3,-114,"[{'name': 'sockfd', 'type': 'int', 'value': 148}, {'name': 'addr', 'type': 'struct sockaddr*', 'value': ""{'sa_family': 'AF_INET','sin_port': '22','sin_addr': '192.168.21.217'}""}, {'name': 'addrlen', 'type': 'int', 'value': 16}]",1,1
487.047828,7555,7555,7548,1001,4026531840,tsm,ip-10-100-1-217,42,connect,[],3,-114,"[{'name': 'sockfd', 'type': 'int', 'value': 149}, {'name': 'addr', 'type': 'struct sockaddr*', 'value': ""{'sa_family': 'AF_INET','sin_port': '22','sin_addr': '192.168.21.218'}""}, {'name': 'addrlen', 'type': 'int', 'value': 16}]",1,1
487.04785,7555,7555,7548,1001,4026531840,tsm,ip-10-100-1-217,42,connect,[],3,-114,"[{'name': 'sockfd', 'type': 'int', 'value': 150}, {'name': 'addr', 'type': 'struct sockaddr*', 'value': ""{'sa_family': 'AF_INET','sin_port': '22','sin_addr': '192.168.21.219'}""}, {'name': 'addrlen', 'type': 'int', 'value': 16}]",1,1
487.047872,7555,7555,7548,1001,4026531840,tsm,ip-10-100-1-217,42,connect,[],3,-114,"[{'name': 'sockfd', 'type': 'int', 'value': 151}, {'name': 'addr', 'type': 'struct sockaddr*', 'value': ""{'sa_family': 'AF_INET','sin_port': '22','sin_addr': '192.168.21.220'}""}, {'name': 'addrlen', 'type': 'int', 'value': 16}]",1,1
487.047894,7555,7555,7548,1001,4026531840,tsm,ip-10-100-1-217,42,connect,[],3,-114,"[{'name': 'sockfd', 'type': 'int', 'value': 152}, {'name': 'addr', 'type': 'struct sockaddr*', 'value': ""{'sin_port': '22','sin_addr': '192.168.21.221','sa_family': 'AF_INET'}""}, {'name': 'addrlen', 'type': 'int', 'value': 16}]",1,1
487.047916,7555,7555,7548,1001,4026531840,tsm,ip-10-100-1-217,42,connect,[],3,-114,"[{'name': 'sockfd', 'type': 'int', 'value': 153}, {'name': 'addr', 'type': 'struct sockaddr*', 'value': ""{'sin_port': '22','sin_addr': '192.168.21.222','sa_family': 'AF_INET'}""}, {'name': 'addrlen', 'type': 'int', 'value': 16}]",1,1
487.047938,7555,7555,7548,1001,4026531840,tsm,ip-10-100-1-217,42,connect,[],3,-114,"[{'name': 'sockfd', 'type': 'int', 'value': 154}, {'name': 'addr', 'type': 'struct sockaddr*', 'value': ""{'sa_family': 'AF_INET','sin_port': '22','sin_addr': '192.168.21.223'}""}, {'name': 'addrlen', 'type': 'int', 'value': 16}]",1,1
487.04796,7555,7555,7548,1001,4026531840,tsm,ip-10-100-1-217,42,connect,[],3,-114,"[{'name': 'sockfd', 'type': 'int', 'value': 155}, {'name': 'addr', 'type': 'struct sockaddr*', 'value': ""{'sa_family': 'AF_INET','sin_port': '22','sin_addr': '192.168.21.224'}""}, {'name': 'addrlen', 'type': 'int', 'value': 16}]",1,1
487.047982,7555,7555,7548,1001,4026531840,tsm,ip-10-100-1-217,42,connect,[],3,-114,"[{'name': 'sockfd', 'type': 'int', 'value': 156}, {'name': 'addr', 'type': 'struct sockaddr*', 'value': ""{'sa_family': 'AF_INET','sin_port': '22','sin_addr': '192.168.21.225'}""}, {'name': 'addrlen', 'type': 'int', 'value': 16}]",1,1
487.048004,7555,7555,7548,1001,4026531840,tsm,ip-10-100-1-217,42,connect,[],3,-114,"[{'name': 'sockfd', 'type': 'int', 'value': 157}, {'name': 'addr', 'type': 'struct sockaddr*', 'value': ""{'sa_family': 'AF_INET','sin_port': '22','sin_addr': '192.168.21.226'}""}, {'name': 'addrlen', 'type': 'int', 'value': 16}]",1,1
487.048026,7555,7555,7548,1001,4026531840,tsm,ip-10-100-1-217,42,connect,[],3,-114,"[{'name': 'sockfd', 'type': 'int', 'value': 158}, {'name': 'addr', 'type': 'struct sockaddr*', 'value': ""{'sa_family': 'AF_INET','sin_port': '22','sin_addr': '192.168.21.227'}""}, {'name': 'addrlen', 'type': 'int', 'value': 16}]",1,1
487.048048,7555,7555,7548,1001,4026531840,tsm,ip-10-100-1-217,42,connect,[],3,-114,"[{'name': 'sockfd', 'type': 'int', 'value': 159}, {'name': 'addr', 'type': 'struct sockaddr*', 'value': ""{'sin_port': '22','sin_addr': '192.168.21.228','sa_family': 'AF_INET'}""}, {'name': 'addrlen', 'type': 'int', 'value': 16}]",1,1
487.04807,7555,7555,7548,1001,4026531840,tsm,ip-10-100-1-217,42,connect,[],3,-114,"[{'name': 'sockfd', 'type': 'int', 'value': 160}, {'name': 'addr', 'type': 'struct sockaddr*', 'value': ""{'sin_port': '22','sin_addr': '192.168.21.229','sa_family': 'AF_INET'}""}, {'name': 'addrlen', 'type': 'int', 'value': 16}]",1,1
487.048093,7555,7555,7548,1001,4026531840,tsm,ip-10-100-1-217,42,connect,[],3,-114,"[{'name': 'sockfd', 'type': 'int', 'value': 161}, {'name': 'addr', 'type': 'struct sockaddr*', 'value': ""{'sin_port': '22','sin_addr': '192.168.21.230','sa_family': 'AF_INET'}""}, {'name': 'addrlen', 'type': 'int', 'value': 16}]",1,1
487.048115,7555,7555,7548,1001,4026531840,tsm,ip-10-100-1-217,42,connect,[],3,-114,"[{'name': 'sockfd', 'type': 'int', 'value': 162}, {'name': 'addr', 'type': 'struct sockaddr*', 'value': ""{'sin_port': '22','sin_addr': '192.168.21.231','sa_family': 'AF_INET'}""}, {'name': 'addrlen', 'type': 'int', 'value': 16}]",1,1
487.048137,7555,7555,7548,1001,4026531840,tsm,ip-10-100-1-217,42,connect,[],3,-114,"[{'name': 'sockfd', 'type': 'int', 'value': 163}, {'name': 'addr', 'type': 'struct sockaddr*', 'value': ""{'sin_port': '22','sin_addr': '192.168.21.232','sa_family': 'AF_INET'}""}, {'name': 'addrlen', 'type': 'int', 'value': 16}]",1,1
487.048159,7555,7555,7548,1001,4026531840,tsm,ip-10-100-1-217,42,connect,[],3,-114,"[{'name': 'sockfd', 'type': 'int', 'value': 164}, {'name': 'addr', 'type': 'struct sockaddr*', 'value': ""{'sin_port': '22','sin_addr': '192.168.21.233','sa_family': 'AF_INET'}""}, {'name': 'addrlen', 'type': 'int', 'value': 16}]",1,1
487.048181,7555,7555,7548,1001,4026531840,tsm,ip-10-100-1-217,42,connect,[],3,-114,"[{'name': 'sockfd', 'type': 'int', 'value': 165}, {'name': 'addr', 'type': 'struct sockaddr*', 'value': ""{'sin_port': '22','sin_addr': '192.168.21.234','sa_family': 'AF_INET'}""}, {'name': 'addrlen', 'type': 'int', 'value': 16}]",1,1
487.048203,7555,7555,7548,1001,4026531840,tsm,ip-10-100-1-217,42,connect,[],3,-114,"[{'name': 'sockfd', 'type': 'int', 'value': 166}, {'name': 'addr', 'type': 'struct sockaddr*', 'value': ""{'sa_family': 'AF_INET','sin_port': '22','sin_addr': '192.168.21.235'}""}, {'name': 'addrlen', 'type': 'int', 'value': 16}]",1,1
487.048225,7555,7555,7548,1001,4026531840,tsm,ip-10-100-1-217,42,connect,[],3,-114,"[{'name': 'sockfd', 'type': 'int', 'value': 167}, {'name': 'addr', 'type': 'struct sockaddr*', 'value': ""{'sa_family': 'AF_INET','sin_port': '22','sin_addr': '192.168.21.236'}""}, {'name': 'addrlen', 'type': 'int', 'value': 16}]",1,1
487.048247,7555,7555,7548,1001,4026531840,tsm,ip-10-100-1-217,42,connect,[],3,-114,"[{'name': 'sockfd', 'type': 'int', 'value': 168}, {'name': 'addr', 'type': 'struct sockaddr*', 'value': ""{'sa_family': 'AF_INET','sin_port': '22','sin_addr': '192.168.21.237'}""}, {'name': 'addrlen', 'type': 'int', 'value': 16}]",1,1
487.048269,7555,7555,7548,1001,4026531840,tsm,ip-10-100-1-217,42,connect,[],3,-114,"[{'name': 'sockfd', 'type': 'int', 'value': 169}, {'name': 'addr', 'type': 'struct sockaddr*', 'value': ""{'sa_family': 'AF_INET','sin_port': '22','sin_addr': '192.168.21.238'}""}, {'name': 'addrlen', 'type': 'int', 'value': 16}]",1,1
487.048291,7555,7555,7548,1001,4026531840,tsm,ip-10-100-1-217,42,connect,[],3,-114,"[{'name': 'sockfd', 'type': 'int', 'value': 170}, {'name': 'addr', 'type': 'struct sockaddr*', 'value': ""{'sa_family': 'AF_INET','sin_port': '22','sin_addr': '192.168.21.239'}""}, {'name': 'addrlen', 'type': 'int', 'value': 16}]",1,1
487.048313,7555,7555,7548,1001,4026531840,tsm,ip-10-100-1-217,42,connect,[],3,-114,"[{'name': 'sockfd', 'type': 'int', 'value': 171}, {'name': 'addr', 'type': 'struct sockaddr*', 'value': ""{'sa_family': 'AF_INET','sin_port': '22','sin_addr': '192.168.21.240'}""}, {'name': 'addrlen', 'type': 'int', 'value': 16}]",1,1
487.048335,7555,7555,7548,1001,4026531840,tsm,ip-10-100-1-217,42,connect,[],3,-114,"[{'name': 'sockfd', 'type': 'int', 'value': 172}, {'name': 'addr', 'type': 'struct sockaddr*', 'value': ""{'sa_family': 'AF_INET','sin_port': '22','sin_addr': '192.168.21.241'}""}, {'name': 'addrlen', 'type': 'int', 'value': 16}]",1,1
487.048357,7555,7555,7548,1001,4026531840,tsm,ip-10-100-1-217,42,connect,[],3,-114,"[{'name': 'sockfd', 'type': 'int', 'value': 173}, {'name': 'addr', 'type': 'struct sockaddr*', 'value': ""{'sa_family': 'AF_INET','sin_port': '22','sin_addr': '192.168.21.242'}""}, {'name': 'addrlen', 'type': 'int', 'value': 16}]",1,1
487.048379,7555,7555,7548,1001,4026531840,tsm,ip-10-100-1-217,42,connect,[],3,-114,"[{'name': 'sockfd', 'type': 'int', 'value': 174}, {'name': 'addr', 'type': 'struct sockaddr*', 'value': ""{'sa_family': 'AF_INET','sin_port': '22','sin_addr': '192.168.21.243'}""}, {'name': 'addrlen', 'type': 'int', 'value': 16}]",1,1
487.048414,7555,7555,7548,1001,4026531840,tsm,ip-10-100-1-217,42,connect,[],3,-114,"[{'name': 'sockfd', 'type': 'int', 'value': 175}, {'name': 'addr', 'type': 'struct sockaddr*', 'value': ""{'sa_family': 'AF_INET','sin_port': '22','sin_addr': '192.168.21.244'}""}, {'name': 'addrlen', 'type': 'int', 'value': 16}]",1,1
487.048435,7555,7555,7548,1001,4026531840,tsm,ip-10-100-1-217,42,connect,[],3,-114,"[{'name': 'sockfd', 'type': 'int', 'value': 176}, {'name': 'addr', 'type': 'struct sockaddr*', 'value': ""{'sa_family': 'AF_INET','sin_port': '22','sin_addr': '192.168.21.245'}""}, {'name': 'addrlen', 'type': 'int', 'value': 16}]",1,1
487.048456,7555,7555,7548,1001,4026531840,tsm,ip-10-100-1-217,42,connect,[],3,-114,"[{'name': 'sockfd', 'type': 'int', 'value': 177}, {'name': 'addr', 'type': 'struct sockaddr*', 'value': ""{'sa_family': 'AF_INET','sin_port': '22','sin_addr': '192.168.18.211'}""}, {'name': 'addrlen', 'type': 'int', 'value': 16}]",1,1
487.048478,7555,7555,7548,1001,4026531840,tsm,ip-10-100-1-217,42,connect,[],3,-114,"[{'name': 'sockfd', 'type': 'int', 'value': 178}, {'name': 'addr', 'type': 'struct sockaddr*', 'value': ""{'sa_family': 'AF_INET','sin_port': '22','sin_addr': '192.168.18.212'}""}, {'name': 'addrlen', 'type': 'int', 'value': 16}]",1,1
487.048499,7555,7555,7548,1001,4026531840,tsm,ip-10-100-1-217,42,connect,[],3,-114,"[{'name': 'sockfd', 'type': 'int', 'value': 179}, {'name': 'addr', 'type': 'struct sockaddr*', 'value': ""{'sin_port': '22','sin_addr': '192.168.18.213','sa_family': 'AF_INET'}""}, {'name': 'addrlen', 'type': 'int', 'value': 16}]",1,1
487.04852,7555,7555,7548,1001,4026531840,tsm,ip-10-100-1-217,42,connect,[],3,-114,"[{'name': 'sockfd', 'type': 'int', 'value': 180}, {'name': 'addr', 'type': 'struct sockaddr*', 'value': ""{'sa_family': 'AF_INET','sin_port': '22','sin_addr': '192.168.18.214'}""}, {'name': 'addrlen', 'type': 'int', 'value': 16}]",1,1
487.048541,7555,7555,7548,1001,4026531840,tsm,ip-10-100-1-217,42,connect,[],3,-114,"[{'name': 'sockfd', 'type': 'int', 'value': 181}, {'name': 'addr', 'type': 'struct sockaddr*', 'value': ""{'sa_family': 'AF_INET','sin_port': '22','sin_addr': '192.168.18.215'}""}, {'name': 'addrlen', 'type': 'int', 'value': 16}]",1,1
487.048562,7555,7555,7548,1001,4026531840,tsm,ip-10-100-1-217,42,connect,[],3,-114,"[{'name': 'sockfd', 'type': 'int', 'value': 182}, {'name': 'addr', 'type': 'struct sockaddr*', 'value': ""{'sa_family': 'AF_INET','sin_port': '22','sin_addr': '192.168.18.216'}""}, {'name': 'addrlen', 'type': 'int', 'value': 16}]",1,1
487.048583,7555,7555,7548,1001,4026531840,tsm,ip-10-100-1-217,42,connect,[],3,-114,"[{'name': 'sockfd', 'type': 'int', 'value': 183}, {'name': 'addr', 'type': 'struct sockaddr*', 'value': ""{'sa_family': 'AF_INET','sin_port': '22','sin_addr': '192.168.18.217'}""}, {'name': 'addrlen', 'type': 'int', 'value': 16}]",1,1
487.048604,7555,7555,7548,1001,4026531840,tsm,ip-10-100-1-217,42,connect,[],3,-114,"[{'name': 'sockfd', 'type': 'int', 'value': 184}, {'name': 'addr', 'type': 'struct sockaddr*', 'value': ""{'sa_family': 'AF_INET','sin_port': '22','sin_addr': '192.168.18.218'}""}, {'name': 'addrlen', 'type': 'int', 'value': 16}]",1,1
487.048626,7555,7555,7548,1001,4026531840,tsm,ip-10-100-1-217,42,connect,[],3,-114,"[{'name': 'sockfd', 'type': 'int', 'value': 185}, {'name': 'addr', 'type': 'struct sockaddr*', 'value': ""{'sin_addr': '192.168.18.219','sa_family': 'AF_INET','sin_port': '22'}""}, {'name': 'addrlen', 'type': 'int', 'value': 16}]",1,1
487.048647,7555,7555,7548,1001,4026531840,tsm,ip-10-100-1-217,42,connect,[],3,-114,"[{'name': 'sockfd', 'type': 'int', 'value': 186}, {'name': 'addr', 'type': 'struct sockaddr*', 'value': ""{'sa_family': 'AF_INET','sin_port': '22','sin_addr': '192.168.18.220'}""}, {'name': 'addrlen', 'type': 'int', 'value': 16}]",1,1
487.048668,7555,7555,7548,1001,4026531840,tsm,ip-10-100-1-217,42,connect,[],3,-114,"[{'name': 'sockfd', 'type': 'int', 'value': 187}, {'name': 'addr', 'type': 'struct sockaddr*', 'value': ""{'sa_family': 'AF_INET','sin_port': '22','sin_addr': '192.168.18.221'}""}, {'name': 'addrlen', 'type': 'int', 'value': 16}]",1,1
487.048689,7555,7555,7548,1001,4026531840,tsm,ip-10-100-1-217,42,connect,[],3,-114,"[{'name': 'sockfd', 'type': 'int', 'value': 188}, {'name': 'addr', 'type': 'struct sockaddr*', 'value': ""{'sa_family': 'AF_INET','sin_port': '22','sin_addr': '192.168.18.222'}""}, {'name': 'addrlen', 'type': 'int', 'value': 16}]",1,1
487.048722,7555,7555,7548,1001,4026531840,tsm,ip-10-100-1-217,42,connect,[],3,-114,"[{'name': 'sockfd', 'type': 'int', 'value': 189}, {'name': 'addr', 'type': 'struct sockaddr*', 'value': ""{'sa_family': 'AF_INET','sin_port': '22','sin_addr': '192.168.18.223'}""}, {'name': 'addrlen', 'type': 'int', 'value': 16}]",1,1
487.048745,7555,7555,7548,1001,4026531840,tsm,ip-10-100-1-217,42,connect,[],3,-114,"[{'name': 'sockfd', 'type': 'int', 'value': 190}, {'name': 'addr', 'type': 'struct sockaddr*', 'value': ""{'sa_family': 'AF_INET','sin_port': '22','sin_addr': '192.168.18.224'}""}, {'name': 'addrlen', 'type': 'int', 'value': 16}]",1,1
487.048767,7555,7555,7548,1001,4026531840,tsm,ip-10-100-1-217,42,connect,[],3,-114,"[{'name': 'sockfd', 'type': 'int', 'value': 191}, {'name': 'addr', 'type': 'struct sockaddr*', 'value': ""{'sa_family': 'AF_INET','sin_port': '22','sin_addr': '192.168.18.225'}""}, {'name': 'addrlen', 'type': 'int', 'value': 16}]",1,1
487.048789,7555,7555,7548,1001,4026531840,tsm,ip-10-100-1-217,42,connect,[],3,-114,"[{'name': 'sockfd', 'type': 'int', 'value': 192}, {'name': 'addr', 'type': 'struct sockaddr*', 'value': ""{'sa_family': 'AF_INET','sin_port': '22','sin_addr': '192.168.18.226'}""}, {'name': 'addrlen', 'type': 'int', 'value': 16}]",1,1
487.048811,7555,7555,7548,1001,4026531840,tsm,ip-10-100-1-217,42,connect,[],3,-114,"[{'name': 'sockfd', 'type': 'int', 'value': 193}, {'name': 'addr', 'type': 'struct sockaddr*', 'value': ""{'sa_family': 'AF_INET','sin_port': '22','sin_addr': '192.168.18.227'}""}, {'name': 'addrlen', 'type': 'int', 'value': 16}]",1,1
487.048833,7555,7555,7548,1001,4026531840,tsm,ip-10-100-1-217,42,connect,[],3,-114,"[{'name': 'sockfd', 'type': 'int', 'value': 194}, {'name': 'addr', 'type': 'struct sockaddr*', 'value': ""{'sa_family': 'AF_INET','sin_port': '22','sin_addr': '192.168.18.228'}""}, {'name': 'addrlen', 'type': 'int', 'value': 16}]",1,1
487.048855,7555,7555,7548,1001,4026531840,tsm,ip-10-100-1-217,42,connect,[],3,-114,"[{'name': 'sockfd', 'type': 'int', 'value': 195}, {'name': 'addr', 'type': 'struct sockaddr*', 'value': ""{'sa_family': 'AF_INET','sin_port': '22','sin_addr': '192.168.18.229'}""}, {'name': 'addrlen', 'type': 'int', 'value': 16}]",1,1
487.048877,7555,7555,7548,1001,4026531840,tsm,ip-10-100-1-217,42,connect,[],3,-114,"[{'name': 'sockfd', 'type': 'int', 'value': 196}, {'name': 'addr', 'type': 'struct sockaddr*', 'value': ""{'sa_family': 'AF_INET','sin_port': '22','sin_addr': '192.168.18.230'}""}, {'name': 'addrlen', 'type': 'int', 'value': 16}]",1,1
487.048901,7555,7555,7548,1001,4026531840,tsm,ip-10-100-1-217,42,connect,[],3,-114,"[{'name': 'sockfd', 'type': 'int', 'value': 197}, {'name': 'addr', 'type': 'struct sockaddr*', 'value': ""{'sa_family': 'AF_INET','sin_port': '22','sin_addr': '192.168.18.231'}""}, {'name': 'addrlen', 'type': 'int', 'value': 16}]",1,1
487.048923,7555,7555,7548,1001,4026531840,tsm,ip-10-100-1-217,42,connect,[],3,-114,"[{'name': 'sockfd', 'type': 'int', 'value': 198}, {'name': 'addr', 'type': 'struct sockaddr*', 'value': ""{'sin_port': '22','sin_addr': '192.168.18.232','sa_family': 'AF_INET'}""}, {'name': 'addrlen', 'type': 'int', 'value': 16}]",1,1
487.048945,7555,7555,7548,1001,4026531840,tsm,ip-10-100-1-217,42,connect,[],3,-114,"[{'name': 'sockfd', 'type': 'int', 'value': 199}, {'name': 'addr', 'type': 'struct sockaddr*', 'value': ""{'sa_family': 'AF_INET','sin_port': '22','sin_addr': '192.168.18.233'}""}, {'name': 'addrlen', 'type': 'int', 'value': 16}]",1,1
487.048967,7555,7555,7548,1001,4026531840,tsm,ip-10-100-1-217,42,connect,[],3,-114,"[{'name': 'sockfd', 'type': 'int', 'value': 200}, {'name': 'addr', 'type': 'struct sockaddr*', 'value': ""{'sin_port': '22','sin_addr': '192.168.18.234','sa_family': 'AF_INET'}""}, {'name': 'addrlen', 'type': 'int', 'value': 16}]",1,1
487.048989,7555,7555,7548,1001,4026531840,tsm,ip-10-100-1-217,42,connect,[],3,-114,"[{'name': 'sockfd', 'type': 'int', 'value': 201}, {'name': 'addr', 'type': 'struct sockaddr*', 'value': ""{'sin_addr': '192.168.18.235','sa_family': 'AF_INET','sin_port': '22'}""}, {'name': 'addrlen', 'type': 'int', 'value': 16}]",1,1
487.049012,7555,7555,7548,1001,4026531840,tsm,ip-10-100-1-217,42,connect,[],3,-114,"[{'name': 'sockfd', 'type': 'int', 'value': 202}, {'name': 'addr', 'type': 'struct sockaddr*', 'value': ""{'sa_family': 'AF_INET','sin_port': '22','sin_addr': '192.168.18.236'}""}, {'name': 'addrlen', 'type': 'int', 'value': 16}]",1,1
487.049034,7555,7555,7548,1001,4026531840,tsm,ip-10-100-1-217,42,connect,[],3,-114,"[{'name': 'sockfd', 'type': 'int', 'value': 203}, {'name': 'addr', 'type': 'struct sockaddr*', 'value': ""{'sa_family': 'AF_INET','sin_port': '22','sin_addr': '192.168.18.237'}""}, {'name': 'addrlen', 'type': 'int', 'value': 16}]",1,1
487.049056,7555,7555,7548,1001,4026531840,tsm,ip-10-100-1-217,42,connect,[],3,-114,"[{'name': 'sockfd', 'type': 'int', 'value': 204}, {'name': 'addr', 'type': 'struct sockaddr*', 'value': ""{'sin_port': '22','sin_addr': '192.168.18.238','sa_family': 'AF_INET'}""}, {'name': 'addrlen', 'type': 'int', 'value': 16}]",1,1
487.049078,7555,7555,7548,1001,4026531840,tsm,ip-10-100-1-217,42,connect,[],3,-114,"[{'name': 'sockfd', 'type': 'int', 'value': 205}, {'name': 'addr', 'type': 'struct sockaddr*', 'value': ""{'sa_family': 'AF_INET','sin_port': '22','sin_addr': '192.168.18.239'}""}, {'name': 'addrlen', 'type': 'int', 'value': 16}]",1,1
487.049099,7555,7555,7548,1001,4026531840,tsm,ip-10-100-1-217,42,connect,[],3,-114,"[{'name': 'sockfd', 'type': 'int', 'value': 206}, {'name': 'addr', 'type': 'struct sockaddr*', 'value': ""{'sa_family': 'AF_INET','sin_port': '22','sin_addr': '192.168.18.240'}""}, {'name': 'addrlen', 'type': 'int', 'value': 16}]",1,1
487.049121,7555,7555,7548,1001,4026531840,tsm,ip-10-100-1-217,42,connect,[],3,-114,"[{'name': 'sockfd', 'type': 'int', 'value': 207}, {'name': 'addr', 'type': 'struct sockaddr*', 'value': ""{'sin_addr': '192.168.18.241','sa_family': 'AF_INET','sin_port': '22'}""}, {'name': 'addrlen', 'type': 'int', 'value': 16}]",1,1
487.049143,7555,7555,7548,1001,4026531840,tsm,ip-10-100-1-217,42,connect,[],3,-114,"[{'name': 'sockfd', 'type': 'int', 'value': 208}, {'name': 'addr', 'type': 'struct sockaddr*', 'value': ""{'sa_family': 'AF_INET','sin_port': '22','sin_addr': '192.168.18.242'}""}, {'name': 'addrlen', 'type': 'int', 'value': 16}]",1,1
487.049166,7555,7555,7548,1001,4026531840,tsm,ip-10-100-1-217,42,connect,[],3,-114,"[{'name': 'sockfd', 'type': 'int', 'value': 209}, {'name': 'addr', 'type': 'struct sockaddr*', 'value': ""{'sa_family': 'AF_INET','sin_port': '22','sin_addr': '192.168.18.243'}""}, {'name': 'addrlen', 'type': 'int', 'value': 16}]",1,1
487.04919,7555,7555,7548,1001,4026531840,tsm,ip-10-100-1-217,42,connect,[],3,-114,"[{'name': 'sockfd', 'type': 'int', 'value': 210}, {'name': 'addr', 'type': 'struct sockaddr*', 'value': ""{'sa_family': 'AF_INET','sin_port': '22','sin_addr': '192.168.18.244'}""}, {'name': 'addrlen', 'type': 'int', 'value': 16}]",1,1
487.049213,7555,7555,7548,1001,4026531840,tsm,ip-10-100-1-217,42,connect,[],3,-114,"[{'name': 'sockfd', 'type': 'int', 'value': 211}, {'name': 'addr', 'type': 'struct sockaddr*', 'value': ""{'sa_family': 'AF_INET','sin_port': '22','sin_addr': '192.168.18.245'}""}, {'name': 'addrlen', 'type': 'int', 'value': 16}]",1,1
487.049235,7555,7555,7548,1001,4026531840,tsm,ip-10-100-1-217,42,connect,[],3,-114,"[{'name': 'sockfd', 'type': 'int', 'value': 212}, {'name': 'addr', 'type': 'struct sockaddr*', 'value': ""{'sin_addr': '192.168.18.246','sa_family': 'AF_INET','sin_port': '22'}""}, {'name': 'addrlen', 'type': 'int', 'value': 16}]",1,1
487.049257,7555,7555,7548,1001,4026531840,tsm,ip-10-100-1-217,42,connect,[],3,-114,"[{'name': 'sockfd', 'type': 'int', 'value': 213}, {'name': 'addr', 'type': 'struct sockaddr*', 'value': ""{'sin_port': '22','sin_addr': '192.168.18.247','sa_family': 'AF_INET'}""}, {'name': 'addrlen', 'type': 'int', 'value': 16}]",1,1
487.049279,7555,7555,7548,1001,4026531840,tsm,ip-10-100-1-217,42,connect,[],3,-114,"[{'name': 'sockfd', 'type': 'int', 'value': 214}, {'name': 'addr', 'type': 'struct sockaddr*', 'value': ""{'sa_family': 'AF_INET','sin_port': '22','sin_addr': '192.168.18.248'}""}, {'name': 'addrlen', 'type': 'int', 'value': 16}]",1,1
487.049301,7555,7555,7548,1001,4026531840,tsm,ip-10-100-1-217,42,connect,[],3,-114,"[{'name': 'sockfd', 'type': 'int', 'value': 215}, {'name': 'addr', 'type': 'struct sockaddr*', 'value': ""{'sin_port': '22','sin_addr': '192.168.18.249','sa_family': 'AF_INET'}""}, {'name': 'addrlen', 'type': 'int', 'value': 16}]",1,1
487.049323,7555,7555,7548,1001,4026531840,tsm,ip-10-100-1-217,42,connect,[],3,-114,"[{'name': 'sockfd', 'type': 'int', 'value': 216}, {'name': 'addr', 'type': 'struct sockaddr*', 'value': ""{'sin_addr': '192.168.18.250','sa_family': 'AF_INET','sin_port': '22'}""}, {'name': 'addrlen', 'type': 'int', 'value': 16}]",1,1
487.049345,7555,7555,7548,1001,4026531840,tsm,ip-10-100-1-217,42,connect,[],3,-114,"[{'name': 'sockfd', 'type': 'int', 'value': 217}, {'name': 'addr', 'type': 'struct sockaddr*', 'value': ""{'sa_family': 'AF_INET','sin_port': '22','sin_addr': '192.168.18.251'}""}, {'name': 'addrlen', 'type': 'int', 'value': 16}]",1,1
487.049367,7555,7555,7548,1001,4026531840,tsm,ip-10-100-1-217,42,connect,[],3,-114,"[{'name': 'sockfd', 'type': 'int', 'value': 218}, {'name': 'addr', 'type': 'struct sockaddr*', 'value': ""{'sin_port': '22','sin_addr': '192.168.18.252','sa_family': 'AF_INET'}""}, {'name': 'addrlen', 'type': 'int', 'value': 16}]",1,1
487.049389,7555,7555,7548,1001,4026531840,tsm,ip-10-100-1-217,42,connect,[],3,-114,"[{'name': 'sockfd', 'type': 'int', 'value': 219}, {'name': 'addr', 'type': 'struct sockaddr*', 'value': ""{'sa_family': 'AF_INET','sin_port': '22','sin_addr': '192.168.18.253'}""}, {'name': 'addrlen', 'type': 'int', 'value': 16}]",1,1
487.049411,7555,7555,7548,1001,4026531840,tsm,ip-10-100-1-217,42,connect,[],3,-114,"[{'name': 'sockfd', 'type': 'int', 'value': 220}, {'name': 'addr', 'type': 'struct sockaddr*', 'value': ""{'sa_family': 'AF_INET','sin_port': '22','sin_addr': '192.168.18.254'}""}, {'name': 'addrlen', 'type': 'int', 'value': 16}]",1,1
487.049434,7555,7555,7548,1001,4026531840,tsm,ip-10-100-1-217,42,connect,[],3,-114,"[{'name': 'sockfd', 'type': 'int', 'value': 221}, {'name': 'addr', 'type': 'struct sockaddr*', 'value': ""{'sa_family': 'AF_INET','sin_port': '22','sin_addr': '192.168.19.0'}""}, {'name': 'addrlen', 'type': 'int', 'value': 16}]",1,1
487.049455,7555,7555,7548,1001,4026531840,tsm,ip-10-100-1-217,42,connect,[],3,-114,"[{'name': 'sockfd', 'type': 'int', 'value': 222}, {'name': 'addr', 'type': 'struct sockaddr*', 'value': ""{'sa_family': 'AF_INET','sin_port': '22','sin_addr': '192.168.19.1'}""}, {'name': 'addrlen', 'type': 'int', 'value': 16}]",1,1
487.049478,7555,7555,7548,1001,4026531840,tsm,ip-10-100-1-217,42,connect,[],3,-114,"[{'name': 'sockfd', 'type': 'int', 'value': 223}, {'name': 'addr', 'type': 'struct sockaddr*', 'value': ""{'sa_family': 'AF_INET','sin_port': '22','sin_addr': '192.168.19.2'}""}, {'name': 'addrlen', 'type': 'int', 'value': 16}]",1,1
487.0495,7555,7555,7548,1001,4026531840,tsm,ip-10-100-1-217,42,connect,[],3,-114,"[{'name': 'sockfd', 'type': 'int', 'value': 224}, {'name': 'addr', 'type': 'struct sockaddr*', 'value': ""{'sa_family': 'AF_INET','sin_port': '22','sin_addr': '192.168.19.3'}""}, {'name': 'addrlen', 'type': 'int', 'value': 16}]",1,1
487.049522,7555,7555,7548,1001,4026531840,tsm,ip-10-100-1-217,42,connect,[],3,-114,"[{'name': 'sockfd', 'type': 'int', 'value': 225}, {'name': 'addr', 'type': 'struct sockaddr*', 'value': ""{'sin_addr': '192.168.19.4','sa_family': 'AF_INET','sin_port': '22'}""}, {'name': 'addrlen', 'type': 'int', 'value': 16}]",1,1
487.049544,7555,7555,7548,1001,4026531840,tsm,ip-10-100-1-217,42,connect,[],3,-114,"[{'name': 'sockfd', 'type': 'int', 'value': 226}, {'name': 'addr', 'type': 'struct sockaddr*', 'value': ""{'sa_family': 'AF_INET','sin_port': '22','sin_addr': '192.168.19.5'}""}, {'name': 'addrlen', 'type': 'int', 'value': 16}]",1,1
487.049566,7555,7555,7548,1001,4026531840,tsm,ip-10-100-1-217,42,connect,[],3,-114,"[{'name': 'sockfd', 'type': 'int', 'value': 227}, {'name': 'addr', 'type': 'struct sockaddr*', 'value': ""{'sa_family': 'AF_INET','sin_port': '22','sin_addr': '192.168.19.6'}""}, {'name': 'addrlen', 'type': 'int', 'value': 16}]",1,1
487.049588,7555,7555,7548,1001,4026531840,tsm,ip-10-100-1-217,42,connect,[],3,-114,"[{'name': 'sockfd', 'type': 'int', 'value': 228}, {'name': 'addr', 'type': 'struct sockaddr*', 'value': ""{'sin_port': '22','sin_addr': '192.168.19.7','sa_family': 'AF_INET'}""}, {'name': 'addrlen', 'type': 'int', 'value': 16}]",1,1
487.04961,7555,7555,7548,1001,4026531840,tsm,ip-10-100-1-217,42,connect,[],3,-114,"[{'name': 'sockfd', 'type': 'int', 'value': 229}, {'name': 'addr', 'type': 'struct sockaddr*', 'value': ""{'sa_family': 'AF_INET','sin_port': '22','sin_addr': '192.168.19.8'}""}, {'name': 'addrlen', 'type': 'int', 'value': 16}]",1,1
487.049632,7555,7555,7548,1001,4026531840,tsm,ip-10-100-1-217,42,connect,[],3,-114,"[{'name': 'sockfd', 'type': 'int', 'value': 230}, {'name': 'addr', 'type': 'struct sockaddr*', 'value': ""{'sin_port': '22','sin_addr': '192.168.19.9','sa_family': 'AF_INET'}""}, {'name': 'addrlen', 'type': 'int', 'value': 16}]",1,1
487.049654,7555,7555,7548,1001,4026531840,tsm,ip-10-100-1-217,42,connect,[],3,-114,"[{'name': 'sockfd', 'type': 'int', 'value': 231}, {'name': 'addr', 'type': 'struct sockaddr*', 'value': ""{'sa_family': 'AF_INET','sin_port': '22','sin_addr': '192.168.19.10'}""}, {'name': 'addrlen', 'type': 'int', 'value': 16}]",1,1
487.049676,7555,7555,7548,1001,4026531840,tsm,ip-10-100-1-217,42,connect,[],3,-114,"[{'name': 'sockfd', 'type': 'int', 'value': 232}, {'name': 'addr', 'type': 'struct sockaddr*', 'value': ""{'sa_family': 'AF_INET','sin_port': '22','sin_addr': '192.168.19.11'}""}, {'name': 'addrlen', 'type': 'int', 'value': 16}]",1,1
487.049698,7555,7555,7548,1001,4026531840,tsm,ip-10-100-1-217,42,connect,[],3,-114,"[{'name': 'sockfd', 'type': 'int', 'value': 233}, {'name': 'addr', 'type': 'struct sockaddr*', 'value': ""{'sin_addr': '192.168.19.12','sa_family': 'AF_INET','sin_port': '22'}""}, {'name': 'addrlen', 'type': 'int', 'value': 16}]",1,1
487.04972,7555,7555,7548,1001,4026531840,tsm,ip-10-100-1-217,42,connect,[],3,-114,"[{'name': 'sockfd', 'type': 'int', 'value': 234}, {'name': 'addr', 'type': 'struct sockaddr*', 'value': ""{'sa_family': 'AF_INET','sin_port': '22','sin_addr': '192.168.19.13'}""}, {'name': 'addrlen', 'type': 'int', 'value': 16}]",1,1
487.049742,7555,7555,7548,1001,4026531840,tsm,ip-10-100-1-217,42,connect,[],3,-114,"[{'name': 'sockfd', 'type': 'int', 'value': 235}, {'name': 'addr', 'type': 'struct sockaddr*', 'value': ""{'sa_family': 'AF_INET','sin_port': '22','sin_addr': '192.168.19.14'}""}, {'name': 'addrlen', 'type': 'int', 'value': 16}]",1,1
487.049764,7555,7555,7548,1001,4026531840,tsm,ip-10-100-1-217,42,connect,[],3,-114,"[{'name': 'sockfd', 'type': 'int', 'value': 236}, {'name': 'addr', 'type': 'struct sockaddr*', 'value': ""{'sa_family': 'AF_INET','sin_port': '22','sin_addr': '192.168.19.15'}""}, {'name': 'addrlen', 'type': 'int', 'value': 16}]",1,1
487.049786,7555,7555,7548,1001,4026531840,tsm,ip-10-100-1-217,42,connect,[],3,-114,"[{'name': 'sockfd', 'type': 'int', 'value': 237}, {'name': 'addr', 'type': 'struct sockaddr*', 'value': ""{'sin_addr': '192.168.19.16','sa_family': 'AF_INET','sin_port': '22'}""}, {'name': 'addrlen', 'type': 'int', 'value': 16}]",1,1
487.049808,7555,7555,7548,1001,4026531840,tsm,ip-10-100-1-217,42,connect,[],3,-114,"[{'name': 'sockfd', 'type': 'int', 'value': 238}, {'name': 'addr', 'type': 'struct sockaddr*', 'value': ""{'sin_addr': '192.168.19.17','sa_family': 'AF_INET','sin_port': '22'}""}, {'name': 'addrlen', 'type': 'int', 'value': 16}]",1,1
487.04983,7555,7555,7548,1001,4026531840,tsm,ip-10-100-1-217,42,connect,[],3,-114,"[{'name': 'sockfd', 'type': 'int', 'value': 239}, {'name': 'addr', 'type': 'struct sockaddr*', 'value': ""{'sa_family': 'AF_INET','sin_port': '22','sin_addr': '192.168.19.18'}""}, {'name': 'addrlen', 'type': 'int', 'value': 16}]",1,1
487.049852,7555,7555,7548,1001,4026531840,tsm,ip-10-100-1-217,42,connect,[],3,-114,"[{'name': 'sockfd', 'type': 'int', 'value': 240}, {'name': 'addr', 'type': 'struct sockaddr*', 'value': ""{'sa_family': 'AF_INET','sin_port': '22','sin_addr': '192.168.19.19'}""}, {'name': 'addrlen', 'type': 'int', 'value': 16}]",1,1
487.049874,7555,7555,7548,1001,4026531840,tsm,ip-10-100-1-217,42,connect,[],3,-114,"[{'name': 'sockfd', 'type': 'int', 'value': 241}, {'name': 'addr', 'type': 'struct sockaddr*', 'value': ""{'sa_family': 'AF_INET','sin_port': '22','sin_addr': '192.168.19.20'}""}, {'name': 'addrlen', 'type': 'int', 'value': 16}]",1,1
487.049896,7555,7555,7548,1001,4026531840,tsm,ip-10-100-1-217,42,connect,[],3,-114,"[{'name': 'sockfd', 'type': 'int', 'value': 242}, {'name': 'addr', 'type': 'struct sockaddr*', 'value': ""{'sa_family': 'AF_INET','sin_port': '22','sin_addr': '192.168.19.21'}""}, {'name': 'addrlen', 'type': 'int', 'value': 16}]",1,1
487.049918,7555,7555,7548,1001,4026531840,tsm,ip-10-100-1-217,42,connect,[],3,-114,"[{'name': 'sockfd', 'type': 'int', 'value': 243}, {'name': 'addr', 'type': 'struct sockaddr*', 'value': ""{'sa_family': 'AF_INET','sin_port': '22','sin_addr': '192.168.19.22'}""}, {'name': 'addrlen', 'type': 'int', 'value': 16}]",1,1
487.04994,7555,7555,7548,1001,4026531840,tsm,ip-10-100-1-217,42,connect,[],3,-114,"[{'name': 'sockfd', 'type': 'int', 'value': 244}, {'name': 'addr', 'type': 'struct sockaddr*', 'value': ""{'sa_family': 'AF_INET','sin_port': '22','sin_addr': '192.168.19.23'}""}, {'name': 'addrlen', 'type': 'int', 'value': 16}]",1,1
487.049962,7555,7555,7548,1001,4026531840,tsm,ip-10-100-1-217,42,connect,[],3,-114,"[{'name': 'sockfd', 'type': 'int', 'value': 245}, {'name': 'addr', 'type': 'struct sockaddr*', 'value': ""{'sa_family': 'AF_INET','sin_port': '22','sin_addr': '192.168.19.24'}""}, {'name': 'addrlen', 'type': 'int', 'value': 16}]",1,1
487.049984,7555,7555,7548,1001,4026531840,tsm,ip-10-100-1-217,42,connect,[],3,-114,"[{'name': 'sockfd', 'type': 'int', 'value': 246}, {'name': 'addr', 'type': 'struct sockaddr*', 'value': ""{'sa_family': 'AF_INET','sin_port': '22','sin_addr': '192.168.19.25'}""}, {'name': 'addrlen', 'type': 'int', 'value': 16}]",1,1
487.050006,7555,7555,7548,1001,4026531840,tsm,ip-10-100-1-217,42,connect,[],3,-114,"[{'name': 'sockfd', 'type': 'int', 'value': 247}, {'name': 'addr', 'type': 'struct sockaddr*', 'value': ""{'sa_family': 'AF_INET','sin_port': '22','sin_addr': '192.168.19.26'}""}, {'name': 'addrlen', 'type': 'int', 'value': 16}]",1,1
487.050028,7555,7555,7548,1001,4026531840,tsm,ip-10-100-1-217,42,connect,[],3,-114,"[{'name': 'sockfd', 'type': 'int', 'value': 248}, {'name': 'addr', 'type': 'struct sockaddr*', 'value': ""{'sa_family': 'AF_INET','sin_port': '22','sin_addr': '192.168.19.27'}""}, {'name': 'addrlen', 'type': 'int', 'value': 16}]",1,1
487.050051,7555,7555,7548,1001,4026531840,tsm,ip-10-100-1-217,42,connect,[],3,-114,"[{'name': 'sockfd', 'type': 'int', 'value': 249}, {'name': 'addr', 'type': 'struct sockaddr*', 'value': ""{'sa_family': 'AF_INET','sin_port': '22','sin_addr': '192.168.19.28'}""}, {'name': 'addrlen', 'type': 'int', 'value': 16}]",1,1
487.050073,7555,7555,7548,1001,4026531840,tsm,ip-10-100-1-217,42,connect,[],3,-114,"[{'name': 'sockfd', 'type': 'int', 'value': 250}, {'name': 'addr', 'type': 'struct sockaddr*', 'value': ""{'sa_family': 'AF_INET','sin_port': '22','sin_addr': '192.168.19.29'}""}, {'name': 'addrlen', 'type': 'int', 'value': 16}]",1,1
487.050095,7555,7555,7548,1001,4026531840,tsm,ip-10-100-1-217,42,connect,[],3,-114,"[{'name': 'sockfd', 'type': 'int', 'value': 251}, {'name': 'addr', 'type': 'struct sockaddr*', 'value': ""{'sa_family': 'AF_INET','sin_port': '22','sin_addr': '192.168.19.30'}""}, {'name': 'addrlen', 'type': 'int', 'value': 16}]",1,1
487.050117,7555,7555,7548,1001,4026531840,tsm,ip-10-100-1-217,42,connect,[],3,-114,"[{'name': 'sockfd', 'type': 'int', 'value': 252}, {'name': 'addr', 'type': 'struct sockaddr*', 'value': ""{'sa_family': 'AF_INET','sin_port': '22','sin_addr': '192.168.19.31'}""}, {'name': 'addrlen', 'type': 'int', 'value': 16}]",1,1
487.050139,7555,7555,7548,1001,4026531840,tsm,ip-10-100-1-217,42,connect,[],3,-114,"[{'name': 'sockfd', 'type': 'int', 'value': 253}, {'name': 'addr', 'type': 'struct sockaddr*', 'value': ""{'sa_family': 'AF_INET','sin_port': '22','sin_addr': '192.168.19.32'}""}, {'name': 'addrlen', 'type': 'int', 'value': 16}]",1,1
487.050161,7555,7555,7548,1001,4026531840,tsm,ip-10-100-1-217,42,connect,[],3,-114,"[{'name': 'sockfd', 'type': 'int', 'value': 254}, {'name': 'addr', 'type': 'struct sockaddr*', 'value': ""{'sa_family': 'AF_INET','sin_port': '22','sin_addr': '192.168.19.33'}""}, {'name': 'addrlen', 'type': 'int', 'value': 16}]",1,1
487.050183,7555,7555,7548,1001,4026531840,tsm,ip-10-100-1-217,42,connect,[],3,-114,"[{'name': 'sockfd', 'type': 'int', 'value': 255}, {'name': 'addr', 'type': 'struct sockaddr*', 'value': ""{'sin_addr': '192.168.19.34','sa_family': 'AF_INET','sin_port': '22'}""}, {'name': 'addrlen', 'type': 'int', 'value': 16}]",1,1
487.050206,7555,7555,7548,1001,4026531840,tsm,ip-10-100-1-217,42,connect,[],3,-114,"[{'name': 'sockfd', 'type': 'int', 'value': 256}, {'name': 'addr', 'type': 'struct sockaddr*', 'value': ""{'sin_addr': '192.168.19.35','sa_family': 'AF_INET','sin_port': '22'}""}, {'name': 'addrlen', 'type': 'int', 'value': 16}]",1,1
487.05024,7555,7555,7548,1001,4026531840,tsm,ip-10-100-1-217,42,connect,[],3,-114,"[{'name': 'sockfd', 'type': 'int', 'value': 257}, {'name': 'addr', 'type': 'struct sockaddr*', 'value': ""{'sin_port': '22','sin_addr': '192.168.19.36','sa_family': 'AF_INET'}""}, {'name': 'addrlen', 'type': 'int', 'value': 16}]",1,1
487.050274,7555,7555,7548,1001,4026531840,tsm,ip-10-100-1-217,42,connect,[],3,-114,"[{'name': 'sockfd', 'type': 'int', 'value': 258}, {'name': 'addr', 'type': 'struct sockaddr*', 'value': ""{'sa_family': 'AF_INET','sin_port': '22','sin_addr': '192.168.19.37'}""}, {'name': 'addrlen', 'type': 'int', 'value': 16}]",1,1
487.050296,7555,7555,7548,1001,4026531840,tsm,ip-10-100-1-217,42,connect,[],3,-114,"[{'name': 'sockfd', 'type': 'int', 'value': 259}, {'name': 'addr', 'type': 'struct sockaddr*', 'value': ""{'sin_addr': '192.168.19.38','sa_family': 'AF_INET','sin_port': '22'}""}, {'name': 'addrlen', 'type': 'int', 'value': 16}]",1,1
487.050316,7555,7555,7548,1001,4026531840,tsm,ip-10-100-1-217,42,connect,[],3,-114,"[{'name': 'sockfd', 'type': 'int', 'value': 260}, {'name': 'addr', 'type': 'struct sockaddr*', 'value': ""{'sa_family': 'AF_INET','sin_port': '22','sin_addr': '192.168.19.39'}""}, {'name': 'addrlen', 'type': 'int', 'value': 16}]",1,1
487.050336,7555,7555,7548,1001,4026531840,tsm,ip-10-100-1-217,42,connect,[],3,-114,"[{'name': 'sockfd', 'type': 'int', 'value': 261}, {'name': 'addr', 'type': 'struct sockaddr*', 'value': ""{'sa_family': 'AF_INET','sin_port': '22','sin_addr': '192.168.19.40'}""}, {'name': 'addrlen', 'type': 'int', 'value': 16}]",1,1
487.050355,7555,7555,7548,1001,4026531840,tsm,ip-10-100-1-217,42,connect,[],3,-114,"[{'name': 'sockfd', 'type': 'int', 'value': 262}, {'name': 'addr', 'type': 'struct sockaddr*', 'value': ""{'sin_port': '22','sin_addr': '192.168.19.41','sa_family': 'AF_INET'}""}, {'name': 'addrlen', 'type': 'int', 'value': 16}]",1,1
487.050375,7555,7555,7548,1001,4026531840,tsm,ip-10-100-1-217,42,connect,[],3,-114,"[{'name': 'sockfd', 'type': 'int', 'value': 263}, {'name': 'addr', 'type': 'struct sockaddr*', 'value': ""{'sin_addr': '192.168.19.42','sa_family': 'AF_INET','sin_port': '22'}""}, {'name': 'addrlen', 'type': 'int', 'value': 16}]",1,1
487.050395,7555,7555,7548,1001,4026531840,tsm,ip-10-100-1-217,42,connect,[],3,-114,"[{'name': 'sockfd', 'type': 'int', 'value': 264}, {'name': 'addr', 'type': 'struct sockaddr*', 'value': ""{'sa_family': 'AF_INET','sin_port': '22','sin_addr': '192.168.19.43'}""}, {'name': 'addrlen', 'type': 'int', 'value': 16}]",1,1
487.050415,7555,7555,7548,1001,4026531840,tsm,ip-10-100-1-217,42,connect,[],3,-114,"[{'name': 'sockfd', 'type': 'int', 'value': 265}, {'name': 'addr', 'type': 'struct sockaddr*', 'value': ""{'sa_family': 'AF_INET','sin_port': '22','sin_addr': '192.168.19.44'}""}, {'name': 'addrlen', 'type': 'int', 'value': 16}]",1,1
487.050435,7555,7555,7548,1001,4026531840,tsm,ip-10-100-1-217,42,connect,[],3,-114,"[{'name': 'sockfd', 'type': 'int', 'value': 266}, {'name': 'addr', 'type': 'struct sockaddr*', 'value': ""{'sa_family': 'AF_INET','sin_port': '22','sin_addr': '192.168.19.45'}""}, {'name': 'addrlen', 'type': 'int', 'value': 16}]",1,1
487.050462,7555,7555,7548,1001,4026531840,tsm,ip-10-100-1-217,42,connect,[],3,-114,"[{'name': 'sockfd', 'type': 'int', 'value': 267}, {'name': 'addr', 'type': 'struct sockaddr*', 'value': ""{'sa_family': 'AF_INET','sin_port': '22','sin_addr': '192.168.19.46'}""}, {'name': 'addrlen', 'type': 'int', 'value': 16}]",1,1
487.056345,7555,7555,7548,1001,4026531840,tsm,ip-10-100-1-217,42,connect,[],3,-114,"[{'name': 'sockfd', 'type': 'int', 'value': 268}, {'name': 'addr', 'type': 'struct sockaddr*', 'value': ""{'sin_addr': '192.168.19.47','sa_family': 'AF_INET','sin_port': '22'}""}, {'name': 'addrlen', 'type': 'int', 'value': 16}]",1,1
487.056374,7555,7555,7548,1001,4026531840,tsm,ip-10-100-1-217,42,connect,[],3,-114,"[{'name': 'sockfd', 'type': 'int', 'value': 269}, {'name': 'addr', 'type': 'struct sockaddr*', 'value': ""{'sa_family': 'AF_INET','sin_port': '22','sin_addr': '192.168.19.48'}""}, {'name': 'addrlen', 'type': 'int', 'value': 16}]",1,1
487.056396,7555,7555,7548,1001,4026531840,tsm,ip-10-100-1-217,42,connect,[],3,-114,"[{'name': 'sockfd', 'type': 'int', 'value': 270}, {'name': 'addr', 'type': 'struct sockaddr*', 'value': ""{'sa_family': 'AF_INET','sin_port': '22','sin_addr': '192.168.19.49'}""}, {'name': 'addrlen', 'type': 'int', 'value': 16}]",1,1
487.056418,7555,7555,7548,1001,4026531840,tsm,ip-10-100-1-217,42,connect,[],3,-114,"[{'name': 'sockfd', 'type': 'int', 'value': 271}, {'name': 'addr', 'type': 'struct sockaddr*', 'value': ""{'sa_family': 'AF_INET','sin_port': '22','sin_addr': '192.168.19.50'}""}, {'name': 'addrlen', 'type': 'int', 'value': 16}]",1,1
487.056441,7555,7555,7548,1001,4026531840,tsm,ip-10-100-1-217,42,connect,[],3,-114,"[{'name': 'sockfd', 'type': 'int', 'value': 272}, {'name': 'addr', 'type': 'struct sockaddr*', 'value': ""{'sa_family': 'AF_INET','sin_port': '22','sin_addr': '192.168.19.51'}""}, {'name': 'addrlen', 'type': 'int', 'value': 16}]",1,1
487.056463,7555,7555,7548,1001,4026531840,tsm,ip-10-100-1-217,42,connect,[],3,-114,"[{'name': 'sockfd', 'type': 'int', 'value': 273}, {'name': 'addr', 'type': 'struct sockaddr*', 'value': ""{'sa_family': 'AF_INET','sin_port': '22','sin_addr': '192.168.19.52'}""}, {'name': 'addrlen', 'type': 'int', 'value': 16}]",1,1
487.056484,7555,7555,7548,1001,4026531840,tsm,ip-10-100-1-217,42,connect,[],3,-114,"[{'name': 'sockfd', 'type': 'int', 'value': 274}, {'name': 'addr', 'type': 'struct sockaddr*', 'value': ""{'sa_family': 'AF_INET','sin_port': '22','sin_addr': '192.168.19.53'}""}, {'name': 'addrlen', 'type': 'int', 'value': 16}]",1,1
487.056506,7555,7555,7548,1001,4026531840,tsm,ip-10-100-1-217,42,connect,[],3,-114,"[{'name': 'sockfd', 'type': 'int', 'value': 275}, {'name': 'addr', 'type': 'struct sockaddr*', 'value': ""{'sa_family': 'AF_INET','sin_port': '22','sin_addr': '192.168.19.54'}""}, {'name': 'addrlen', 'type': 'int', 'value': 16}]",1,1
487.056556,7555,7555,7548,1001,4026531840,tsm,ip-10-100-1-217,42,connect,[],3,-114,"[{'name': 'sockfd', 'type': 'int', 'value': 276}, {'name': 'addr', 'type': 'struct sockaddr*', 'value': ""{'sin_addr': '192.168.19.55','sa_family': 'AF_INET','sin_port': '22'}""}, {'name': 'addrlen', 'type': 'int', 'value': 16}]",1,1
487.05658,7555,7555,7548,1001,4026531840,tsm,ip-10-100-1-217,42,connect,[],3,-114,"[{'name': 'sockfd', 'type': 'int', 'value': 277}, {'name': 'addr', 'type': 'struct sockaddr*', 'value': ""{'sa_family': 'AF_INET','sin_port': '22','sin_addr': '192.168.19.56'}""}, {'name': 'addrlen', 'type': 'int', 'value': 16}]",1,1
487.056606,7555,7555,7548,1001,4026531840,tsm,ip-10-100-1-217,42,connect,[],3,-114,"[{'name': 'sockfd', 'type': 'int', 'value': 278}, {'name': 'addr', 'type': 'struct sockaddr*', 'value': ""{'sa_family': 'AF_INET','sin_port': '22','sin_addr': '192.168.19.57'}""}, {'name': 'addrlen', 'type': 'int', 'value': 16}]",1,1
487.056628,7555,7555,7548,1001,4026531840,tsm,ip-10-100-1-217,42,connect,[],3,-114,"[{'name': 'sockfd', 'type': 'int', 'value': 279}, {'name': 'addr', 'type': 'struct sockaddr*', 'value': ""{'sa_family': 'AF_INET','sin_port': '22','sin_addr': '192.168.19.58'}""}, {'name': 'addrlen', 'type': 'int', 'value': 16}]",1,1
487.056651,7555,7555,7548,1001,4026531840,tsm,ip-10-100-1-217,42,connect,[],3,-114,"[{'name': 'sockfd', 'type': 'int', 'value': 280}, {'name': 'addr', 'type': 'struct sockaddr*', 'value': ""{'sa_family': 'AF_INET','sin_port': '22','sin_addr': '192.168.19.59'}""}, {'name': 'addrlen', 'type': 'int', 'value': 16}]",1,1
487.056673,7555,7555,7548,1001,4026531840,tsm,ip-10-100-1-217,42,connect,[],3,-114,"[{'name': 'sockfd', 'type': 'int', 'value': 281}, {'name': 'addr', 'type': 'struct sockaddr*', 'value': ""{'sin_addr': '192.168.19.60','sa_family': 'AF_INET','sin_port': '22'}""}, {'name': 'addrlen', 'type': 'int', 'value': 16}]",1,1
487.056695,7555,7555,7548,1001,4026531840,tsm,ip-10-100-1-217,42,connect,[],3,-114,"[{'name': 'sockfd', 'type': 'int', 'value': 282}, {'name': 'addr', 'type': 'struct sockaddr*', 'value': ""{'sa_family': 'AF_INET','sin_port': '22','sin_addr': '192.168.19.61'}""}, {'name': 'addrlen', 'type': 'int', 'value': 16}]",1,1
487.056717,7555,7555,7548,1001,4026531840,tsm,ip-10-100-1-217,42,connect,[],3,-114,"[{'name': 'sockfd', 'type': 'int', 'value': 283}, {'name': 'addr', 'type': 'struct sockaddr*', 'value': ""{'sa_family': 'AF_INET','sin_port': '22','sin_addr': '192.168.19.62'}""}, {'name': 'addrlen', 'type': 'int', 'value': 16}]",1,1
487.056739,7555,7555,7548,1001,4026531840,tsm,ip-10-100-1-217,42,connect,[],3,-114,"[{'name': 'sockfd', 'type': 'int', 'value': 284}, {'name': 'addr', 'type': 'struct sockaddr*', 'value': ""{'sa_family': 'AF_INET','sin_port': '22','sin_addr': '192.168.19.63'}""}, {'name': 'addrlen', 'type': 'int', 'value': 16}]",1,1
487.056761,7555,7555,7548,1001,4026531840,tsm,ip-10-100-1-217,42,connect,[],3,-114,"[{'name': 'sockfd', 'type': 'int', 'value': 285}, {'name': 'addr', 'type': 'struct sockaddr*', 'value': ""{'sin_addr': '192.168.19.64','sa_family': 'AF_INET','sin_port': '22'}""}, {'name': 'addrlen', 'type': 'int', 'value': 16}]",1,1
487.056783,7555,7555,7548,1001,4026531840,tsm,ip-10-100-1-217,42,connect,[],3,-114,"[{'name': 'sockfd', 'type': 'int', 'value': 286}, {'name': 'addr', 'type': 'struct sockaddr*', 'value': ""{'sa_family': 'AF_INET','sin_port': '22','sin_addr': '192.168.19.65'}""}, {'name': 'addrlen', 'type': 'int', 'value': 16}]",1,1
487.056805,7555,7555,7548,1001,4026531840,tsm,ip-10-100-1-217,42,connect,[],3,-114,"[{'name': 'sockfd', 'type': 'int', 'value': 287}, {'name': 'addr', 'type': 'struct sockaddr*', 'value': ""{'sa_family': 'AF_INET','sin_port': '22','sin_addr': '192.168.19.66'}""}, {'name': 'addrlen', 'type': 'int', 'value': 16}]",1,1
487.056828,7555,7555,7548,1001,4026531840,tsm,ip-10-100-1-217,42,connect,[],3,-114,"[{'name': 'sockfd', 'type': 'int', 'value': 288}, {'name': 'addr', 'type': 'struct sockaddr*', 'value': ""{'sin_addr': '192.168.19.67','sa_family': 'AF_INET','sin_port': '22'}""}, {'name': 'addrlen', 'type': 'int', 'value': 16}]",1,1
487.05685,7555,7555,7548,1001,4026531840,tsm,ip-10-100-1-217,42,connect,[],3,-114,"[{'name': 'sockfd', 'type': 'int', 'value': 289}, {'name': 'addr', 'type': 'struct sockaddr*', 'value': ""{'sa_family': 'AF_INET','sin_port': '22','sin_addr': '192.168.19.68'}""}, {'name': 'addrlen', 'type': 'int', 'value': 16}]",1,1
487.056872,7555,7555,7548,1001,4026531840,tsm,ip-10-100-1-217,42,connect,[],3,-114,"[{'name': 'sockfd', 'type': 'int', 'value': 290}, {'name': 'addr', 'type': 'struct sockaddr*', 'value': ""{'sa_family': 'AF_INET','sin_port': '22','sin_addr': '192.168.19.69'}""}, {'name': 'addrlen', 'type': 'int', 'value': 16}]",1,1
487.056894,7555,7555,7548,1001,4026531840,tsm,ip-10-100-1-217,42,connect,[],3,-114,"[{'name': 'sockfd', 'type': 'int', 'value': 291}, {'name': 'addr', 'type': 'struct sockaddr*', 'value': ""{'sin_addr': '192.168.19.70','sa_family': 'AF_INET','sin_port': '22'}""}, {'name': 'addrlen', 'type': 'int', 'value': 16}]",1,1
487.056916,7555,7555,7548,1001,4026531840,tsm,ip-10-100-1-217,42,connect,[],3,-114,"[{'name': 'sockfd', 'type': 'int', 'value': 292}, {'name': 'addr', 'type': 'struct sockaddr*', 'value': ""{'sa_family': 'AF_INET','sin_port': '22','sin_addr': '192.168.19.71'}""}, {'name': 'addrlen', 'type': 'int', 'value': 16}]",1,1
487.056938,7555,7555,7548,1001,4026531840,tsm,ip-10-100-1-217,42,connect,[],3,-114,"[{'name': 'sockfd', 'type': 'int', 'value': 293}, {'name': 'addr', 'type': 'struct sockaddr*', 'value': ""{'sa_family': 'AF_INET','sin_port': '22','sin_addr': '192.168.19.72'}""}, {'name': 'addrlen', 'type': 'int', 'value': 16}]",1,1
487.05696,7555,7555,7548,1001,4026531840,tsm,ip-10-100-1-217,42,connect,[],3,-114,"[{'name': 'sockfd', 'type': 'int', 'value': 294}, {'name': 'addr', 'type': 'struct sockaddr*', 'value': ""{'sin_addr': '192.168.19.73','sa_family': 'AF_INET','sin_port': '22'}""}, {'name': 'addrlen', 'type': 'int', 'value': 16}]",1,1
487.056982,7555,7555,7548,1001,4026531840,tsm,ip-10-100-1-217,42,connect,[],3,-114,"[{'name': 'sockfd', 'type': 'int', 'value': 295}, {'name': 'addr', 'type': 'struct sockaddr*', 'value': ""{'sin_addr': '192.168.19.74','sa_family': 'AF_INET','sin_port': '22'}""}, {'name': 'addrlen', 'type': 'int', 'value': 16}]",1,1
487.057004,7555,7555,7548,1001,4026531840,tsm,ip-10-100-1-217,42,connect,[],3,-114,"[{'name': 'sockfd', 'type': 'int', 'value': 296}, {'name': 'addr', 'type': 'struct sockaddr*', 'value': ""{'sin_port': '22','sin_addr': '192.168.19.75','sa_family': 'AF_INET'}""}, {'name': 'addrlen', 'type': 'int', 'value': 16}]",1,1
487.057026,7555,7555,7548,1001,4026531840,tsm,ip-10-100-1-217,42,connect,[],3,-114,"[{'name': 'sockfd', 'type': 'int', 'value': 297}, {'name': 'addr', 'type': 'struct sockaddr*', 'value': ""{'sin_addr': '192.168.19.76','sa_family': 'AF_INET','sin_port': '22'}""}, {'name': 'addrlen', 'type': 'int', 'value': 16}]",1,1
487.057048,7555,7555,7548,1001,4026531840,tsm,ip-10-100-1-217,42,connect,[],3,-114,"[{'name': 'sockfd', 'type': 'int', 'value': 298}, {'name': 'addr', 'type': 'struct sockaddr*', 'value': ""{'sin_port': '22','sin_addr': '192.168.19.77','sa_family': 'AF_INET'}""}, {'name': 'addrlen', 'type': 'int', 'value': 16}]",1,1
487.057071,7555,7555,7548,1001,4026531840,tsm,ip-10-100-1-217,42,connect,[],3,-114,"[{'name': 'sockfd', 'type': 'int', 'value': 299}, {'name': 'addr', 'type': 'struct sockaddr*', 'value': ""{'sa_family': 'AF_INET','sin_port': '22','sin_addr': '192.168.19.78'}""}, {'name': 'addrlen', 'type': 'int', 'value': 16}]",1,1
487.057093,7555,7555,7548,1001,4026531840,tsm,ip-10-100-1-217,42,connect,[],3,-114,"[{'name': 'sockfd', 'type': 'int', 'value': 300}, {'name': 'addr', 'type': 'struct sockaddr*', 'value': ""{'sa_family': 'AF_INET','sin_port': '22','sin_addr': '192.168.19.79'}""}, {'name': 'addrlen', 'type': 'int', 'value': 16}]",1,1
487.057115,7555,7555,7548,1001,4026531840,tsm,ip-10-100-1-217,42,connect,[],3,-114,"[{'name': 'sockfd', 'type': 'int', 'value': 301}, {'name': 'addr', 'type': 'struct sockaddr*', 'value': ""{'sin_port': '22','sin_addr': '192.168.19.80','sa_family': 'AF_INET'}""}, {'name': 'addrlen', 'type': 'int', 'value': 16}]",1,1
487.057137,7555,7555,7548,1001,4026531840,tsm,ip-10-100-1-217,42,connect,[],3,-114,"[{'name': 'sockfd', 'type': 'int', 'value': 302}, {'name': 'addr', 'type': 'struct sockaddr*', 'value': ""{'sa_family': 'AF_INET','sin_port': '22','sin_addr': '192.168.19.81'}""}, {'name': 'addrlen', 'type': 'int', 'value': 16}]",1,1
487.057159,7555,7555,7548,1001,4026531840,tsm,ip-10-100-1-217,42,connect,[],3,-114,"[{'name': 'sockfd', 'type': 'int', 'value': 303}, {'name': 'addr', 'type': 'struct sockaddr*', 'value': ""{'sa_family': 'AF_INET','sin_port': '22','sin_addr': '192.168.19.82'}""}, {'name': 'addrlen', 'type': 'int', 'value': 16}]",1,1
487.057181,7555,7555,7548,1001,4026531840,tsm,ip-10-100-1-217,42,connect,[],3,-114,"[{'name': 'sockfd', 'type': 'int', 'value': 304}, {'name': 'addr', 'type': 'struct sockaddr*', 'value': ""{'sa_family': 'AF_INET','sin_port': '22','sin_addr': '192.168.19.83'}""}, {'name': 'addrlen', 'type': 'int', 'value': 16}]",1,1
487.057206,7555,7555,7548,1001,4026531840,tsm,ip-10-100-1-217,42,connect,[],3,-114,"[{'name': 'sockfd', 'type': 'int', 'value': 305}, {'name': 'addr', 'type': 'struct sockaddr*', 'value': ""{'sa_family': 'AF_INET','sin_port': '22','sin_addr': '192.168.19.84'}""}, {'name': 'addrlen', 'type': 'int', 'value': 16}]",1,1
487.057228,7555,7555,7548,1001,4026531840,tsm,ip-10-100-1-217,42,connect,[],3,-114,"[{'name': 'sockfd', 'type': 'int', 'value': 306}, {'name': 'addr', 'type': 'struct sockaddr*', 'value': ""{'sin_port': '22','sin_addr': '192.168.19.85','sa_family': 'AF_INET'}""}, {'name': 'addrlen', 'type': 'int', 'value': 16}]",1,1
487.05725,7555,7555,7548,1001,4026531840,tsm,ip-10-100-1-217,42,connect,[],3,-114,"[{'name': 'sockfd', 'type': 'int', 'value': 307}, {'name': 'addr', 'type': 'struct sockaddr*', 'value': ""{'sin_port': '22','sin_addr': '192.168.19.86','sa_family': 'AF_INET'}""}, {'name': 'addrlen', 'type': 'int', 'value': 16}]",1,1
487.057272,7555,7555,7548,1001,4026531840,tsm,ip-10-100-1-217,42,connect,[],3,-114,"[{'name': 'sockfd', 'type': 'int', 'value': 308}, {'name': 'addr', 'type': 'struct sockaddr*', 'value': ""{'sin_addr': '192.168.19.87','sa_family': 'AF_INET','sin_port': '22'}""}, {'name': 'addrlen', 'type': 'int', 'value': 16}]",1,1
487.057297,7555,7555,7548,1001,4026531840,tsm,ip-10-100-1-217,42,connect,[],3,-114,"[{'name': 'sockfd', 'type': 'int', 'value': 309}, {'name': 'addr', 'type': 'struct sockaddr*', 'value': ""{'sa_family': 'AF_INET','sin_port': '22','sin_addr': '192.168.19.88'}""}, {'name': 'addrlen', 'type': 'int', 'value': 16}]",1,1
487.057319,7555,7555,7548,1001,4026531840,tsm,ip-10-100-1-217,42,connect,[],3,-114,"[{'name': 'sockfd', 'type': 'int', 'value': 310}, {'name': 'addr', 'type': 'struct sockaddr*', 'value': ""{'sin_port': '22','sin_addr': '192.168.19.89','sa_family': 'AF_INET'}""}, {'name': 'addrlen', 'type': 'int', 'value': 16}]",1,1
487.057341,7555,7555,7548,1001,4026531840,tsm,ip-10-100-1-217,42,connect,[],3,-114,"[{'name': 'sockfd', 'type': 'int', 'value': 311}, {'name': 'addr', 'type': 'struct sockaddr*', 'value': ""{'sa_family': 'AF_INET','sin_port': '22','sin_addr': '192.168.19.90'}""}, {'name': 'addrlen', 'type': 'int', 'value': 16}]",1,1
487.057363,7555,7555,7548,1001,4026531840,tsm,ip-10-100-1-217,42,connect,[],3,-114,"[{'name': 'sockfd', 'type': 'int', 'value': 312}, {'name': 'addr', 'type': 'struct sockaddr*', 'value': ""{'sa_family': 'AF_INET','sin_port': '22','sin_addr': '192.168.19.91'}""}, {'name': 'addrlen', 'type': 'int', 'value': 16}]",1,1
487.057385,7555,7555,7548,1001,4026531840,tsm,ip-10-100-1-217,42,connect,[],3,-114,"[{'name': 'sockfd', 'type': 'int', 'value': 313}, {'name': 'addr', 'type': 'struct sockaddr*', 'value': ""{'sa_family': 'AF_INET','sin_port': '22','sin_addr': '192.168.19.92'}""}, {'name': 'addrlen', 'type': 'int', 'value': 16}]",1,1
487.057407,7555,7555,7548,1001,4026531840,tsm,ip-10-100-1-217,42,connect,[],3,-114,"[{'name': 'sockfd', 'type': 'int', 'value': 314}, {'name': 'addr', 'type': 'struct sockaddr*', 'value': ""{'sa_family': 'AF_INET','sin_port': '22','sin_addr': '192.168.19.93'}""}, {'name': 'addrlen', 'type': 'int', 'value': 16}]",1,1
487.057429,7555,7555,7548,1001,4026531840,tsm,ip-10-100-1-217,42,connect,[],3,-114,"[{'name': 'sockfd', 'type': 'int', 'value': 315}, {'name': 'addr', 'type': 'struct sockaddr*', 'value': ""{'sin_addr': '192.168.19.94','sa_family': 'AF_INET','sin_port': '22'}""}, {'name': 'addrlen', 'type': 'int', 'value': 16}]",1,1
487.057451,7555,7555,7548,1001,4026531840,tsm,ip-10-100-1-217,42,connect,[],3,-114,"[{'name': 'sockfd', 'type': 'int', 'value': 316}, {'name': 'addr', 'type': 'struct sockaddr*', 'value': ""{'sa_family': 'AF_INET','sin_port': '22','sin_addr': '192.168.19.95'}""}, {'name': 'addrlen', 'type': 'int', 'value': 16}]",1,1
487.057474,7555,7555,7548,1001,4026531840,tsm,ip-10-100-1-217,42,connect,[],3,-114,"[{'name': 'sockfd', 'type': 'int', 'value': 317}, {'name': 'addr', 'type': 'struct sockaddr*', 'value': ""{'sin_port': '22','sin_addr': '192.168.19.96','sa_family': 'AF_INET'}""}, {'name': 'addrlen', 'type': 'int', 'value': 16}]",1,1
487.057496,7555,7555,7548,1001,4026531840,tsm,ip-10-100-1-217,42,connect,[],3,-114,"[{'name': 'sockfd', 'type': 'int', 'value': 318}, {'name': 'addr', 'type': 'struct sockaddr*', 'value': ""{'sa_family': 'AF_INET','sin_port': '22','sin_addr': '192.168.19.97'}""}, {'name': 'addrlen', 'type': 'int', 'value': 16}]",1,1
487.057518,7555,7555,7548,1001,4026531840,tsm,ip-10-100-1-217,42,connect,[],3,-114,"[{'name': 'sockfd', 'type': 'int', 'value': 319}, {'name': 'addr', 'type': 'struct sockaddr*', 'value': ""{'sa_family': 'AF_INET','sin_port': '22','sin_addr': '192.168.19.98'}""}, {'name': 'addrlen', 'type': 'int', 'value': 16}]",1,1
487.05754,7555,7555,7548,1001,4026531840,tsm,ip-10-100-1-217,42,connect,[],3,-114,"[{'name': 'sockfd', 'type': 'int', 'value': 320}, {'name': 'addr', 'type': 'struct sockaddr*', 'value': ""{'sa_family': 'AF_INET','sin_port': '22','sin_addr': '192.168.19.99'}""}, {'name': 'addrlen', 'type': 'int', 'value': 16}]",1,1
487.057562,7555,7555,7548,1001,4026531840,tsm,ip-10-100-1-217,42,connect,[],3,-114,"[{'name': 'sockfd', 'type': 'int', 'value': 321}, {'name': 'addr', 'type': 'struct sockaddr*', 'value': ""{'sin_port': '22','sin_addr': '192.168.19.100','sa_family': 'AF_INET'}""}, {'name': 'addrlen', 'type': 'int', 'value': 16}]",1,1
487.057584,7555,7555,7548,1001,4026531840,tsm,ip-10-100-1-217,42,connect,[],3,-114,"[{'name': 'sockfd', 'type': 'int', 'value': 322}, {'name': 'addr', 'type': 'struct sockaddr*', 'value': ""{'sa_family': 'AF_INET','sin_port': '22','sin_addr': '192.168.19.101'}""}, {'name': 'addrlen', 'type': 'int', 'value': 16}]",1,1
487.057606,7555,7555,7548,1001,4026531840,tsm,ip-10-100-1-217,42,connect,[],3,-114,"[{'name': 'sockfd', 'type': 'int', 'value': 323}, {'name': 'addr', 'type': 'struct sockaddr*', 'value': ""{'sin_port': '22','sin_addr': '192.168.19.102','sa_family': 'AF_INET'}""}, {'name': 'addrlen', 'type': 'int', 'value': 16}]",1,1
487.057628,7555,7555,7548,1001,4026531840,tsm,ip-10-100-1-217,42,connect,[],3,-114,"[{'name': 'sockfd', 'type': 'int', 'value': 324}, {'name': 'addr', 'type': 'struct sockaddr*', 'value': ""{'sa_family': 'AF_INET','sin_port': '22','sin_addr': '192.168.19.103'}""}, {'name': 'addrlen', 'type': 'int', 'value': 16}]",1,1
487.05765,7555,7555,7548,1001,4026531840,tsm,ip-10-100-1-217,42,connect,[],3,-114,"[{'name': 'sockfd', 'type': 'int', 'value': 325}, {'name': 'addr', 'type': 'struct sockaddr*', 'value': ""{'sa_family': 'AF_INET','sin_port': '22','sin_addr': '192.168.19.104'}""}, {'name': 'addrlen', 'type': 'int', 'value': 16}]",1,1
487.057672,7555,7555,7548,1001,4026531840,tsm,ip-10-100-1-217,42,connect,[],3,-114,"[{'name': 'sockfd', 'type': 'int', 'value': 326}, {'name': 'addr', 'type': 'struct sockaddr*', 'value': ""{'sa_family': 'AF_INET','sin_port': '22','sin_addr': '192.168.19.105'}""}, {'name': 'addrlen', 'type': 'int', 'value': 16}]",1,1
487.057695,7555,7555,7548,1001,4026531840,tsm,ip-10-100-1-217,42,connect,[],3,-114,"[{'name': 'sockfd', 'type': 'int', 'value': 327}, {'name': 'addr', 'type': 'struct sockaddr*', 'value': ""{'sa_family': 'AF_INET','sin_port': '22','sin_addr': '192.168.19.106'}""}, {'name': 'addrlen', 'type': 'int', 'value': 16}]",1,1
487.057716,7555,7555,7548,1001,4026531840,tsm,ip-10-100-1-217,42,connect,[],3,-114,"[{'name': 'sockfd', 'type': 'int', 'value': 328}, {'name': 'addr', 'type': 'struct sockaddr*', 'value': ""{'sa_family': 'AF_INET','sin_port': '22','sin_addr': '192.168.19.107'}""}, {'name': 'addrlen', 'type': 'int', 'value': 16}]",1,1
487.057738,7555,7555,7548,1001,4026531840,tsm,ip-10-100-1-217,42,connect,[],3,-114,"[{'name': 'sockfd', 'type': 'int', 'value': 329}, {'name': 'addr', 'type': 'struct sockaddr*', 'value': ""{'sa_family': 'AF_INET','sin_port': '22','sin_addr': '192.168.19.108'}""}, {'name': 'addrlen', 'type': 'int', 'value': 16}]",1,1
487.05776,7555,7555,7548,1001,4026531840,tsm,ip-10-100-1-217,42,connect,[],3,-114,"[{'name': 'sockfd', 'type': 'int', 'value': 330}, {'name': 'addr', 'type': 'struct sockaddr*', 'value': ""{'sin_addr': '192.168.19.109','sa_family': 'AF_INET','sin_port': '22'}""}, {'name': 'addrlen', 'type': 'int', 'value': 16}]",1,1
487.057782,7555,7555,7548,1001,4026531840,tsm,ip-10-100-1-217,42,connect,[],3,-114,"[{'name': 'sockfd', 'type': 'int', 'value': 331}, {'name': 'addr', 'type': 'struct sockaddr*', 'value': ""{'sa_family': 'AF_INET','sin_port': '22','sin_addr': '192.168.19.110'}""}, {'name': 'addrlen', 'type': 'int', 'value': 16}]",1,1
487.057804,7555,7555,7548,1001,4026531840,tsm,ip-10-100-1-217,42,connect,[],3,-114,"[{'name': 'sockfd', 'type': 'int', 'value': 332}, {'name': 'addr', 'type': 'struct sockaddr*', 'value': ""{'sin_addr': '192.168.19.111','sa_family': 'AF_INET','sin_port': '22'}""}, {'name': 'addrlen', 'type': 'int', 'value': 16}]",1,1
487.057827,7555,7555,7548,1001,4026531840,tsm,ip-10-100-1-217,42,connect,[],3,-114,"[{'name': 'sockfd', 'type': 'int', 'value': 333}, {'name': 'addr', 'type': 'struct sockaddr*', 'value': ""{'sin_port': '22','sin_addr': '192.168.19.112','sa_family': 'AF_INET'}""}, {'name': 'addrlen', 'type': 'int', 'value': 16}]",1,1
487.057849,7555,7555,7548,1001,4026531840,tsm,ip-10-100-1-217,42,connect,[],3,-114,"[{'name': 'sockfd', 'type': 'int', 'value': 334}, {'name': 'addr', 'type': 'struct sockaddr*', 'value': ""{'sa_family': 'AF_INET','sin_port': '22','sin_addr': '192.168.19.113'}""}, {'name': 'addrlen', 'type': 'int', 'value': 16}]",1,1
487.057871,7555,7555,7548,1001,4026531840,tsm,ip-10-100-1-217,42,connect,[],3,-114,"[{'name': 'sockfd', 'type': 'int', 'value': 335}, {'name': 'addr', 'type': 'struct sockaddr*', 'value': ""{'sa_family': 'AF_INET','sin_port': '22','sin_addr': '192.168.19.114'}""}, {'name': 'addrlen', 'type': 'int', 'value': 16}]",1,1
487.057893,7555,7555,7548,1001,4026531840,tsm,ip-10-100-1-217,42,connect,[],3,-114,"[{'name': 'sockfd', 'type': 'int', 'value': 336}, {'name': 'addr', 'type': 'struct sockaddr*', 'value': ""{'sin_addr': '192.168.19.115','sa_family': 'AF_INET','sin_port': '22'}""}, {'name': 'addrlen', 'type': 'int', 'value': 16}]",1,1
487.057915,7555,7555,7548,1001,4026531840,tsm,ip-10-100-1-217,42,connect,[],3,-114,"[{'name': 'sockfd', 'type': 'int', 'value': 337}, {'name': 'addr', 'type': 'struct sockaddr*', 'value': ""{'sa_family': 'AF_INET','sin_port': '22','sin_addr': '192.168.19.116'}""}, {'name': 'addrlen', 'type': 'int', 'value': 16}]",1,1
487.057937,7555,7555,7548,1001,4026531840,tsm,ip-10-100-1-217,42,connect,[],3,-114,"[{'name': 'sockfd', 'type': 'int', 'value': 338}, {'name': 'addr', 'type': 'struct sockaddr*', 'value': ""{'sa_family': 'AF_INET','sin_port': '22','sin_addr': '192.168.19.117'}""}, {'name': 'addrlen', 'type': 'int', 'value': 16}]",1,1
487.057959,7555,7555,7548,1001,4026531840,tsm,ip-10-100-1-217,42,connect,[],3,-114,"[{'name': 'sockfd', 'type': 'int', 'value': 339}, {'name': 'addr', 'type': 'struct sockaddr*', 'value': ""{'sa_family': 'AF_INET','sin_port': '22','sin_addr': '192.168.19.118'}""}, {'name': 'addrlen', 'type': 'int', 'value': 16}]",1,1
487.057981,7555,7555,7548,1001,4026531840,tsm,ip-10-100-1-217,42,connect,[],3,-114,"[{'name': 'sockfd', 'type': 'int', 'value': 340}, {'name': 'addr', 'type': 'struct sockaddr*', 'value': ""{'sa_family': 'AF_INET','sin_port': '22','sin_addr': '192.168.19.119'}""}, {'name': 'addrlen', 'type': 'int', 'value': 16}]",1,1
487.058003,7555,7555,7548,1001,4026531840,tsm,ip-10-100-1-217,42,connect,[],3,-114,"[{'name': 'sockfd', 'type': 'int', 'value': 341}, {'name': 'addr', 'type': 'struct sockaddr*', 'value': ""{'sa_family': 'AF_INET','sin_port': '22','sin_addr': '192.168.19.120'}""}, {'name': 'addrlen', 'type': 'int', 'value': 16}]",1,1
487.058025,7555,7555,7548,1001,4026531840,tsm,ip-10-100-1-217,42,connect,[],3,-114,"[{'name': 'sockfd', 'type': 'int', 'value': 342}, {'name': 'addr', 'type': 'struct sockaddr*', 'value': ""{'sin_port': '22','sin_addr': '192.168.19.121','sa_family': 'AF_INET'}""}, {'name': 'addrlen', 'type': 'int', 'value': 16}]",1,1
487.058047,7555,7555,7548,1001,4026531840,tsm,ip-10-100-1-217,42,connect,[],3,-114,"[{'name': 'sockfd', 'type': 'int', 'value': 343}, {'name': 'addr', 'type': 'struct sockaddr*', 'value': ""{'sa_family': 'AF_INET','sin_port': '22','sin_addr': '192.168.19.122'}""}, {'name': 'addrlen', 'type': 'int', 'value': 16}]",1,1
487.058069,7555,7555,7548,1001,4026531840,tsm,ip-10-100-1-217,42,connect,[],3,-114,"[{'name': 'sockfd', 'type': 'int', 'value': 344}, {'name': 'addr', 'type': 'struct sockaddr*', 'value': ""{'sin_port': '22','sin_addr': '192.168.19.123','sa_family': 'AF_INET'}""}, {'name': 'addrlen', 'type': 'int', 'value': 16}]",1,1
487.058092,7555,7555,7548,1001,4026531840,tsm,ip-10-100-1-217,42,connect,[],3,-114,"[{'name': 'sockfd', 'type': 'int', 'value': 345}, {'name': 'addr', 'type': 'struct sockaddr*', 'value': ""{'sa_family': 'AF_INET','sin_port': '22','sin_addr': '192.168.19.124'}""}, {'name': 'addrlen', 'type': 'int', 'value': 16}]",1,1
487.058114,7555,7555,7548,1001,4026531840,tsm,ip-10-100-1-217,42,connect,[],3,-114,"[{'name': 'sockfd', 'type': 'int', 'value': 346}, {'name': 'addr', 'type': 'struct sockaddr*', 'value': ""{'sin_addr': '192.168.19.125','sa_family': 'AF_INET','sin_port': '22'}""}, {'name': 'addrlen', 'type': 'int', 'value': 16}]",1,1
487.058136,7555,7555,7548,1001,4026531840,tsm,ip-10-100-1-217,42,connect,[],3,-114,"[{'name': 'sockfd', 'type': 'int', 'value': 347}, {'name': 'addr', 'type': 'struct sockaddr*', 'value': ""{'sa_family': 'AF_INET','sin_port': '22','sin_addr': '192.168.19.126'}""}, {'name': 'addrlen', 'type': 'int', 'value': 16}]",1,1
487.058158,7555,7555,7548,1001,4026531840,tsm,ip-10-100-1-217,42,connect,[],3,-114,"[{'name': 'sockfd', 'type': 'int', 'value': 348}, {'name': 'addr', 'type': 'struct sockaddr*', 'value': ""{'sa_family': 'AF_INET','sin_port': '22','sin_addr': '192.168.19.127'}""}, {'name': 'addrlen', 'type': 'int', 'value': 16}]",1,1
487.05818,7555,7555,7548,1001,4026531840,tsm,ip-10-100-1-217,42,connect,[],3,-114,"[{'name': 'sockfd', 'type': 'int', 'value': 349}, {'name': 'addr', 'type': 'struct sockaddr*', 'value': ""{'sa_family': 'AF_INET','sin_port': '22','sin_addr': '192.168.19.128'}""}, {'name': 'addrlen', 'type': 'int', 'value': 16}]",1,1
487.058202,7555,7555,7548,1001,4026531840,tsm,ip-10-100-1-217,42,connect,[],3,-114,"[{'name': 'sockfd', 'type': 'int', 'value': 350}, {'name': 'addr', 'type': 'struct sockaddr*', 'value': ""{'sa_family': 'AF_INET','sin_port': '22','sin_addr': '192.168.19.129'}""}, {'name': 'addrlen', 'type': 'int', 'value': 16}]",1,1
487.058224,7555,7555,7548,1001,4026531840,tsm,ip-10-100-1-217,42,connect,[],3,-114,"[{'name': 'sockfd', 'type': 'int', 'value': 351}, {'name': 'addr', 'type': 'struct sockaddr*', 'value': ""{'sa_family': 'AF_INET','sin_port': '22','sin_addr': '192.168.19.130'}""}, {'name': 'addrlen', 'type': 'int', 'value': 16}]",1,1
487.058246,7555,7555,7548,1001,4026531840,tsm,ip-10-100-1-217,42,connect,[],3,-114,"[{'name': 'sockfd', 'type': 'int', 'value': 352}, {'name': 'addr', 'type': 'struct sockaddr*', 'value': ""{'sa_family': 'AF_INET','sin_port': '22','sin_addr': '192.168.19.131'}""}, {'name': 'addrlen', 'type': 'int', 'value': 16}]",1,1
487.058268,7555,7555,7548,1001,4026531840,tsm,ip-10-100-1-217,42,connect,[],3,-114,"[{'name': 'sockfd', 'type': 'int', 'value': 353}, {'name': 'addr', 'type': 'struct sockaddr*', 'value': ""{'sa_family': 'AF_INET','sin_port': '22','sin_addr': '192.168.19.132'}""}, {'name': 'addrlen', 'type': 'int', 'value': 16}]",1,1
487.05829,7555,7555,7548,1001,4026531840,tsm,ip-10-100-1-217,42,connect,[],3,-114,"[{'name': 'sockfd', 'type': 'int', 'value': 354}, {'name': 'addr', 'type': 'struct sockaddr*', 'value': ""{'sa_family': 'AF_INET','sin_port': '22','sin_addr': '192.168.19.133'}""}, {'name': 'addrlen', 'type': 'int', 'value': 16}]",1,1
487.058312,7555,7555,7548,1001,4026531840,tsm,ip-10-100-1-217,42,connect,[],3,-114,"[{'name': 'sockfd', 'type': 'int', 'value': 355}, {'name': 'addr', 'type': 'struct sockaddr*', 'value': ""{'sin_addr': '192.168.19.134','sa_family': 'AF_INET','sin_port': '22'}""}, {'name': 'addrlen', 'type': 'int', 'value': 16}]",1,1
487.058334,7555,7555,7548,1001,4026531840,tsm,ip-10-100-1-217,42,connect,[],3,-114,"[{'name': 'sockfd', 'type': 'int', 'value': 356}, {'name': 'addr', 'type': 'struct sockaddr*', 'value': ""{'sin_port': '22','sin_addr': '192.168.19.135','sa_family': 'AF_INET'}""}, {'name': 'addrlen', 'type': 'int', 'value': 16}]",1,1
487.058356,7555,7555,7548,1001,4026531840,tsm,ip-10-100-1-217,42,connect,[],3,-114,"[{'name': 'sockfd', 'type': 'int', 'value': 357}, {'name': 'addr', 'type': 'struct sockaddr*', 'value': ""{'sa_family': 'AF_INET','sin_port': '22','sin_addr': '192.168.19.136'}""}, {'name': 'addrlen', 'type': 'int', 'value': 16}]",1,1
487.058378,7555,7555,7548,1001,4026531840,tsm,ip-10-100-1-217,42,connect,[],3,-114,"[{'name': 'sockfd', 'type': 'int', 'value': 358}, {'name': 'addr', 'type': 'struct sockaddr*', 'value': ""{'sa_family': 'AF_INET','sin_port': '22','sin_addr': '192.168.19.137'}""}, {'name': 'addrlen', 'type': 'int', 'value': 16}]",1,1
487.0584,7555,7555,7548,1001,4026531840,tsm,ip-10-100-1-217,42,connect,[],3,-114,"[{'name': 'sockfd', 'type': 'int', 'value': 359}, {'name': 'addr', 'type': 'struct sockaddr*', 'value': ""{'sin_addr': '192.168.19.138','sa_family': 'AF_INET','sin_port': '22'}""}, {'name': 'addrlen', 'type': 'int', 'value': 16}]",1,1
487.058422,7555,7555,7548,1001,4026531840,tsm,ip-10-100-1-217,42,connect,[],3,-114,"[{'name': 'sockfd', 'type': 'int', 'value': 360}, {'name': 'addr', 'type': 'struct sockaddr*', 'value': ""{'sa_family': 'AF_INET','sin_port': '22','sin_addr': '192.168.19.139'}""}, {'name': 'addrlen', 'type': 'int', 'value': 16}]",1,1
487.058444,7555,7555,7548,1001,4026531840,tsm,ip-10-100-1-217,42,connect,[],3,-114,"[{'name': 'sockfd', 'type': 'int', 'value': 361}, {'name': 'addr', 'type': 'struct sockaddr*', 'value': ""{'sin_addr': '192.168.19.140','sa_family': 'AF_INET','sin_port': '22'}""}, {'name': 'addrlen', 'type': 'int', 'value': 16}]",1,1
487.060594,7555,7555,7548,1001,4026531840,tsm,ip-10-100-1-217,42,connect,[],3,-114,"[{'name': 'sockfd', 'type': 'int', 'value': 362}, {'name': 'addr', 'type': 'struct sockaddr*', 'value': ""{'sa_family': 'AF_INET','sin_port': '22','sin_addr': '192.168.19.141'}""}, {'name': 'addrlen', 'type': 'int', 'value': 16}]",1,1
487.060622,7555,7555,7548,1001,4026531840,tsm,ip-10-100-1-217,42,connect,[],3,-114,"[{'name': 'sockfd', 'type': 'int', 'value': 363}, {'name': 'addr', 'type': 'struct sockaddr*', 'value': ""{'sa_family': 'AF_INET','sin_port': '22','sin_addr': '192.168.19.142'}""}, {'name': 'addrlen', 'type': 'int', 'value': 16}]",1,1
487.060644,7555,7555,7548,1001,4026531840,tsm,ip-10-100-1-217,42,connect,[],3,-114,"[{'name': 'sockfd', 'type': 'int', 'value': 364}, {'name': 'addr', 'type': 'struct sockaddr*', 'value': ""{'sa_family': 'AF_INET','sin_port': '22','sin_addr': '192.168.19.143'}""}, {'name': 'addrlen', 'type': 'int', 'value': 16}]",1,1
487.060667,7555,7555,7548,1001,4026531840,tsm,ip-10-100-1-217,42,connect,[],3,-114,"[{'name': 'sockfd', 'type': 'int', 'value': 365}, {'name': 'addr', 'type': 'struct sockaddr*', 'value': ""{'sa_family': 'AF_INET','sin_port': '22','sin_addr': '192.168.19.144'}""}, {'name': 'addrlen', 'type': 'int', 'value': 16}]",1,1
487.060689,7555,7555,7548,1001,4026531840,tsm,ip-10-100-1-217,42,connect,[],3,-114,"[{'name': 'sockfd', 'type': 'int', 'value': 366}, {'name': 'addr', 'type': 'struct sockaddr*', 'value': ""{'sa_family': 'AF_INET','sin_port': '22','sin_addr': '192.168.19.145'}""}, {'name': 'addrlen', 'type': 'int', 'value': 16}]",1,1
487.060711,7555,7555,7548,1001,4026531840,tsm,ip-10-100-1-217,42,connect,[],3,-114,"[{'name': 'sockfd', 'type': 'int', 'value': 367}, {'name': 'addr', 'type': 'struct sockaddr*', 'value': ""{'sa_family': 'AF_INET','sin_port': '22','sin_addr': '192.168.19.146'}""}, {'name': 'addrlen', 'type': 'int', 'value': 16}]",1,1
487.060733,7555,7555,7548,1001,4026531840,tsm,ip-10-100-1-217,42,connect,[],3,-114,"[{'name': 'sockfd', 'type': 'int', 'value': 368}, {'name': 'addr', 'type': 'struct sockaddr*', 'value': ""{'sa_family': 'AF_INET','sin_port': '22','sin_addr': '192.168.19.147'}""}, {'name': 'addrlen', 'type': 'int', 'value': 16}]",1,1
487.060755,7555,7555,7548,1001,4026531840,tsm,ip-10-100-1-217,42,connect,[],3,-114,"[{'name': 'sockfd', 'type': 'int', 'value': 369}, {'name': 'addr', 'type': 'struct sockaddr*', 'value': ""{'sin_port': '22','sin_addr': '192.168.19.148','sa_family': 'AF_INET'}""}, {'name': 'addrlen', 'type': 'int', 'value': 16}]",1,1
487.060777,7555,7555,7548,1001,4026531840,tsm,ip-10-100-1-217,42,connect,[],3,-114,"[{'name': 'sockfd', 'type': 'int', 'value': 370}, {'name': 'addr', 'type': 'struct sockaddr*', 'value': ""{'sin_port': '22','sin_addr': '192.168.19.149','sa_family': 'AF_INET'}""}, {'name': 'addrlen', 'type': 'int', 'value': 16}]",1,1
487.060799,7555,7555,7548,1001,4026531840,tsm,ip-10-100-1-217,42,connect,[],3,-114,"[{'name': 'sockfd', 'type': 'int', 'value': 371}, {'name': 'addr', 'type': 'struct sockaddr*', 'value': ""{'sin_port': '22','sin_addr': '192.168.19.150','sa_family': 'AF_INET'}""}, {'name': 'addrlen', 'type': 'int', 'value': 16}]",1,1
487.060821,7555,7555,7548,1001,4026531840,tsm,ip-10-100-1-217,42,connect,[],3,-114,"[{'name': 'sockfd', 'type': 'int', 'value': 372}, {'name': 'addr', 'type': 'struct sockaddr*', 'value': ""{'sa_family': 'AF_INET','sin_port': '22','sin_addr': '192.168.19.151'}""}, {'name': 'addrlen', 'type': 'int', 'value': 16}]",1,1
487.060843,7555,7555,7548,1001,4026531840,tsm,ip-10-100-1-217,42,connect,[],3,-114,"[{'name': 'sockfd', 'type': 'int', 'value': 373}, {'name': 'addr', 'type': 'struct sockaddr*', 'value': ""{'sa_family': 'AF_INET','sin_port': '22','sin_addr': '192.168.19.152'}""}, {'name': 'addrlen', 'type': 'int', 'value': 16}]",1,1
487.060865,7555,7555,7548,1001,4026531840,tsm,ip-10-100-1-217,42,connect,[],3,-114,"[{'name': 'sockfd', 'type': 'int', 'value': 374}, {'name': 'addr', 'type': 'struct sockaddr*', 'value': ""{'sa_family': 'AF_INET','sin_port': '22','sin_addr': '192.168.19.153'}""}, {'name': 'addrlen', 'type': 'int', 'value': 16}]",1,1
487.060887,7555,7555,7548,1001,4026531840,tsm,ip-10-100-1-217,42,connect,[],3,-114,"[{'name': 'sockfd', 'type': 'int', 'value': 375}, {'name': 'addr', 'type': 'struct sockaddr*', 'value': ""{'sa_family': 'AF_INET','sin_port': '22','sin_addr': '192.168.19.154'}""}, {'name': 'addrlen', 'type': 'int', 'value': 16}]",1,1
487.060909,7555,7555,7548,1001,4026531840,tsm,ip-10-100-1-217,42,connect,[],3,-114,"[{'name': 'sockfd', 'type': 'int', 'value': 376}, {'name': 'addr', 'type': 'struct sockaddr*', 'value': ""{'sin_port': '22','sin_addr': '192.168.19.155','sa_family': 'AF_INET'}""}, {'name': 'addrlen', 'type': 'int', 'value': 16}]",1,1
487.060931,7555,7555,7548,1001,4026531840,tsm,ip-10-100-1-217,42,connect,[],3,-114,"[{'name': 'sockfd', 'type': 'int', 'value': 377}, {'name': 'addr', 'type': 'struct sockaddr*', 'value': ""{'sa_family': 'AF_INET','sin_port': '22','sin_addr': '192.168.19.156'}""}, {'name': 'addrlen', 'type': 'int', 'value': 16}]",1,1
487.060953,7555,7555,7548,1001,4026531840,tsm,ip-10-100-1-217,42,connect,[],3,-114,"[{'name': 'sockfd', 'type': 'int', 'value': 378}, {'name': 'addr', 'type': 'struct sockaddr*', 'value': ""{'sa_family': 'AF_INET','sin_port': '22','sin_addr': '192.168.19.157'}""}, {'name': 'addrlen', 'type': 'int', 'value': 16}]",1,1
487.060975,7555,7555,7548,1001,4026531840,tsm,ip-10-100-1-217,42,connect,[],3,-114,"[{'name': 'sockfd', 'type': 'int', 'value': 379}, {'name': 'addr', 'type': 'struct sockaddr*', 'value': ""{'sa_family': 'AF_INET','sin_port': '22','sin_addr': '192.168.19.158'}""}, {'name': 'addrlen', 'type': 'int', 'value': 16}]",1,1
487.060997,7555,7555,7548,1001,4026531840,tsm,ip-10-100-1-217,42,connect,[],3,-114,"[{'name': 'sockfd', 'type': 'int', 'value': 380}, {'name': 'addr', 'type': 'struct sockaddr*', 'value': ""{'sin_addr': '192.168.19.159','sa_family': 'AF_INET','sin_port': '22'}""}, {'name': 'addrlen', 'type': 'int', 'value': 16}]",1,1
487.061019,7555,7555,7548,1001,4026531840,tsm,ip-10-100-1-217,42,connect,[],3,-114,"[{'name': 'sockfd', 'type': 'int', 'value': 381}, {'name': 'addr', 'type': 'struct sockaddr*', 'value': ""{'sa_family': 'AF_INET','sin_port': '22','sin_addr': '192.168.19.160'}""}, {'name': 'addrlen', 'type': 'int', 'value': 16}]",1,1
487.061041,7555,7555,7548,1001,4026531840,tsm,ip-10-100-1-217,42,connect,[],3,-114,"[{'name': 'sockfd', 'type': 'int', 'value': 382}, {'name': 'addr', 'type': 'struct sockaddr*', 'value': ""{'sa_family': 'AF_INET','sin_port': '22','sin_addr': '192.168.19.161'}""}, {'name': 'addrlen', 'type': 'int', 'value': 16}]",1,1
487.061064,7555,7555,7548,1001,4026531840,tsm,ip-10-100-1-217,42,connect,[],3,-114,"[{'name': 'sockfd', 'type': 'int', 'value': 383}, {'name': 'addr', 'type': 'struct sockaddr*', 'value': ""{'sin_port': '22','sin_addr': '192.168.19.162','sa_family': 'AF_INET'}""}, {'name': 'addrlen', 'type': 'int', 'value': 16}]",1,1
487.061086,7555,7555,7548,1001,4026531840,tsm,ip-10-100-1-217,42,connect,[],3,-114,"[{'name': 'sockfd', 'type': 'int', 'value': 384}, {'name': 'addr', 'type': 'struct sockaddr*', 'value': ""{'sa_family': 'AF_INET','sin_port': '22','sin_addr': '192.168.19.163'}""}, {'name': 'addrlen', 'type': 'int', 'value': 16}]",1,1
487.061108,7555,7555,7548,1001,4026531840,tsm,ip-10-100-1-217,42,connect,[],3,-114,"[{'name': 'sockfd', 'type': 'int', 'value': 385}, {'name': 'addr', 'type': 'struct sockaddr*', 'value': ""{'sa_family': 'AF_INET','sin_port': '22','sin_addr': '192.168.19.164'}""}, {'name': 'addrlen', 'type': 'int', 'value': 16}]",1,1
487.06113,7555,7555,7548,1001,4026531840,tsm,ip-10-100-1-217,42,connect,[],3,-114,"[{'name': 'sockfd', 'type': 'int', 'value': 386}, {'name': 'addr', 'type': 'struct sockaddr*', 'value': ""{'sa_family': 'AF_INET','sin_port': '22','sin_addr': '192.168.19.165'}""}, {'name': 'addrlen', 'type': 'int', 'value': 16}]",1,1
487.061152,7555,7555,7548,1001,4026531840,tsm,ip-10-100-1-217,42,connect,[],3,-114,"[{'name': 'sockfd', 'type': 'int', 'value': 387}, {'name': 'addr', 'type': 'struct sockaddr*', 'value': ""{'sa_family': 'AF_INET','sin_port': '22','sin_addr': '192.168.19.166'}""}, {'name': 'addrlen', 'type': 'int', 'value': 16}]",1,1
487.061174,7555,7555,7548,1001,4026531840,tsm,ip-10-100-1-217,42,connect,[],3,-114,"[{'name': 'sockfd', 'type': 'int', 'value': 388}, {'name': 'addr', 'type': 'struct sockaddr*', 'value': ""{'sa_family': 'AF_INET','sin_port': '22','sin_addr': '192.168.19.167'}""}, {'name': 'addrlen', 'type': 'int', 'value': 16}]",1,1
487.061197,7555,7555,7548,1001,4026531840,tsm,ip-10-100-1-217,42,connect,[],3,-114,"[{'name': 'sockfd', 'type': 'int', 'value': 389}, {'name': 'addr', 'type': 'struct sockaddr*', 'value': ""{'sa_family': 'AF_INET','sin_port': '22','sin_addr': '192.168.19.168'}""}, {'name': 'addrlen', 'type': 'int', 'value': 16}]",1,1
487.061218,7555,7555,7548,1001,4026531840,tsm,ip-10-100-1-217,42,connect,[],3,-114,"[{'name': 'sockfd', 'type': 'int', 'value': 390}, {'name': 'addr', 'type': 'struct sockaddr*', 'value': ""{'sin_addr': '192.168.19.169','sa_family': 'AF_INET','sin_port': '22'}""}, {'name': 'addrlen', 'type': 'int', 'value': 16}]",1,1
487.061241,7555,7555,7548,1001,4026531840,tsm,ip-10-100-1-217,42,connect,[],3,-114,"[{'name': 'sockfd', 'type': 'int', 'value': 391}, {'name': 'addr', 'type': 'struct sockaddr*', 'value': ""{'sin_port': '22','sin_addr': '192.168.19.170','sa_family': 'AF_INET'}""}, {'name': 'addrlen', 'type': 'int', 'value': 16}]",1,1
487.061263,7555,7555,7548,1001,4026531840,tsm,ip-10-100-1-217,42,connect,[],3,-114,"[{'name': 'sockfd', 'type': 'int', 'value': 392}, {'name': 'addr', 'type': 'struct sockaddr*', 'value': ""{'sa_family': 'AF_INET','sin_port': '22','sin_addr': '192.168.19.171'}""}, {'name': 'addrlen', 'type': 'int', 'value': 16}]",1,1
487.061285,7555,7555,7548,1001,4026531840,tsm,ip-10-100-1-217,42,connect,[],3,-114,"[{'name': 'sockfd', 'type': 'int', 'value': 393}, {'name': 'addr', 'type': 'struct sockaddr*', 'value': ""{'sa_family': 'AF_INET','sin_port': '22','sin_addr': '192.168.19.172'}""}, {'name': 'addrlen', 'type': 'int', 'value': 16}]",1,1
487.061307,7555,7555,7548,1001,4026531840,tsm,ip-10-100-1-217,42,connect,[],3,-114,"[{'name': 'sockfd', 'type': 'int', 'value': 394}, {'name': 'addr', 'type': 'struct sockaddr*', 'value': ""{'sa_family': 'AF_INET','sin_port': '22','sin_addr': '192.168.19.173'}""}, {'name': 'addrlen', 'type': 'int', 'value': 16}]",1,1
487.061329,7555,7555,7548,1001,4026531840,tsm,ip-10-100-1-217,42,connect,[],3,-114,"[{'name': 'sockfd', 'type': 'int', 'value': 395}, {'name': 'addr', 'type': 'struct sockaddr*', 'value': ""{'sa_family': 'AF_INET','sin_port': '22','sin_addr': '192.168.19.174'}""}, {'name': 'addrlen', 'type': 'int', 'value': 16}]",1,1
487.061355,7555,7555,7548,1001,4026531840,tsm,ip-10-100-1-217,42,connect,[],3,-114,"[{'name': 'sockfd', 'type': 'int', 'value': 396}, {'name': 'addr', 'type': 'struct sockaddr*', 'value': ""{'sa_family': 'AF_INET','sin_port': '22','sin_addr': '192.168.19.175'}""}, {'name': 'addrlen', 'type': 'int', 'value': 16}]",1,1
487.061378,7555,7555,7548,1001,4026531840,tsm,ip-10-100-1-217,42,connect,[],3,-114,"[{'name': 'sockfd', 'type': 'int', 'value': 397}, {'name': 'addr', 'type': 'struct sockaddr*', 'value': ""{'sa_family': 'AF_INET','sin_port': '22','sin_addr': '192.168.19.176'}""}, {'name': 'addrlen', 'type': 'int', 'value': 16}]",1,1
487.0614,7555,7555,7548,1001,4026531840,tsm,ip-10-100-1-217,42,connect,[],3,-114,"[{'name': 'sockfd', 'type': 'int', 'value': 398}, {'name': 'addr', 'type': 'struct sockaddr*', 'value': ""{'sa_family': 'AF_INET','sin_port': '22','sin_addr': '192.168.19.177'}""}, {'name': 'addrlen', 'type': 'int', 'value': 16}]",1,1
487.061422,7555,7555,7548,1001,4026531840,tsm,ip-10-100-1-217,42,connect,[],3,-114,"[{'name': 'sockfd', 'type': 'int', 'value': 399}, {'name': 'addr', 'type': 'struct sockaddr*', 'value': ""{'sa_family': 'AF_INET','sin_port': '22','sin_addr': '192.168.19.178'}""}, {'name': 'addrlen', 'type': 'int', 'value': 16}]",1,1
487.061444,7555,7555,7548,1001,4026531840,tsm,ip-10-100-1-217,42,connect,[],3,-114,"[{'name': 'sockfd', 'type': 'int', 'value': 400}, {'name': 'addr', 'type': 'struct sockaddr*', 'value': ""{'sa_family': 'AF_INET','sin_port': '22','sin_addr': '192.168.19.179'}""}, {'name': 'addrlen', 'type': 'int', 'value': 16}]",1,1
487.061466,7555,7555,7548,1001,4026531840,tsm,ip-10-100-1-217,42,connect,[],3,-114,"[{'name': 'sockfd', 'type': 'int', 'value': 401}, {'name': 'addr', 'type': 'struct sockaddr*', 'value': ""{'sa_family': 'AF_INET','sin_port': '22','sin_addr': '192.168.19.180'}""}, {'name': 'addrlen', 'type': 'int', 'value': 16}]",1,1
487.061488,7555,7555,7548,1001,4026531840,tsm,ip-10-100-1-217,42,connect,[],3,-114,"[{'name': 'sockfd', 'type': 'int', 'value': 402}, {'name': 'addr', 'type': 'struct sockaddr*', 'value': ""{'sin_port': '22','sin_addr': '192.168.19.181','sa_family': 'AF_INET'}""}, {'name': 'addrlen', 'type': 'int', 'value': 16}]",1,1
487.06151,7555,7555,7548,1001,4026531840,tsm,ip-10-100-1-217,42,connect,[],3,-114,"[{'name': 'sockfd', 'type': 'int', 'value': 403}, {'name': 'addr', 'type': 'struct sockaddr*', 'value': ""{'sa_family': 'AF_INET','sin_port': '22','sin_addr': '192.168.19.182'}""}, {'name': 'addrlen', 'type': 'int', 'value': 16}]",1,1
487.061532,7555,7555,7548,1001,4026531840,tsm,ip-10-100-1-217,42,connect,[],3,-114,"[{'name': 'sockfd', 'type': 'int', 'value': 404}, {'name': 'addr', 'type': 'struct sockaddr*', 'value': ""{'sa_family': 'AF_INET','sin_port': '22','sin_addr': '192.168.19.183'}""}, {'name': 'addrlen', 'type': 'int', 'value': 16}]",1,1
487.061554,7555,7555,7548,1001,4026531840,tsm,ip-10-100-1-217,42,connect,[],3,-114,"[{'name': 'sockfd', 'type': 'int', 'value': 405}, {'name': 'addr', 'type': 'struct sockaddr*', 'value': ""{'sa_family': 'AF_INET','sin_port': '22','sin_addr': '192.168.19.184'}""}, {'name': 'addrlen', 'type': 'int', 'value': 16}]",1,1
487.061576,7555,7555,7548,1001,4026531840,tsm,ip-10-100-1-217,42,connect,[],3,-114,"[{'name': 'sockfd', 'type': 'int', 'value': 406}, {'name': 'addr', 'type': 'struct sockaddr*', 'value': ""{'sa_family': 'AF_INET','sin_port': '22','sin_addr': '192.168.19.185'}""}, {'name': 'addrlen', 'type': 'int', 'value': 16}]",1,1
487.061598,7555,7555,7548,1001,4026531840,tsm,ip-10-100-1-217,42,connect,[],3,-114,"[{'name': 'sockfd', 'type': 'int', 'value': 407}, {'name': 'addr', 'type': 'struct sockaddr*', 'value': ""{'sa_family': 'AF_INET','sin_port': '22','sin_addr': '192.168.19.186'}""}, {'name': 'addrlen', 'type': 'int', 'value': 16}]",1,1
487.061621,7555,7555,7548,1001,4026531840,tsm,ip-10-100-1-217,42,connect,[],3,-114,"[{'name': 'sockfd', 'type': 'int', 'value': 408}, {'name': 'addr', 'type': 'struct sockaddr*', 'value': ""{'sa_family': 'AF_INET','sin_port': '22','sin_addr': '192.168.19.187'}""}, {'name': 'addrlen', 'type': 'int', 'value': 16}]",1,1
487.061643,7555,7555,7548,1001,4026531840,tsm,ip-10-100-1-217,42,connect,[],3,-114,"[{'name': 'sockfd', 'type': 'int', 'value': 409}, {'name': 'addr', 'type': 'struct sockaddr*', 'value': ""{'sa_family': 'AF_INET','sin_port': '22','sin_addr': '192.168.19.188'}""}, {'name': 'addrlen', 'type': 'int', 'value': 16}]",1,1
487.061665,7555,7555,7548,1001,4026531840,tsm,ip-10-100-1-217,42,connect,[],3,-114,"[{'name': 'sockfd', 'type': 'int', 'value': 410}, {'name': 'addr', 'type': 'struct sockaddr*', 'value': ""{'sa_family': 'AF_INET','sin_port': '22','sin_addr': '192.168.19.189'}""}, {'name': 'addrlen', 'type': 'int', 'value': 16}]",1,1
487.061687,7555,7555,7548,1001,4026531840,tsm,ip-10-100-1-217,42,connect,[],3,-114,"[{'name': 'sockfd', 'type': 'int', 'value': 411}, {'name': 'addr', 'type': 'struct sockaddr*', 'value': ""{'sin_addr': '192.168.19.190','sa_family': 'AF_INET','sin_port': '22'}""}, {'name': 'addrlen', 'type': 'int', 'value': 16}]",1,1
487.061709,7555,7555,7548,1001,4026531840,tsm,ip-10-100-1-217,42,connect,[],3,-114,"[{'name': 'sockfd', 'type': 'int', 'value': 412}, {'name': 'addr', 'type': 'struct sockaddr*', 'value': ""{'sa_family': 'AF_INET','sin_port': '22','sin_addr': '192.168.19.191'}""}, {'name': 'addrlen', 'type': 'int', 'value': 16}]",1,1
487.061731,7555,7555,7548,1001,4026531840,tsm,ip-10-100-1-217,42,connect,[],3,-114,"[{'name': 'sockfd', 'type': 'int', 'value': 413}, {'name': 'addr', 'type': 'struct sockaddr*', 'value': ""{'sin_addr': '192.168.19.192','sa_family': 'AF_INET','sin_port': '22'}""}, {'name': 'addrlen', 'type': 'int', 'value': 16}]",1,1
487.061753,7555,7555,7548,1001,4026531840,tsm,ip-10-100-1-217,42,connect,[],3,-114,"[{'name': 'sockfd', 'type': 'int', 'value': 414}, {'name': 'addr', 'type': 'struct sockaddr*', 'value': ""{'sa_family': 'AF_INET','sin_port': '22','sin_addr': '192.168.19.193'}""}, {'name': 'addrlen', 'type': 'int', 'value': 16}]",1,1
487.061775,7555,7555,7548,1001,4026531840,tsm,ip-10-100-1-217,42,connect,[],3,-114,"[{'name': 'sockfd', 'type': 'int', 'value': 415}, {'name': 'addr', 'type': 'struct sockaddr*', 'value': ""{'sa_family': 'AF_INET','sin_port': '22','sin_addr': '192.168.19.194'}""}, {'name': 'addrlen', 'type': 'int', 'value': 16}]",1,1
487.061797,7555,7555,7548,1001,4026531840,tsm,ip-10-100-1-217,42,connect,[],3,-114,"[{'name': 'sockfd', 'type': 'int', 'value': 416}, {'name': 'addr', 'type': 'struct sockaddr*', 'value': ""{'sa_family': 'AF_INET','sin_port': '22','sin_addr': '192.168.19.195'}""}, {'name': 'addrlen', 'type': 'int', 'value': 16}]",1,1
487.061819,7555,7555,7548,1001,4026531840,tsm,ip-10-100-1-217,42,connect,[],3,-114,"[{'name': 'sockfd', 'type': 'int', 'value': 417}, {'name': 'addr', 'type': 'struct sockaddr*', 'value': ""{'sa_family': 'AF_INET','sin_port': '22','sin_addr': '192.168.19.196'}""}, {'name': 'addrlen', 'type': 'int', 'value': 16}]",1,1
487.061841,7555,7555,7548,1001,4026531840,tsm,ip-10-100-1-217,42,connect,[],3,-114,"[{'name': 'sockfd', 'type': 'int', 'value': 418}, {'name': 'addr', 'type': 'struct sockaddr*', 'value': ""{'sin_port': '22','sin_addr': '192.168.19.197','sa_family': 'AF_INET'}""}, {'name': 'addrlen', 'type': 'int', 'value': 16}]",1,1
487.061863,7555,7555,7548,1001,4026531840,tsm,ip-10-100-1-217,42,connect,[],3,-114,"[{'name': 'sockfd', 'type': 'int', 'value': 419}, {'name': 'addr', 'type': 'struct sockaddr*', 'value': ""{'sa_family': 'AF_INET','sin_port': '22','sin_addr': '192.168.19.198'}""}, {'name': 'addrlen', 'type': 'int', 'value': 16}]",1,1
487.061885,7555,7555,7548,1001,4026531840,tsm,ip-10-100-1-217,42,connect,[],3,-114,"[{'name': 'sockfd', 'type': 'int', 'value': 420}, {'name': 'addr', 'type': 'struct sockaddr*', 'value': ""{'sa_family': 'AF_INET','sin_port': '22','sin_addr': '192.168.19.199'}""}, {'name': 'addrlen', 'type': 'int', 'value': 16}]",1,1
487.061907,7555,7555,7548,1001,4026531840,tsm,ip-10-100-1-217,42,connect,[],3,-114,"[{'name': 'sockfd', 'type': 'int', 'value': 421}, {'name': 'addr', 'type': 'struct sockaddr*', 'value': ""{'sa_family': 'AF_INET','sin_port': '22','sin_addr': '192.168.19.200'}""}, {'name': 'addrlen', 'type': 'int', 'value': 16}]",1,1
487.061929,7555,7555,7548,1001,4026531840,tsm,ip-10-100-1-217,42,connect,[],3,-114,"[{'name': 'sockfd', 'type': 'int', 'value': 422}, {'name': 'addr', 'type': 'struct sockaddr*', 'value': ""{'sa_family': 'AF_INET','sin_port': '22','sin_addr': '192.168.19.201'}""}, {'name': 'addrlen', 'type': 'int', 'value': 16}]",1,1
487.061951,7555,7555,7548,1001,4026531840,tsm,ip-10-100-1-217,42,connect,[],3,-114,"[{'name': 'sockfd', 'type': 'int', 'value': 423}, {'name': 'addr', 'type': 'struct sockaddr*', 'value': ""{'sa_family': 'AF_INET','sin_port': '22','sin_addr': '192.168.19.202'}""}, {'name': 'addrlen', 'type': 'int', 'value': 16}]",1,1
487.061974,7555,7555,7548,1001,4026531840,tsm,ip-10-100-1-217,42,connect,[],3,-114,"[{'name': 'sockfd', 'type': 'int', 'value': 424}, {'name': 'addr', 'type': 'struct sockaddr*', 'value': ""{'sa_family': 'AF_INET','sin_port': '22','sin_addr': '192.168.19.203'}""}, {'name': 'addrlen', 'type': 'int', 'value': 16}]",1,1
487.061996,7555,7555,7548,1001,4026531840,tsm,ip-10-100-1-217,42,connect,[],3,-114,"[{'name': 'sockfd', 'type': 'int', 'value': 425}, {'name': 'addr', 'type': 'struct sockaddr*', 'value': ""{'sin_port': '22','sin_addr': '192.168.19.204','sa_family': 'AF_INET'}""}, {'name': 'addrlen', 'type': 'int', 'value': 16}]",1,1
487.062018,7555,7555,7548,1001,4026531840,tsm,ip-10-100-1-217,42,connect,[],3,-114,"[{'name': 'sockfd', 'type': 'int', 'value': 426}, {'name': 'addr', 'type': 'struct sockaddr*', 'value': ""{'sa_family': 'AF_INET','sin_port': '22','sin_addr': '192.168.19.205'}""}, {'name': 'addrlen', 'type': 'int', 'value': 16}]",1,1
487.06204,7555,7555,7548,1001,4026531840,tsm,ip-10-100-1-217,42,connect,[],3,-114,"[{'name': 'sockfd', 'type': 'int', 'value': 427}, {'name': 'addr', 'type': 'struct sockaddr*', 'value': ""{'sa_family': 'AF_INET','sin_port': '22','sin_addr': '192.168.19.206'}""}, {'name': 'addrlen', 'type': 'int', 'value': 16}]",1,1
487.062062,7555,7555,7548,1001,4026531840,tsm,ip-10-100-1-217,42,connect,[],3,-114,"[{'name': 'sockfd', 'type': 'int', 'value': 428}, {'name': 'addr', 'type': 'struct sockaddr*', 'value': ""{'sa_family': 'AF_INET','sin_port': '22','sin_addr': '192.168.19.207'}""}, {'name': 'addrlen', 'type': 'int', 'value': 16}]",1,1
487.062084,7555,7555,7548,1001,4026531840,tsm,ip-10-100-1-217,42,connect,[],3,-114,"[{'name': 'sockfd', 'type': 'int', 'value': 429}, {'name': 'addr', 'type': 'struct sockaddr*', 'value': ""{'sa_family': 'AF_INET','sin_port': '22','sin_addr': '192.168.19.208'}""}, {'name': 'addrlen', 'type': 'int', 'value': 16}]",1,1
487.062106,7555,7555,7548,1001,4026531840,tsm,ip-10-100-1-217,42,connect,[],3,-114,"[{'name': 'sockfd', 'type': 'int', 'value': 430}, {'name': 'addr', 'type': 'struct sockaddr*', 'value': ""{'sin_port': '22','sin_addr': '192.168.19.209','sa_family': 'AF_INET'}""}, {'name': 'addrlen', 'type': 'int', 'value': 16}]",1,1
487.062128,7555,7555,7548,1001,4026531840,tsm,ip-10-100-1-217,42,connect,[],3,-114,"[{'name': 'sockfd', 'type': 'int', 'value': 431}, {'name': 'addr', 'type': 'struct sockaddr*', 'value': ""{'sa_family': 'AF_INET','sin_port': '22','sin_addr': '192.168.19.210'}""}, {'name': 'addrlen', 'type': 'int', 'value': 16}]",1,1
487.06215,7555,7555,7548,1001,4026531840,tsm,ip-10-100-1-217,42,connect,[],3,-114,"[{'name': 'sockfd', 'type': 'int', 'value': 432}, {'name': 'addr', 'type': 'struct sockaddr*', 'value': ""{'sa_family': 'AF_INET','sin_port': '22','sin_addr': '192.168.19.211'}""}, {'name': 'addrlen', 'type': 'int', 'value': 16}]",1,1
487.062172,7555,7555,7548,1001,4026531840,tsm,ip-10-100-1-217,42,connect,[],3,-114,"[{'name': 'sockfd', 'type': 'int', 'value': 433}, {'name': 'addr', 'type': 'struct sockaddr*', 'value': ""{'sa_family': 'AF_INET','sin_port': '22','sin_addr': '192.168.19.212'}""}, {'name': 'addrlen', 'type': 'int', 'value': 16}]",1,1
487.062194,7555,7555,7548,1001,4026531840,tsm,ip-10-100-1-217,42,connect,[],3,-114,"[{'name': 'sockfd', 'type': 'int', 'value': 434}, {'name': 'addr', 'type': 'struct sockaddr*', 'value': ""{'sa_family': 'AF_INET','sin_port': '22','sin_addr': '192.168.19.213'}""}, {'name': 'addrlen', 'type': 'int', 'value': 16}]",1,1
487.062216,7555,7555,7548,1001,4026531840,tsm,ip-10-100-1-217,42,connect,[],3,-114,"[{'name': 'sockfd', 'type': 'int', 'value': 435}, {'name': 'addr', 'type': 'struct sockaddr*', 'value': ""{'sa_family': 'AF_INET','sin_port': '22','sin_addr': '192.168.19.214'}""}, {'name': 'addrlen', 'type': 'int', 'value': 16}]",1,1
487.062238,7555,7555,7548,1001,4026531840,tsm,ip-10-100-1-217,42,connect,[],3,-114,"[{'name': 'sockfd', 'type': 'int', 'value': 436}, {'name': 'addr', 'type': 'struct sockaddr*', 'value': ""{'sa_family': 'AF_INET','sin_port': '22','sin_addr': '192.168.19.215'}""}, {'name': 'addrlen', 'type': 'int', 'value': 16}]",1,1
487.06226,7555,7555,7548,1001,4026531840,tsm,ip-10-100-1-217,42,connect,[],3,-114,"[{'name': 'sockfd', 'type': 'int', 'value': 437}, {'name': 'addr', 'type': 'struct sockaddr*', 'value': ""{'sa_family': 'AF_INET','sin_port': '22','sin_addr': '192.168.19.216'}""}, {'name': 'addrlen', 'type': 'int', 'value': 16}]",1,1
487.062282,7555,7555,7548,1001,4026531840,tsm,ip-10-100-1-217,42,connect,[],3,-114,"[{'name': 'sockfd', 'type': 'int', 'value': 438}, {'name': 'addr', 'type': 'struct sockaddr*', 'value': ""{'sa_family': 'AF_INET','sin_port': '22','sin_addr': '192.168.19.217'}""}, {'name': 'addrlen', 'type': 'int', 'value': 16}]",1,1
487.062304,7555,7555,7548,1001,4026531840,tsm,ip-10-100-1-217,42,connect,[],3,-114,"[{'name': 'sockfd', 'type': 'int', 'value': 439}, {'name': 'addr', 'type': 'struct sockaddr*', 'value': ""{'sin_port': '22','sin_addr': '192.168.19.218','sa_family': 'AF_INET'}""}, {'name': 'addrlen', 'type': 'int', 'value': 16}]",1,1
487.062326,7555,7555,7548,1001,4026531840,tsm,ip-10-100-1-217,42,connect,[],3,-114,"[{'name': 'sockfd', 'type': 'int', 'value': 440}, {'name': 'addr', 'type': 'struct sockaddr*', 'value': ""{'sa_family': 'AF_INET','sin_port': '22','sin_addr': '192.168.19.219'}""}, {'name': 'addrlen', 'type': 'int', 'value': 16}]",1,1
487.062348,7555,7555,7548,1001,4026531840,tsm,ip-10-100-1-217,42,connect,[],3,-114,"[{'name': 'sockfd', 'type': 'int', 'value': 441}, {'name': 'addr', 'type': 'struct sockaddr*', 'value': ""{'sin_port': '22','sin_addr': '192.168.19.220','sa_family': 'AF_INET'}""}, {'name': 'addrlen', 'type': 'int', 'value': 16}]",1,1
487.06237,7555,7555,7548,1001,4026531840,tsm,ip-10-100-1-217,42,connect,[],3,-114,"[{'name': 'sockfd', 'type': 'int', 'value': 442}, {'name': 'addr', 'type': 'struct sockaddr*', 'value': ""{'sa_family': 'AF_INET','sin_port': '22','sin_addr': '192.168.19.221'}""}, {'name': 'addrlen', 'type': 'int', 'value': 16}]",1,1
487.062392,7555,7555,7548,1001,4026531840,tsm,ip-10-100-1-217,42,connect,[],3,-114,"[{'name': 'sockfd', 'type': 'int', 'value': 443}, {'name': 'addr', 'type': 'struct sockaddr*', 'value': ""{'sin_addr': '192.168.19.222','sa_family': 'AF_INET','sin_port': '22'}""}, {'name': 'addrlen', 'type': 'int', 'value': 16}]",1,1
487.062415,7555,7555,7548,1001,4026531840,tsm,ip-10-100-1-217,42,connect,[],3,-114,"[{'name': 'sockfd', 'type': 'int', 'value': 444}, {'name': 'addr', 'type': 'struct sockaddr*', 'value': ""{'sa_family': 'AF_INET','sin_port': '22','sin_addr': '192.168.19.223'}""}, {'name': 'addrlen', 'type': 'int', 'value': 16}]",1,1
487.062437,7555,7555,7548,1001,4026531840,tsm,ip-10-100-1-217,42,connect,[],3,-114,"[{'name': 'sockfd', 'type': 'int', 'value': 445}, {'name': 'addr', 'type': 'struct sockaddr*', 'value': ""{'sa_family': 'AF_INET','sin_port': '22','sin_addr': '192.168.19.224'}""}, {'name': 'addrlen', 'type': 'int', 'value': 16}]",1,1
487.06247,7555,7555,7548,1001,4026531840,tsm,ip-10-100-1-217,42,connect,[],3,-114,"[{'name': 'sockfd', 'type': 'int', 'value': 446}, {'name': 'addr', 'type': 'struct sockaddr*', 'value': ""{'sin_port': '22','sin_addr': '192.168.19.225','sa_family': 'AF_INET'}""}, {'name': 'addrlen', 'type': 'int', 'value': 16}]",1,1
487.062493,7555,7555,7548,1001,4026531840,tsm,ip-10-100-1-217,42,connect,[],3,-114,"[{'name': 'sockfd', 'type': 'int', 'value': 447}, {'name': 'addr', 'type': 'struct sockaddr*', 'value': ""{'sa_family': 'AF_INET','sin_port': '22','sin_addr': '192.168.19.226'}""}, {'name': 'addrlen', 'type': 'int', 'value': 16}]",1,1
487.062515,7555,7555,7548,1001,4026531840,tsm,ip-10-100-1-217,42,connect,[],3,-114,"[{'name': 'sockfd', 'type': 'int', 'value': 448}, {'name': 'addr', 'type': 'struct sockaddr*', 'value': ""{'sa_family': 'AF_INET','sin_port': '22','sin_addr': '192.168.19.227'}""}, {'name': 'addrlen', 'type': 'int', 'value': 16}]",1,1
487.062537,7555,7555,7548,1001,4026531840,tsm,ip-10-100-1-217,42,connect,[],3,-114,"[{'name': 'sockfd', 'type': 'int', 'value': 449}, {'name': 'addr', 'type': 'struct sockaddr*', 'value': ""{'sa_family': 'AF_INET','sin_port': '22','sin_addr': '192.168.19.228'}""}, {'name': 'addrlen', 'type': 'int', 'value': 16}]",1,1
487.062559,7555,7555,7548,1001,4026531840,tsm,ip-10-100-1-217,42,connect,[],3,-114,"[{'name': 'sockfd', 'type': 'int', 'value': 450}, {'name': 'addr', 'type': 'struct sockaddr*', 'value': ""{'sa_family': 'AF_INET','sin_port': '22','sin_addr': '192.168.19.229'}""}, {'name': 'addrlen', 'type': 'int', 'value': 16}]",1,1
487.062581,7555,7555,7548,1001,4026531840,tsm,ip-10-100-1-217,42,connect,[],3,-114,"[{'name': 'sockfd', 'type': 'int', 'value': 451}, {'name': 'addr', 'type': 'struct sockaddr*', 'value': ""{'sa_family': 'AF_INET','sin_port': '22','sin_addr': '192.168.19.230'}""}, {'name': 'addrlen', 'type': 'int', 'value': 16}]",1,1
487.062603,7555,7555,7548,1001,4026531840,tsm,ip-10-100-1-217,42,connect,[],3,-114,"[{'name': 'sockfd', 'type': 'int', 'value': 452}, {'name': 'addr', 'type': 'struct sockaddr*', 'value': ""{'sa_family': 'AF_INET','sin_port': '22','sin_addr': '192.168.19.231'}""}, {'name': 'addrlen', 'type': 'int', 'value': 16}]",1,1
487.062625,7555,7555,7548,1001,4026531840,tsm,ip-10-100-1-217,42,connect,[],3,-114,"[{'name': 'sockfd', 'type': 'int', 'value': 453}, {'name': 'addr', 'type': 'struct sockaddr*', 'value': ""{'sin_port': '22','sin_addr': '192.168.19.232','sa_family': 'AF_INET'}""}, {'name': 'addrlen', 'type': 'int', 'value': 16}]",1,1
487.062648,7555,7555,7548,1001,4026531840,tsm,ip-10-100-1-217,42,connect,[],3,-114,"[{'name': 'sockfd', 'type': 'int', 'value': 454}, {'name': 'addr', 'type': 'struct sockaddr*', 'value': ""{'sa_family': 'AF_INET','sin_port': '22','sin_addr': '192.168.19.233'}""}, {'name': 'addrlen', 'type': 'int', 'value': 16}]",1,1
487.06267,7555,7555,7548,1001,4026531840,tsm,ip-10-100-1-217,42,connect,[],3,-114,"[{'name': 'sockfd', 'type': 'int', 'value': 455}, {'name': 'addr', 'type': 'struct sockaddr*', 'value': ""{'sin_port': '22','sin_addr': '192.168.19.234','sa_family': 'AF_INET'}""}, {'name': 'addrlen', 'type': 'int', 'value': 16}]",1,1
487.062692,7555,7555,7548,1001,4026531840,tsm,ip-10-100-1-217,42,connect,[],3,-114,"[{'name': 'sockfd', 'type': 'int', 'value': 456}, {'name': 'addr', 'type': 'struct sockaddr*', 'value': ""{'sa_family': 'AF_INET','sin_port': '22','sin_addr': '192.168.19.235'}""}, {'name': 'addrlen', 'type': 'int', 'value': 16}]",1,1
487.062714,7555,7555,7548,1001,4026531840,tsm,ip-10-100-1-217,42,connect,[],3,-114,"[{'name': 'sockfd', 'type': 'int', 'value': 457}, {'name': 'addr', 'type': 'struct sockaddr*', 'value': ""{'sa_family': 'AF_INET','sin_port': '22','sin_addr': '192.168.19.236'}""}, {'name': 'addrlen', 'type': 'int', 'value': 16}]",1,1
487.062738,7555,7555,7548,1001,4026531840,tsm,ip-10-100-1-217,42,connect,[],3,-114,"[{'name': 'sockfd', 'type': 'int', 'value': 458}, {'name': 'addr', 'type': 'struct sockaddr*', 'value': ""{'sa_family': 'AF_INET','sin_port': '22','sin_addr': '192.168.19.237'}""}, {'name': 'addrlen', 'type': 'int', 'value': 16}]",1,1
487.06276,7555,7555,7548,1001,4026531840,tsm,ip-10-100-1-217,42,connect,[],3,-114,"[{'name': 'sockfd', 'type': 'int', 'value': 459}, {'name': 'addr', 'type': 'struct sockaddr*', 'value': ""{'sa_family': 'AF_INET','sin_port': '22','sin_addr': '192.168.19.238'}""}, {'name': 'addrlen', 'type': 'int', 'value': 16}]",1,1
487.062782,7555,7555,7548,1001,4026531840,tsm,ip-10-100-1-217,42,connect,[],3,-114,"[{'name': 'sockfd', 'type': 'int', 'value': 460}, {'name': 'addr', 'type': 'struct sockaddr*', 'value': ""{'sin_port': '22','sin_addr': '192.168.19.239','sa_family': 'AF_INET'}""}, {'name': 'addrlen', 'type': 'int', 'value': 16}]",1,1
487.062804,7555,7555,7548,1001,4026531840,tsm,ip-10-100-1-217,42,connect,[],3,-114,"[{'name': 'sockfd', 'type': 'int', 'value': 461}, {'name': 'addr', 'type': 'struct sockaddr*', 'value': ""{'sa_family': 'AF_INET','sin_port': '22','sin_addr': '192.168.19.240'}""}, {'name': 'addrlen', 'type': 'int', 'value': 16}]",1,1
487.062826,7555,7555,7548,1001,4026531840,tsm,ip-10-100-1-217,42,connect,[],3,-114,"[{'name': 'sockfd', 'type': 'int', 'value': 462}, {'name': 'addr', 'type': 'struct sockaddr*', 'value': ""{'sa_family': 'AF_INET','sin_port': '22','sin_addr': '192.168.19.241'}""}, {'name': 'addrlen', 'type': 'int', 'value': 16}]",1,1
487.062848,7555,7555,7548,1001,4026531840,tsm,ip-10-100-1-217,42,connect,[],3,-114,"[{'name': 'sockfd', 'type': 'int', 'value': 463}, {'name': 'addr', 'type': 'struct sockaddr*', 'value': ""{'sa_family': 'AF_INET','sin_port': '22','sin_addr': '192.168.19.242'}""}, {'name': 'addrlen', 'type': 'int', 'value': 16}]",1,1
487.06287,7555,7555,7548,1001,4026531840,tsm,ip-10-100-1-217,42,connect,[],3,-114,"[{'name': 'sockfd', 'type': 'int', 'value': 464}, {'name': 'addr', 'type': 'struct sockaddr*', 'value': ""{'sin_addr': '192.168.19.243','sa_family': 'AF_INET','sin_port': '22'}""}, {'name': 'addrlen', 'type': 'int', 'value': 16}]",1,1
487.062892,7555,7555,7548,1001,4026531840,tsm,ip-10-100-1-217,42,connect,[],3,-114,"[{'name': 'sockfd', 'type': 'int', 'value': 465}, {'name': 'addr', 'type': 'struct sockaddr*', 'value': ""{'sin_port': '22','sin_addr': '192.168.19.244','sa_family': 'AF_INET'}""}, {'name': 'addrlen', 'type': 'int', 'value': 16}]",1,1
487.062914,7555,7555,7548,1001,4026531840,tsm,ip-10-100-1-217,42,connect,[],3,-114,"[{'name': 'sockfd', 'type': 'int', 'value': 466}, {'name': 'addr', 'type': 'struct sockaddr*', 'value': ""{'sa_family': 'AF_INET','sin_port': '22','sin_addr': '192.168.19.245'}""}, {'name': 'addrlen', 'type': 'int', 'value': 16}]",1,1
487.062937,7555,7555,7548,1001,4026531840,tsm,ip-10-100-1-217,42,connect,[],3,-114,"[{'name': 'sockfd', 'type': 'int', 'value': 467}, {'name': 'addr', 'type': 'struct sockaddr*', 'value': ""{'sa_family': 'AF_INET','sin_port': '22','sin_addr': '192.168.19.246'}""}, {'name': 'addrlen', 'type': 'int', 'value': 16}]",1,1
487.062959,7555,7555,7548,1001,4026531840,tsm,ip-10-100-1-217,42,connect,[],3,-114,"[{'name': 'sockfd', 'type': 'int', 'value': 468}, {'name': 'addr', 'type': 'struct sockaddr*', 'value': ""{'sa_family': 'AF_INET','sin_port': '22','sin_addr': '192.168.19.247'}""}, {'name': 'addrlen', 'type': 'int', 'value': 16}]",1,1
487.062981,7555,7555,7548,1001,4026531840,tsm,ip-10-100-1-217,42,connect,[],3,-114,"[{'name': 'sockfd', 'type': 'int', 'value': 469}, {'name': 'addr', 'type': 'struct sockaddr*', 'value': ""{'sa_family': 'AF_INET','sin_port': '22','sin_addr': '192.168.19.248'}""}, {'name': 'addrlen', 'type': 'int', 'value': 16}]",1,1
487.063003,7555,7555,7548,1001,4026531840,tsm,ip-10-100-1-217,42,connect,[],3,-114,"[{'name': 'sockfd', 'type': 'int', 'value': 470}, {'name': 'addr', 'type': 'struct sockaddr*', 'value': ""{'sin_addr': '192.168.19.249','sa_family': 'AF_INET','sin_port': '22'}""}, {'name': 'addrlen', 'type': 'int', 'value': 16}]",1,1
487.063025,7555,7555,7548,1001,4026531840,tsm,ip-10-100-1-217,42,connect,[],3,-114,"[{'name': 'sockfd', 'type': 'int', 'value': 471}, {'name': 'addr', 'type': 'struct sockaddr*', 'value': ""{'sa_family': 'AF_INET','sin_port': '22','sin_addr': '192.168.19.250'}""}, {'name': 'addrlen', 'type': 'int', 'value': 16}]",1,1
487.063047,7555,7555,7548,1001,4026531840,tsm,ip-10-100-1-217,42,connect,[],3,-114,"[{'name': 'sockfd', 'type': 'int', 'value': 472}, {'name': 'addr', 'type': 'struct sockaddr*', 'value': ""{'sa_family': 'AF_INET','sin_port': '22','sin_addr': '192.168.19.251'}""}, {'name': 'addrlen', 'type': 'int', 'value': 16}]",1,1
487.063069,7555,7555,7548,1001,4026531840,tsm,ip-10-100-1-217,42,connect,[],3,-114,"[{'name': 'sockfd', 'type': 'int', 'value': 473}, {'name': 'addr', 'type': 'struct sockaddr*', 'value': ""{'sa_family': 'AF_INET','sin_port': '22','sin_addr': '192.168.19.252'}""}, {'name': 'addrlen', 'type': 'int', 'value': 16}]",1,1
487.063091,7555,7555,7548,1001,4026531840,tsm,ip-10-100-1-217,42,connect,[],3,-114,"[{'name': 'sockfd', 'type': 'int', 'value': 474}, {'name': 'addr', 'type': 'struct sockaddr*', 'value': ""{'sa_family': 'AF_INET','sin_port': '22','sin_addr': '192.168.19.253'}""}, {'name': 'addrlen', 'type': 'int', 'value': 16}]",1,1
487.063113,7555,7555,7548,1001,4026531840,tsm,ip-10-100-1-217,42,connect,[],3,-114,"[{'name': 'sockfd', 'type': 'int', 'value': 475}, {'name': 'addr', 'type': 'struct sockaddr*', 'value': ""{'sin_port': '22','sin_addr': '192.168.19.254','sa_family': 'AF_INET'}""}, {'name': 'addrlen', 'type': 'int', 'value': 16}]",1,1
487.063136,7555,7555,7548,1001,4026531840,tsm,ip-10-100-1-217,42,connect,[],3,-114,"[{'name': 'sockfd', 'type': 'int', 'value': 476}, {'name': 'addr', 'type': 'struct sockaddr*', 'value': ""{'sa_family': 'AF_INET','sin_port': '22','sin_addr': '192.168.20.0'}""}, {'name': 'addrlen', 'type': 'int', 'value': 16}]",1,1
487.063158,7555,7555,7548,1001,4026531840,tsm,ip-10-100-1-217,42,connect,[],3,-114,"[{'name': 'sockfd', 'type': 'int', 'value': 477}, {'name': 'addr', 'type': 'struct sockaddr*', 'value': ""{'sa_family': 'AF_INET','sin_port': '22','sin_addr': '192.168.20.1'}""}, {'name': 'addrlen', 'type': 'int', 'value': 16}]",1,1
487.06318,7555,7555,7548,1001,4026531840,tsm,ip-10-100-1-217,42,connect,[],3,-114,"[{'name': 'sockfd', 'type': 'int', 'value': 478}, {'name': 'addr', 'type': 'struct sockaddr*', 'value': ""{'sa_family': 'AF_INET','sin_port': '22','sin_addr': '192.168.20.2'}""}, {'name': 'addrlen', 'type': 'int', 'value': 16}]",1,1
487.063202,7555,7555,7548,1001,4026531840,tsm,ip-10-100-1-217,42,connect,[],3,-114,"[{'name': 'sockfd', 'type': 'int', 'value': 479}, {'name': 'addr', 'type': 'struct sockaddr*', 'value': ""{'sa_family': 'AF_INET','sin_port': '22','sin_addr': '192.168.20.3'}""}, {'name': 'addrlen', 'type': 'int', 'value': 16}]",1,1
487.063224,7555,7555,7548,1001,4026531840,tsm,ip-10-100-1-217,42,connect,[],3,-114,"[{'name': 'sockfd', 'type': 'int', 'value': 480}, {'name': 'addr', 'type': 'struct sockaddr*', 'value': ""{'sa_family': 'AF_INET','sin_port': '22','sin_addr': '192.168.20.4'}""}, {'name': 'addrlen', 'type': 'int', 'value': 16}]",1,1
487.063246,7555,7555,7548,1001,4026531840,tsm,ip-10-100-1-217,42,connect,[],3,-114,"[{'name': 'sockfd', 'type': 'int', 'value': 481}, {'name': 'addr', 'type': 'struct sockaddr*', 'value': ""{'sa_family': 'AF_INET','sin_port': '22','sin_addr': '192.168.20.5'}""}, {'name': 'addrlen', 'type': 'int', 'value': 16}]",1,1
487.063267,7555,7555,7548,1001,4026531840,tsm,ip-10-100-1-217,42,connect,[],3,-114,"[{'name': 'sockfd', 'type': 'int', 'value': 482}, {'name': 'addr', 'type': 'struct sockaddr*', 'value': ""{'sa_family': 'AF_INET','sin_port': '22','sin_addr': '192.168.20.6'}""}, {'name': 'addrlen', 'type': 'int', 'value': 16}]",1,1
487.063289,7555,7555,7548,1001,4026531840,tsm,ip-10-100-1-217,42,connect,[],3,-114,"[{'name': 'sockfd', 'type': 'int', 'value': 483}, {'name': 'addr', 'type': 'struct sockaddr*', 'value': ""{'sa_family': 'AF_INET','sin_port': '22','sin_addr': '192.168.20.7'}""}, {'name': 'addrlen', 'type': 'int', 'value': 16}]",1,1
487.063312,7555,7555,7548,1001,4026531840,tsm,ip-10-100-1-217,42,connect,[],3,-114,"[{'name': 'sockfd', 'type': 'int', 'value': 484}, {'name': 'addr', 'type': 'struct sockaddr*', 'value': ""{'sa_family': 'AF_INET','sin_port': '22','sin_addr': '192.168.20.8'}""}, {'name': 'addrlen', 'type': 'int', 'value': 16}]",1,1
487.063334,7555,7555,7548,1001,4026531840,tsm,ip-10-100-1-217,42,connect,[],3,-114,"[{'name': 'sockfd', 'type': 'int', 'value': 485}, {'name': 'addr', 'type': 'struct sockaddr*', 'value': ""{'sin_addr': '192.168.20.9','sa_family': 'AF_INET','sin_port': '22'}""}, {'name': 'addrlen', 'type': 'int', 'value': 16}]",1,1
487.063356,7555,7555,7548,1001,4026531840,tsm,ip-10-100-1-217,42,connect,[],3,-114,"[{'name': 'sockfd', 'type': 'int', 'value': 486}, {'name': 'addr', 'type': 'struct sockaddr*', 'value': ""{'sin_port': '22','sin_addr': '192.168.20.10','sa_family': 'AF_INET'}""}, {'name': 'addrlen', 'type': 'int', 'value': 16}]",1,1
487.063378,7555,7555,7548,1001,4026531840,tsm,ip-10-100-1-217,42,connect,[],3,-114,"[{'name': 'sockfd', 'type': 'int', 'value': 487}, {'name': 'addr', 'type': 'struct sockaddr*', 'value': ""{'sa_family': 'AF_INET','sin_port': '22','sin_addr': '192.168.20.11'}""}, {'name': 'addrlen', 'type': 'int', 'value': 16}]",1,1
487.0634,7555,7555,7548,1001,4026531840,tsm,ip-10-100-1-217,42,connect,[],3,-114,"[{'name': 'sockfd', 'type': 'int', 'value': 488}, {'name': 'addr', 'type': 'struct sockaddr*', 'value': ""{'sa_family': 'AF_INET','sin_port': '22','sin_addr': '192.168.20.12'}""}, {'name': 'addrlen', 'type': 'int', 'value': 16}]",1,1
487.063422,7555,7555,7548,1001,4026531840,tsm,ip-10-100-1-217,42,connect,[],3,-114,"[{'name': 'sockfd', 'type': 'int', 'value': 489}, {'name': 'addr', 'type': 'struct sockaddr*', 'value': ""{'sa_family': 'AF_INET','sin_port': '22','sin_addr': '192.168.20.13'}""}, {'name': 'addrlen', 'type': 'int', 'value': 16}]",1,1
487.063444,7555,7555,7548,1001,4026531840,tsm,ip-10-100-1-217,42,connect,[],3,-114,"[{'name': 'sockfd', 'type': 'int', 'value': 490}, {'name': 'addr', 'type': 'struct sockaddr*', 'value': ""{'sa_family': 'AF_INET','sin_port': '22','sin_addr': '192.168.20.14'}""}, {'name': 'addrlen', 'type': 'int', 'value': 16}]",1,1
487.063479,7555,7555,7548,1001,4026531840,tsm,ip-10-100-1-217,42,connect,[],3,-114,"[{'name': 'sockfd', 'type': 'int', 'value': 491}, {'name': 'addr', 'type': 'struct sockaddr*', 'value': ""{'sa_family': 'AF_INET','sin_port': '22','sin_addr': '192.168.20.15'}""}, {'name': 'addrlen', 'type': 'int', 'value': 16}]",1,1
487.063501,7555,7555,7548,1001,4026531840,tsm,ip-10-100-1-217,42,connect,[],3,-114,"[{'name': 'sockfd', 'type': 'int', 'value': 492}, {'name': 'addr', 'type': 'struct sockaddr*', 'value': ""{'sin_addr': '192.168.20.16','sa_family': 'AF_INET','sin_port': '22'}""}, {'name': 'addrlen', 'type': 'int', 'value': 16}]",1,1
487.063522,7555,7555,7548,1001,4026531840,tsm,ip-10-100-1-217,42,connect,[],3,-114,"[{'name': 'sockfd', 'type': 'int', 'value': 493}, {'name': 'addr', 'type': 'struct sockaddr*', 'value': ""{'sin_port': '22','sin_addr': '192.168.20.17','sa_family': 'AF_INET'}""}, {'name': 'addrlen', 'type': 'int', 'value': 16}]",1,1
487.063543,7555,7555,7548,1001,4026531840,tsm,ip-10-100-1-217,42,connect,[],3,-114,"[{'name': 'sockfd', 'type': 'int', 'value': 494}, {'name': 'addr', 'type': 'struct sockaddr*', 'value': ""{'sa_family': 'AF_INET','sin_port': '22','sin_addr': '192.168.20.18'}""}, {'name': 'addrlen', 'type': 'int', 'value': 16}]",1,1
487.063564,7555,7555,7548,1001,4026531840,tsm,ip-10-100-1-217,42,connect,[],3,-114,"[{'name': 'sockfd', 'type': 'int', 'value': 495}, {'name': 'addr', 'type': 'struct sockaddr*', 'value': ""{'sin_addr': '192.168.20.19','sa_family': 'AF_INET','sin_port': '22'}""}, {'name': 'addrlen', 'type': 'int', 'value': 16}]",1,1
487.063586,7555,7555,7548,1001,4026531840,tsm,ip-10-100-1-217,42,connect,[],3,-114,"[{'name': 'sockfd', 'type': 'int', 'value': 496}, {'name': 'addr', 'type': 'struct sockaddr*', 'value': ""{'sa_family': 'AF_INET','sin_port': '22','sin_addr': '192.168.20.20'}""}, {'name': 'addrlen', 'type': 'int', 'value': 16}]",1,1
487.063607,7555,7555,7548,1001,4026531840,tsm,ip-10-100-1-217,42,connect,[],3,-114,"[{'name': 'sockfd', 'type': 'int', 'value': 497}, {'name': 'addr', 'type': 'struct sockaddr*', 'value': ""{'sa_family': 'AF_INET','sin_port': '22','sin_addr': '192.168.20.21'}""}, {'name': 'addrlen', 'type': 'int', 'value': 16}]",1,1
487.063628,7555,7555,7548,1001,4026531840,tsm,ip-10-100-1-217,42,connect,[],3,-114,"[{'name': 'sockfd', 'type': 'int', 'value': 498}, {'name': 'addr', 'type': 'struct sockaddr*', 'value': ""{'sa_family': 'AF_INET','sin_port': '22','sin_addr': '192.168.20.22'}""}, {'name': 'addrlen', 'type': 'int', 'value': 16}]",1,1
487.06365,7555,7555,7548,1001,4026531840,tsm,ip-10-100-1-217,42,connect,[],3,-114,"[{'name': 'sockfd', 'type': 'int', 'value': 499}, {'name': 'addr', 'type': 'struct sockaddr*', 'value': ""{'sa_family': 'AF_INET','sin_port': '22','sin_addr': '192.168.20.23'}""}, {'name': 'addrlen', 'type': 'int', 'value': 16}]",1,1
487.063683,7555,7555,7548,1001,4026531840,tsm,ip-10-100-1-217,42,connect,[],3,-114,"[{'name': 'sockfd', 'type': 'int', 'value': 500}, {'name': 'addr', 'type': 'struct sockaddr*', 'value': ""{'sa_family': 'AF_INET','sin_port': '22','sin_addr': '192.168.20.24'}""}, {'name': 'addrlen', 'type': 'int', 'value': 16}]",1,1
487.063705,7555,7555,7548,1001,4026531840,tsm,ip-10-100-1-217,42,connect,[],3,-114,"[{'name': 'sockfd', 'type': 'int', 'value': 501}, {'name': 'addr', 'type': 'struct sockaddr*', 'value': ""{'sa_family': 'AF_INET','sin_port': '22','sin_addr': '192.168.20.25'}""}, {'name': 'addrlen', 'type': 'int', 'value': 16}]",1,1
487.063727,7555,7555,7548,1001,4026531840,tsm,ip-10-100-1-217,42,connect,[],3,-114,"[{'name': 'sockfd', 'type': 'int', 'value': 502}, {'name': 'addr', 'type': 'struct sockaddr*', 'value': ""{'sa_family': 'AF_INET','sin_port': '22','sin_addr': '192.168.20.26'}""}, {'name': 'addrlen', 'type': 'int', 'value': 16}]",1,1
487.063749,7555,7555,7548,1001,4026531840,tsm,ip-10-100-1-217,42,connect,[],3,-114,"[{'name': 'sockfd', 'type': 'int', 'value': 503}, {'name': 'addr', 'type': 'struct sockaddr*', 'value': ""{'sa_family': 'AF_INET','sin_port': '22','sin_addr': '192.168.20.27'}""}, {'name': 'addrlen', 'type': 'int', 'value': 16}]",1,1
487.063771,7555,7555,7548,1001,4026531840,tsm,ip-10-100-1-217,42,connect,[],3,-114,"[{'name': 'sockfd', 'type': 'int', 'value': 504}, {'name': 'addr', 'type': 'struct sockaddr*', 'value': ""{'sa_family': 'AF_INET','sin_port': '22','sin_addr': '192.168.20.28'}""}, {'name': 'addrlen', 'type': 'int', 'value': 16}]",1,1
487.063794,7555,7555,7548,1001,4026531840,tsm,ip-10-100-1-217,42,connect,[],3,-114,"[{'name': 'sockfd', 'type': 'int', 'value': 505}, {'name': 'addr', 'type': 'struct sockaddr*', 'value': ""{'sa_family': 'AF_INET','sin_port': '22','sin_addr': '192.168.20.29'}""}, {'name': 'addrlen', 'type': 'int', 'value': 16}]",1,1
487.063816,7555,7555,7548,1001,4026531840,tsm,ip-10-100-1-217,42,connect,[],3,-114,"[{'name': 'sockfd', 'type': 'int', 'value': 506}, {'name': 'addr', 'type': 'struct sockaddr*', 'value': ""{'sa_family': 'AF_INET','sin_port': '22','sin_addr': '192.168.20.30'}""}, {'name': 'addrlen', 'type': 'int', 'value': 16}]",1,1
487.063838,7555,7555,7548,1001,4026531840,tsm,ip-10-100-1-217,42,connect,[],3,-114,"[{'name': 'sockfd', 'type': 'int', 'value': 507}, {'name': 'addr', 'type': 'struct sockaddr*', 'value': ""{'sin_addr': '192.168.20.31','sa_family': 'AF_INET','sin_port': '22'}""}, {'name': 'addrlen', 'type': 'int', 'value': 16}]",1,1
487.06386,7555,7555,7548,1001,4026531840,tsm,ip-10-100-1-217,42,connect,[],3,-114,"[{'name': 'sockfd', 'type': 'int', 'value': 508}, {'name': 'addr', 'type': 'struct sockaddr*', 'value': ""{'sa_family': 'AF_INET','sin_port': '22','sin_addr': '192.168.20.32'}""}, {'name': 'addrlen', 'type': 'int', 'value': 16}]",1,1
487.063882,7555,7555,7548,1001,4026531840,tsm,ip-10-100-1-217,42,connect,[],3,-114,"[{'name': 'sockfd', 'type': 'int', 'value': 509}, {'name': 'addr', 'type': 'struct sockaddr*', 'value': ""{'sa_family': 'AF_INET','sin_port': '22','sin_addr': '192.168.20.33'}""}, {'name': 'addrlen', 'type': 'int', 'value': 16}]",1,1
487.063904,7555,7555,7548,1001,4026531840,tsm,ip-10-100-1-217,42,connect,[],3,-114,"[{'name': 'sockfd', 'type': 'int', 'value': 510}, {'name': 'addr', 'type': 'struct sockaddr*', 'value': ""{'sin_port': '22','sin_addr': '192.168.20.34','sa_family': 'AF_INET'}""}, {'name': 'addrlen', 'type': 'int', 'value': 16}]",1,1
487.063927,7555,7555,7548,1001,4026531840,tsm,ip-10-100-1-217,42,connect,[],3,-114,"[{'name': 'sockfd', 'type': 'int', 'value': 511}, {'name': 'addr', 'type': 'struct sockaddr*', 'value': ""{'sa_family': 'AF_INET','sin_port': '22','sin_addr': '192.168.20.35'}""}, {'name': 'addrlen', 'type': 'int', 'value': 16}]",1,1
487.063949,7555,7555,7548,1001,4026531840,tsm,ip-10-100-1-217,42,connect,[],3,-114,"[{'name': 'sockfd', 'type': 'int', 'value': 512}, {'name': 'addr', 'type': 'struct sockaddr*', 'value': ""{'sa_family': 'AF_INET','sin_port': '22','sin_addr': '192.168.20.36'}""}, {'name': 'addrlen', 'type': 'int', 'value': 16}]",1,1
487.063971,7555,7555,7548,1001,4026531840,tsm,ip-10-100-1-217,42,connect,[],3,-114,"[{'name': 'sockfd', 'type': 'int', 'value': 513}, {'name': 'addr', 'type': 'struct sockaddr*', 'value': ""{'sa_family': 'AF_INET','sin_port': '22','sin_addr': '192.168.20.37'}""}, {'name': 'addrlen', 'type': 'int', 'value': 16}]",1,1
487.063993,7555,7555,7548,1001,4026531840,tsm,ip-10-100-1-217,42,connect,[],3,-114,"[{'name': 'sockfd', 'type': 'int', 'value': 514}, {'name': 'addr', 'type': 'struct sockaddr*', 'value': ""{'sa_family': 'AF_INET','sin_port': '22','sin_addr': '192.168.20.38'}""}, {'name': 'addrlen', 'type': 'int', 'value': 16}]",1,1
487.064015,7555,7555,7548,1001,4026531840,tsm,ip-10-100-1-217,42,connect,[],3,-114,"[{'name': 'sockfd', 'type': 'int', 'value': 515}, {'name': 'addr', 'type': 'struct sockaddr*', 'value': ""{'sa_family': 'AF_INET','sin_port': '22','sin_addr': '192.168.20.39'}""}, {'name': 'addrlen', 'type': 'int', 'value': 16}]",1,1
487.064037,7555,7555,7548,1001,4026531840,tsm,ip-10-100-1-217,42,connect,[],3,-114,"[{'name': 'sockfd', 'type': 'int', 'value': 516}, {'name': 'addr', 'type': 'struct sockaddr*', 'value': ""{'sa_family': 'AF_INET','sin_port': '22','sin_addr': '192.168.20.40'}""}, {'name': 'addrlen', 'type': 'int', 'value': 16}]",1,1
487.064059,7555,7555,7548,1001,4026531840,tsm,ip-10-100-1-217,42,connect,[],3,-114,"[{'name': 'sockfd', 'type': 'int', 'value': 517}, {'name': 'addr', 'type': 'struct sockaddr*', 'value': ""{'sa_family': 'AF_INET','sin_port': '22','sin_addr': '192.168.20.41'}""}, {'name': 'addrlen', 'type': 'int', 'value': 16}]",1,1
487.064081,7555,7555,7548,1001,4026531840,tsm,ip-10-100-1-217,42,connect,[],3,-114,"[{'name': 'sockfd', 'type': 'int', 'value': 518}, {'name': 'addr', 'type': 'struct sockaddr*', 'value': ""{'sa_family': 'AF_INET','sin_port': '22','sin_addr': '192.168.20.42'}""}, {'name': 'addrlen', 'type': 'int', 'value': 16}]",1,1
487.064103,7555,7555,7548,1001,4026531840,tsm,ip-10-100-1-217,42,connect,[],3,-114,"[{'name': 'sockfd', 'type': 'int', 'value': 519}, {'name': 'addr', 'type': 'struct sockaddr*', 'value': ""{'sin_addr': '192.168.20.43','sa_family': 'AF_INET','sin_port': '22'}""}, {'name': 'addrlen', 'type': 'int', 'value': 16}]",1,1
487.064128,7555,7555,7548,1001,4026531840,tsm,ip-10-100-1-217,42,connect,[],3,-114,"[{'name': 'sockfd', 'type': 'int', 'value': 520}, {'name': 'addr', 'type': 'struct sockaddr*', 'value': ""{'sa_family': 'AF_INET','sin_port': '22','sin_addr': '192.168.20.44'}""}, {'name': 'addrlen', 'type': 'int', 'value': 16}]",1,1
487.06415,7555,7555,7548,1001,4026531840,tsm,ip-10-100-1-217,42,connect,[],3,-114,"[{'name': 'sockfd', 'type': 'int', 'value': 521}, {'name': 'addr', 'type': 'struct sockaddr*', 'value': ""{'sa_family': 'AF_INET','sin_port': '22','sin_addr': '192.168.20.45'}""}, {'name': 'addrlen', 'type': 'int', 'value': 16}]",1,1
487.064172,7555,7555,7548,1001,4026531840,tsm,ip-10-100-1-217,42,connect,[],3,-114,"[{'name': 'sockfd', 'type': 'int', 'value': 522}, {'name': 'addr', 'type': 'struct sockaddr*', 'value': ""{'sa_family': 'AF_INET','sin_port': '22','sin_addr': '192.168.20.46'}""}, {'name': 'addrlen', 'type': 'int', 'value': 16}]",1,1
487.064194,7555,7555,7548,1001,4026531840,tsm,ip-10-100-1-217,42,connect,[],3,-114,"[{'name': 'sockfd', 'type': 'int', 'value': 523}, {'name': 'addr', 'type': 'struct sockaddr*', 'value': ""{'sa_family': 'AF_INET','sin_port': '22','sin_addr': '192.168.20.47'}""}, {'name': 'addrlen', 'type': 'int', 'value': 16}]",1,1
487.064216,7555,7555,7548,1001,4026531840,tsm,ip-10-100-1-217,42,connect,[],3,-114,"[{'name': 'sockfd', 'type': 'int', 'value': 524}, {'name': 'addr', 'type': 'struct sockaddr*', 'value': ""{'sa_family': 'AF_INET','sin_port': '22','sin_addr': '192.168.20.48'}""}, {'name': 'addrlen', 'type': 'int', 'value': 16}]",1,1
487.064238,7555,7555,7548,1001,4026531840,tsm,ip-10-100-1-217,42,connect,[],3,-114,"[{'name': 'sockfd', 'type': 'int', 'value': 525}, {'name': 'addr', 'type': 'struct sockaddr*', 'value': ""{'sa_family': 'AF_INET','sin_port': '22','sin_addr': '192.168.20.49'}""}, {'name': 'addrlen', 'type': 'int', 'value': 16}]",1,1
487.06426,7555,7555,7548,1001,4026531840,tsm,ip-10-100-1-217,42,connect,[],3,-114,"[{'name': 'sockfd', 'type': 'int', 'value': 526}, {'name': 'addr', 'type': 'struct sockaddr*', 'value': ""{'sa_family': 'AF_INET','sin_port': '22','sin_addr': '192.168.20.50'}""}, {'name': 'addrlen', 'type': 'int', 'value': 16}]",1,1
487.064282,7555,7555,7548,1001,4026531840,tsm,ip-10-100-1-217,42,connect,[],3,-114,"[{'name': 'sockfd', 'type': 'int', 'value': 527}, {'name': 'addr', 'type': 'struct sockaddr*', 'value': ""{'sa_family': 'AF_INET','sin_port': '22','sin_addr': '192.168.20.51'}""}, {'name': 'addrlen', 'type': 'int', 'value': 16}]",1,1
487.064304,7555,7555,7548,1001,4026531840,tsm,ip-10-100-1-217,42,connect,[],3,-114,"[{'name': 'sockfd', 'type': 'int', 'value': 528}, {'name': 'addr', 'type': 'struct sockaddr*', 'value': ""{'sa_family': 'AF_INET','sin_port': '22','sin_addr': '192.168.20.52'}""}, {'name': 'addrlen', 'type': 'int', 'value': 16}]",1,1
487.064326,7555,7555,7548,1001,4026531840,tsm,ip-10-100-1-217,42,connect,[],3,-114,"[{'name': 'sockfd', 'type': 'int', 'value': 529}, {'name': 'addr', 'type': 'struct sockaddr*', 'value': ""{'sa_family': 'AF_INET','sin_port': '22','sin_addr': '192.168.20.53'}""}, {'name': 'addrlen', 'type': 'int', 'value': 16}]",1,1
487.064348,7555,7555,7548,1001,4026531840,tsm,ip-10-100-1-217,42,connect,[],3,-114,"[{'name': 'sockfd', 'type': 'int', 'value': 530}, {'name': 'addr', 'type': 'struct sockaddr*', 'value': ""{'sa_family': 'AF_INET','sin_port': '22','sin_addr': '192.168.20.54'}""}, {'name': 'addrlen', 'type': 'int', 'value': 16}]",1,1
487.06437,7555,7555,7548,1001,4026531840,tsm,ip-10-100-1-217,42,connect,[],3,-114,"[{'name': 'sockfd', 'type': 'int', 'value': 531}, {'name': 'addr', 'type': 'struct sockaddr*', 'value': ""{'sin_addr': '192.168.20.55','sa_family': 'AF_INET','sin_port': '22'}""}, {'name': 'addrlen', 'type': 'int', 'value': 16}]",1,1
487.064392,7555,7555,7548,1001,4026531840,tsm,ip-10-100-1-217,42,connect,[],3,-114,"[{'name': 'sockfd', 'type': 'int', 'value': 532}, {'name': 'addr', 'type': 'struct sockaddr*', 'value': ""{'sa_family': 'AF_INET','sin_port': '22','sin_addr': '192.168.20.56'}""}, {'name': 'addrlen', 'type': 'int', 'value': 16}]",1,1
487.064414,7555,7555,7548,1001,4026531840,tsm,ip-10-100-1-217,42,connect,[],3,-114,"[{'name': 'sockfd', 'type': 'int', 'value': 533}, {'name': 'addr', 'type': 'struct sockaddr*', 'value': ""{'sa_family': 'AF_INET','sin_port': '22','sin_addr': '192.168.20.57'}""}, {'name': 'addrlen', 'type': 'int', 'value': 16}]",1,1
487.064436,7555,7555,7548,1001,4026531840,tsm,ip-10-100-1-217,42,connect,[],3,-114,"[{'name': 'sockfd', 'type': 'int', 'value': 534}, {'name': 'addr', 'type': 'struct sockaddr*', 'value': ""{'sa_family': 'AF_INET','sin_port': '22','sin_addr': '192.168.20.58'}""}, {'name': 'addrlen', 'type': 'int', 'value': 16}]",1,1
487.064458,7555,7555,7548,1001,4026531840,tsm,ip-10-100-1-217,42,connect,[],3,-114,"[{'name': 'sockfd', 'type': 'int', 'value': 535}, {'name': 'addr', 'type': 'struct sockaddr*', 'value': ""{'sa_family': 'AF_INET','sin_port': '22','sin_addr': '192.168.20.59'}""}, {'name': 'addrlen', 'type': 'int', 'value': 16}]",1,1
487.06448,7555,7555,7548,1001,4026531840,tsm,ip-10-100-1-217,42,connect,[],3,-114,"[{'name': 'sockfd', 'type': 'int', 'value': 536}, {'name': 'addr', 'type': 'struct sockaddr*', 'value': ""{'sa_family': 'AF_INET','sin_port': '22','sin_addr': '192.168.20.60'}""}, {'name': 'addrlen', 'type': 'int', 'value': 16}]",1,1
487.064502,7555,7555,7548,1001,4026531840,tsm,ip-10-100-1-217,42,connect,[],3,-114,"[{'name': 'sockfd', 'type': 'int', 'value': 537}, {'name': 'addr', 'type': 'struct sockaddr*', 'value': ""{'sa_family': 'AF_INET','sin_port': '22','sin_addr': '192.168.20.61'}""}, {'name': 'addrlen', 'type': 'int', 'value': 16}]",1,1
487.064524,7555,7555,7548,1001,4026531840,tsm,ip-10-100-1-217,42,connect,[],3,-114,"[{'name': 'sockfd', 'type': 'int', 'value': 538}, {'name': 'addr', 'type': 'struct sockaddr*', 'value': ""{'sa_family': 'AF_INET','sin_port': '22','sin_addr': '192.168.20.62'}""}, {'name': 'addrlen', 'type': 'int', 'value': 16}]",1,1
487.064546,7555,7555,7548,1001,4026531840,tsm,ip-10-100-1-217,42,connect,[],3,-114,"[{'name': 'sockfd', 'type': 'int', 'value': 539}, {'name': 'addr', 'type': 'struct sockaddr*', 'value': ""{'sin_port': '22','sin_addr': '192.168.20.63','sa_family': 'AF_INET'}""}, {'name': 'addrlen', 'type': 'int', 'value': 16}]",1,1
487.064568,7555,7555,7548,1001,4026531840,tsm,ip-10-100-1-217,42,connect,[],3,-114,"[{'name': 'sockfd', 'type': 'int', 'value': 540}, {'name': 'addr', 'type': 'struct sockaddr*', 'value': ""{'sa_family': 'AF_INET','sin_port': '22','sin_addr': '192.168.20.64'}""}, {'name': 'addrlen', 'type': 'int', 'value': 16}]",1,1
487.06459,7555,7555,7548,1001,4026531840,tsm,ip-10-100-1-217,42,connect,[],3,-114,"[{'name': 'sockfd', 'type': 'int', 'value': 541}, {'name': 'addr', 'type': 'struct sockaddr*', 'value': ""{'sin_addr': '192.168.20.65','sa_family': 'AF_INET','sin_port': '22'}""}, {'name': 'addrlen', 'type': 'int', 'value': 16}]",1,1
487.064613,7555,7555,7548,1001,4026531840,tsm,ip-10-100-1-217,42,connect,[],3,-114,"[{'name': 'sockfd', 'type': 'int', 'value': 542}, {'name': 'addr', 'type': 'struct sockaddr*', 'value': ""{'sin_port': '22','sin_addr': '192.168.20.66','sa_family': 'AF_INET'}""}, {'name': 'addrlen', 'type': 'int', 'value': 16}]",1,1
487.064635,7555,7555,7548,1001,4026531840,tsm,ip-10-100-1-217,42,connect,[],3,-114,"[{'name': 'sockfd', 'type': 'int', 'value': 543}, {'name': 'addr', 'type': 'struct sockaddr*', 'value': ""{'sa_family': 'AF_INET','sin_port': '22','sin_addr': '192.168.20.67'}""}, {'name': 'addrlen', 'type': 'int', 'value': 16}]",1,1
487.064657,7555,7555,7548,1001,4026531840,tsm,ip-10-100-1-217,42,connect,[],3,-114,"[{'name': 'sockfd', 'type': 'int', 'value': 544}, {'name': 'addr', 'type': 'struct sockaddr*', 'value': ""{'sa_family': 'AF_INET','sin_port': '22','sin_addr': '192.168.20.68'}""}, {'name': 'addrlen', 'type': 'int', 'value': 16}]",1,1
487.064679,7555,7555,7548,1001,4026531840,tsm,ip-10-100-1-217,42,connect,[],3,-114,"[{'name': 'sockfd', 'type': 'int', 'value': 545}, {'name': 'addr', 'type': 'struct sockaddr*', 'value': ""{'sa_family': 'AF_INET','sin_port': '22','sin_addr': '192.168.20.69'}""}, {'name': 'addrlen', 'type': 'int', 'value': 16}]",1,1
487.064701,7555,7555,7548,1001,4026531840,tsm,ip-10-100-1-217,42,connect,[],3,-114,"[{'name': 'sockfd', 'type': 'int', 'value': 546}, {'name': 'addr', 'type': 'struct sockaddr*', 'value': ""{'sa_family': 'AF_INET','sin_port': '22','sin_addr': '192.168.20.70'}""}, {'name': 'addrlen', 'type': 'int', 'value': 16}]",1,1
487.064723,7555,7555,7548,1001,4026531840,tsm,ip-10-100-1-217,42,connect,[],3,-114,"[{'name': 'sockfd', 'type': 'int', 'value': 547}, {'name': 'addr', 'type': 'struct sockaddr*', 'value': ""{'sa_family': 'AF_INET','sin_port': '22','sin_addr': '192.168.20.71'}""}, {'name': 'addrlen', 'type': 'int', 'value': 16}]",1,1
487.064745,7555,7555,7548,1001,4026531840,tsm,ip-10-100-1-217,42,connect,[],3,-114,"[{'name': 'sockfd', 'type': 'int', 'value': 548}, {'name': 'addr', 'type': 'struct sockaddr*', 'value': ""{'sa_family': 'AF_INET','sin_port': '22','sin_addr': '192.168.20.72'}""}, {'name': 'addrlen', 'type': 'int', 'value': 16}]",1,1
487.064767,7555,7555,7548,1001,4026531840,tsm,ip-10-100-1-217,42,connect,[],3,-114,"[{'name': 'sockfd', 'type': 'int', 'value': 549}, {'name': 'addr', 'type': 'struct sockaddr*', 'value': ""{'sin_addr': '192.168.20.73','sa_family': 'AF_INET','sin_port': '22'}""}, {'name': 'addrlen', 'type': 'int', 'value': 16}]",1,1
487.064789,7555,7555,7548,1001,4026531840,tsm,ip-10-100-1-217,42,connect,[],3,-114,"[{'name': 'sockfd', 'type': 'int', 'value': 550}, {'name': 'addr', 'type': 'struct sockaddr*', 'value': ""{'sa_family': 'AF_INET','sin_port': '22','sin_addr': '192.168.20.74'}""}, {'name': 'addrlen', 'type': 'int', 'value': 16}]",1,1
487.064811,7555,7555,7548,1001,4026531840,tsm,ip-10-100-1-217,42,connect,[],3,-114,"[{'name': 'sockfd', 'type': 'int', 'value': 551}, {'name': 'addr', 'type': 'struct sockaddr*', 'value': ""{'sin_addr': '192.168.20.75','sa_family': 'AF_INET','sin_port': '22'}""}, {'name': 'addrlen', 'type': 'int', 'value': 16}]",1,1
487.064833,7555,7555,7548,1001,4026531840,tsm,ip-10-100-1-217,42,connect,[],3,-114,"[{'name': 'sockfd', 'type': 'int', 'value': 552}, {'name': 'addr', 'type': 'struct sockaddr*', 'value': ""{'sa_family': 'AF_INET','sin_port': '22','sin_addr': '192.168.20.76'}""}, {'name': 'addrlen', 'type': 'int', 'value': 16}]",1,1
487.064855,7555,7555,7548,1001,4026531840,tsm,ip-10-100-1-217,42,connect,[],3,-114,"[{'name': 'sockfd', 'type': 'int', 'value': 553}, {'name': 'addr', 'type': 'struct sockaddr*', 'value': ""{'sa_family': 'AF_INET','sin_port': '22','sin_addr': '192.168.20.77'}""}, {'name': 'addrlen', 'type': 'int', 'value': 16}]",1,1
487.064877,7555,7555,7548,1001,4026531840,tsm,ip-10-100-1-217,42,connect,[],3,-114,"[{'name': 'sockfd', 'type': 'int', 'value': 554}, {'name': 'addr', 'type': 'struct sockaddr*', 'value': ""{'sa_family': 'AF_INET','sin_port': '22','sin_addr': '192.168.20.78'}""}, {'name': 'addrlen', 'type': 'int', 'value': 16}]",1,1
487.064899,7555,7555,7548,1001,4026531840,tsm,ip-10-100-1-217,42,connect,[],3,-114,"[{'name': 'sockfd', 'type': 'int', 'value': 555}, {'name': 'addr', 'type': 'struct sockaddr*', 'value': ""{'sa_family': 'AF_INET','sin_port': '22','sin_addr': '192.168.20.79'}""}, {'name': 'addrlen', 'type': 'int', 'value': 16}]",1,1
487.064921,7555,7555,7548,1001,4026531840,tsm,ip-10-100-1-217,42,connect,[],3,-114,"[{'name': 'sockfd', 'type': 'int', 'value': 556}, {'name': 'addr', 'type': 'struct sockaddr*', 'value': ""{'sin_port': '22','sin_addr': '192.168.20.80','sa_family': 'AF_INET'}""}, {'name': 'addrlen', 'type': 'int', 'value': 16}]",1,1
487.064943,7555,7555,7548,1001,4026531840,tsm,ip-10-100-1-217,42,connect,[],3,-114,"[{'name': 'sockfd', 'type': 'int', 'value': 557}, {'name': 'addr', 'type': 'struct sockaddr*', 'value': ""{'sin_port': '22','sin_addr': '192.168.20.81','sa_family': 'AF_INET'}""}, {'name': 'addrlen', 'type': 'int', 'value': 16}]",1,1
487.064965,7555,7555,7548,1001,4026531840,tsm,ip-10-100-1-217,42,connect,[],3,-114,"[{'name': 'sockfd', 'type': 'int', 'value': 558}, {'name': 'addr', 'type': 'struct sockaddr*', 'value': ""{'sa_family': 'AF_INET','sin_port': '22','sin_addr': '192.168.20.82'}""}, {'name': 'addrlen', 'type': 'int', 'value': 16}]",1,1
487.064987,7555,7555,7548,1001,4026531840,tsm,ip-10-100-1-217,42,connect,[],3,-114,"[{'name': 'sockfd', 'type': 'int', 'value': 559}, {'name': 'addr', 'type': 'struct sockaddr*', 'value': ""{'sa_family': 'AF_INET','sin_port': '22','sin_addr': '192.168.20.83'}""}, {'name': 'addrlen', 'type': 'int', 'value': 16}]",1,1
487.065009,7555,7555,7548,1001,4026531840,tsm,ip-10-100-1-217,42,connect,[],3,-114,"[{'name': 'sockfd', 'type': 'int', 'value': 560}, {'name': 'addr', 'type': 'struct sockaddr*', 'value': ""{'sin_port': '22','sin_addr': '192.168.20.84','sa_family': 'AF_INET'}""}, {'name': 'addrlen', 'type': 'int', 'value': 16}]",1,1
487.065031,7555,7555,7548,1001,4026531840,tsm,ip-10-100-1-217,42,connect,[],3,-114,"[{'name': 'sockfd', 'type': 'int', 'value': 561}, {'name': 'addr', 'type': 'struct sockaddr*', 'value': ""{'sa_family': 'AF_INET','sin_port': '22','sin_addr': '192.168.20.85'}""}, {'name': 'addrlen', 'type': 'int', 'value': 16}]",1,1
487.065053,7555,7555,7548,1001,4026531840,tsm,ip-10-100-1-217,42,connect,[],3,-114,"[{'name': 'sockfd', 'type': 'int', 'value': 562}, {'name': 'addr', 'type': 'struct sockaddr*', 'value': ""{'sa_family': 'AF_INET','sin_port': '22','sin_addr': '192.168.20.86'}""}, {'name': 'addrlen', 'type': 'int', 'value': 16}]",1,1
487.065076,7555,7555,7548,1001,4026531840,tsm,ip-10-100-1-217,42,connect,[],3,-114,"[{'name': 'sockfd', 'type': 'int', 'value': 563}, {'name': 'addr', 'type': 'struct sockaddr*', 'value': ""{'sa_family': 'AF_INET','sin_port': '22','sin_addr': '192.168.20.87'}""}, {'name': 'addrlen', 'type': 'int', 'value': 16}]",1,1
487.065098,7555,7555,7548,1001,4026531840,tsm,ip-10-100-1-217,42,connect,[],3,-114,"[{'name': 'sockfd', 'type': 'int', 'value': 564}, {'name': 'addr', 'type': 'struct sockaddr*', 'value': ""{'sa_family': 'AF_INET','sin_port': '22','sin_addr': '192.168.20.88'}""}, {'name': 'addrlen', 'type': 'int', 'value': 16}]",1,1
487.06512,7555,7555,7548,1001,4026531840,tsm,ip-10-100-1-217,42,connect,[],3,-114,"[{'name': 'sockfd', 'type': 'int', 'value': 565}, {'name': 'addr', 'type': 'struct sockaddr*', 'value': ""{'sa_family': 'AF_INET','sin_port': '22','sin_addr': '192.168.20.89'}""}, {'name': 'addrlen', 'type': 'int', 'value': 16}]",1,1
487.065142,7555,7555,7548,1001,4026531840,tsm,ip-10-100-1-217,42,connect,[],3,-114,"[{'name': 'sockfd', 'type': 'int', 'value': 566}, {'name': 'addr', 'type': 'struct sockaddr*', 'value': ""{'sin_port': '22','sin_addr': '192.168.20.90','sa_family': 'AF_INET'}""}, {'name': 'addrlen', 'type': 'int', 'value': 16}]",1,1
487.065164,7555,7555,7548,1001,4026531840,tsm,ip-10-100-1-217,42,connect,[],3,-114,"[{'name': 'sockfd', 'type': 'int', 'value': 567}, {'name': 'addr', 'type': 'struct sockaddr*', 'value': ""{'sa_family': 'AF_INET','sin_port': '22','sin_addr': '192.168.20.91'}""}, {'name': 'addrlen', 'type': 'int', 'value': 16}]",1,1
487.065186,7555,7555,7548,1001,4026531840,tsm,ip-10-100-1-217,42,connect,[],3,-114,"[{'name': 'sockfd', 'type': 'int', 'value': 568}, {'name': 'addr', 'type': 'struct sockaddr*', 'value': ""{'sa_family': 'AF_INET','sin_port': '22','sin_addr': '192.168.20.92'}""}, {'name': 'addrlen', 'type': 'int', 'value': 16}]",1,1
487.065208,7555,7555,7548,1001,4026531840,tsm,ip-10-100-1-217,42,connect,[],3,-114,"[{'name': 'sockfd', 'type': 'int', 'value': 569}, {'name': 'addr', 'type': 'struct sockaddr*', 'value': ""{'sa_family': 'AF_INET','sin_port': '22','sin_addr': '192.168.20.93'}""}, {'name': 'addrlen', 'type': 'int', 'value': 16}]",1,1
487.06523,7555,7555,7548,1001,4026531840,tsm,ip-10-100-1-217,42,connect,[],3,-114,"[{'name': 'sockfd', 'type': 'int', 'value': 570}, {'name': 'addr', 'type': 'struct sockaddr*', 'value': ""{'sa_family': 'AF_INET','sin_port': '22','sin_addr': '192.168.20.94'}""}, {'name': 'addrlen', 'type': 'int', 'value': 16}]",1,1
487.065252,7555,7555,7548,1001,4026531840,tsm,ip-10-100-1-217,42,connect,[],3,-114,"[{'name': 'sockfd', 'type': 'int', 'value': 571}, {'name': 'addr', 'type': 'struct sockaddr*', 'value': ""{'sa_family': 'AF_INET','sin_port': '22','sin_addr': '192.168.20.95'}""}, {'name': 'addrlen', 'type': 'int', 'value': 16}]",1,1
487.065274,7555,7555,7548,1001,4026531840,tsm,ip-10-100-1-217,42,connect,[],3,-114,"[{'name': 'sockfd', 'type': 'int', 'value': 572}, {'name': 'addr', 'type': 'struct sockaddr*', 'value': ""{'sa_family': 'AF_INET','sin_port': '22','sin_addr': '192.168.20.96'}""}, {'name': 'addrlen', 'type': 'int', 'value': 16}]",1,1
487.065296,7555,7555,7548,1001,4026531840,tsm,ip-10-100-1-217,42,connect,[],3,-114,"[{'name': 'sockfd', 'type': 'int', 'value': 573}, {'name': 'addr', 'type': 'struct sockaddr*', 'value': ""{'sa_family': 'AF_INET','sin_port': '22','sin_addr': '192.168.20.97'}""}, {'name': 'addrlen', 'type': 'int', 'value': 16}]",1,1
487.065318,7555,7555,7548,1001,4026531840,tsm,ip-10-100-1-217,42,connect,[],3,-114,"[{'name': 'sockfd', 'type': 'int', 'value': 574}, {'name': 'addr', 'type': 'struct sockaddr*', 'value': ""{'sa_family': 'AF_INET','sin_port': '22','sin_addr': '192.168.20.98'}""}, {'name': 'addrlen', 'type': 'int', 'value': 16}]",1,1
487.06534,7555,7555,7548,1001,4026531840,tsm,ip-10-100-1-217,42,connect,[],3,-114,"[{'name': 'sockfd', 'type': 'int', 'value': 575}, {'name': 'addr', 'type': 'struct sockaddr*', 'value': ""{'sa_family': 'AF_INET','sin_port': '22','sin_addr': '192.168.20.99'}""}, {'name': 'addrlen', 'type': 'int', 'value': 16}]",1,1
487.065362,7555,7555,7548,1001,4026531840,tsm,ip-10-100-1-217,42,connect,[],3,-114,"[{'name': 'sockfd', 'type': 'int', 'value': 576}, {'name': 'addr', 'type': 'struct sockaddr*', 'value': ""{'sin_port': '22','sin_addr': '192.168.20.100','sa_family': 'AF_INET'}""}, {'name': 'addrlen', 'type': 'int', 'value': 16}]",1,1
487.065385,7555,7555,7548,1001,4026531840,tsm,ip-10-100-1-217,42,connect,[],3,-114,"[{'name': 'sockfd', 'type': 'int', 'value': 577}, {'name': 'addr', 'type': 'struct sockaddr*', 'value': ""{'sa_family': 'AF_INET','sin_port': '22','sin_addr': '192.168.20.101'}""}, {'name': 'addrlen', 'type': 'int', 'value': 16}]",1,1
487.065409,7555,7555,7548,1001,4026531840,tsm,ip-10-100-1-217,42,connect,[],3,-114,"[{'name': 'sockfd', 'type': 'int', 'value': 578}, {'name': 'addr', 'type': 'struct sockaddr*', 'value': ""{'sin_port': '22','sin_addr': '192.168.20.102','sa_family': 'AF_INET'}""}, {'name': 'addrlen', 'type': 'int', 'value': 16}]",1,1
487.065431,7555,7555,7548,1001,4026531840,tsm,ip-10-100-1-217,42,connect,[],3,-114,"[{'name': 'sockfd', 'type': 'int', 'value': 579}, {'name': 'addr', 'type': 'struct sockaddr*', 'value': ""{'sin_port': '22','sin_addr': '192.168.20.103','sa_family': 'AF_INET'}""}, {'name': 'addrlen', 'type': 'int', 'value': 16}]",1,1
487.065453,7555,7555,7548,1001,4026531840,tsm,ip-10-100-1-217,42,connect,[],3,-114,"[{'name': 'sockfd', 'type': 'int', 'value': 580}, {'name': 'addr', 'type': 'struct sockaddr*', 'value': ""{'sa_family': 'AF_INET','sin_port': '22','sin_addr': '192.168.20.104'}""}, {'name': 'addrlen', 'type': 'int', 'value': 16}]",1,1
487.065475,7555,7555,7548,1001,4026531840,tsm,ip-10-100-1-217,42,connect,[],3,-114,"[{'name': 'sockfd', 'type': 'int', 'value': 581}, {'name': 'addr', 'type': 'struct sockaddr*', 'value': ""{'sa_family': 'AF_INET','sin_port': '22','sin_addr': '192.168.20.105'}""}, {'name': 'addrlen', 'type': 'int', 'value': 16}]",1,1
487.065499,7555,7555,7548,1001,4026531840,tsm,ip-10-100-1-217,42,connect,[],3,-114,"[{'name': 'sockfd', 'type': 'int', 'value': 582}, {'name': 'addr', 'type': 'struct sockaddr*', 'value': ""{'sin_addr': '192.168.20.106','sa_family': 'AF_INET','sin_port': '22'}""}, {'name': 'addrlen', 'type': 'int', 'value': 16}]",1,1
487.065522,7555,7555,7548,1001,4026531840,tsm,ip-10-100-1-217,42,connect,[],3,-114,"[{'name': 'sockfd', 'type': 'int', 'value': 583}, {'name': 'addr', 'type': 'struct sockaddr*', 'value': ""{'sa_family': 'AF_INET','sin_port': '22','sin_addr': '192.168.20.107'}""}, {'name': 'addrlen', 'type': 'int', 'value': 16}]",1,1
487.065544,7555,7555,7548,1001,4026531840,tsm,ip-10-100-1-217,42,connect,[],3,-114,"[{'name': 'sockfd', 'type': 'int', 'value': 584}, {'name': 'addr', 'type': 'struct sockaddr*', 'value': ""{'sa_family': 'AF_INET','sin_port': '22','sin_addr': '192.168.20.108'}""}, {'name': 'addrlen', 'type': 'int', 'value': 16}]",1,1
487.065566,7555,7555,7548,1001,4026531840,tsm,ip-10-100-1-217,42,connect,[],3,-114,"[{'name': 'sockfd', 'type': 'int', 'value': 585}, {'name': 'addr', 'type': 'struct sockaddr*', 'value': ""{'sa_family': 'AF_INET','sin_port': '22','sin_addr': '192.168.20.109'}""}, {'name': 'addrlen', 'type': 'int', 'value': 16}]",1,1
487.065588,7555,7555,7548,1001,4026531840,tsm,ip-10-100-1-217,42,connect,[],3,-114,"[{'name': 'sockfd', 'type': 'int', 'value': 586}, {'name': 'addr', 'type': 'struct sockaddr*', 'value': ""{'sin_addr': '192.168.20.110','sa_family': 'AF_INET','sin_port': '22'}""}, {'name': 'addrlen', 'type': 'int', 'value': 16}]",1,1
487.06561,7555,7555,7548,1001,4026531840,tsm,ip-10-100-1-217,42,connect,[],3,-114,"[{'name': 'sockfd', 'type': 'int', 'value': 587}, {'name': 'addr', 'type': 'struct sockaddr*', 'value': ""{'sa_family': 'AF_INET','sin_port': '22','sin_addr': '192.168.20.111'}""}, {'name': 'addrlen', 'type': 'int', 'value': 16}]",1,1
487.065632,7555,7555,7548,1001,4026531840,tsm,ip-10-100-1-217,42,connect,[],3,-114,"[{'name': 'sockfd', 'type': 'int', 'value': 588}, {'name': 'addr', 'type': 'struct sockaddr*', 'value': ""{'sa_family': 'AF_INET','sin_port': '22','sin_addr': '192.168.20.112'}""}, {'name': 'addrlen', 'type': 'int', 'value': 16}]",1,1
487.065654,7555,7555,7548,1001,4026531840,tsm,ip-10-100-1-217,42,connect,[],3,-114,"[{'name': 'sockfd', 'type': 'int', 'value': 589}, {'name': 'addr', 'type': 'struct sockaddr*', 'value': ""{'sa_family': 'AF_INET','sin_port': '22','sin_addr': '192.168.20.113'}""}, {'name': 'addrlen', 'type': 'int', 'value': 16}]",1,1
487.065676,7555,7555,7548,1001,4026531840,tsm,ip-10-100-1-217,42,connect,[],3,-114,"[{'name': 'sockfd', 'type': 'int', 'value': 590}, {'name': 'addr', 'type': 'struct sockaddr*', 'value': ""{'sa_family': 'AF_INET','sin_port': '22','sin_addr': '192.168.20.114'}""}, {'name': 'addrlen', 'type': 'int', 'value': 16}]",1,1
487.065698,7555,7555,7548,1001,4026531840,tsm,ip-10-100-1-217,42,connect,[],3,-114,"[{'name': 'sockfd', 'type': 'int', 'value': 591}, {'name': 'addr', 'type': 'struct sockaddr*', 'value': ""{'sin_port': '22','sin_addr': '192.168.20.115','sa_family': 'AF_INET'}""}, {'name': 'addrlen', 'type': 'int', 'value': 16}]",1,1
487.06572,7555,7555,7548,1001,4026531840,tsm,ip-10-100-1-217,42,connect,[],3,-114,"[{'name': 'sockfd', 'type': 'int', 'value': 592}, {'name': 'addr', 'type': 'struct sockaddr*', 'value': ""{'sin_addr': '192.168.20.116','sa_family': 'AF_INET','sin_port': '22'}""}, {'name': 'addrlen', 'type': 'int', 'value': 16}]",1,1
487.065742,7555,7555,7548,1001,4026531840,tsm,ip-10-100-1-217,42,connect,[],3,-114,"[{'name': 'sockfd', 'type': 'int', 'value': 593}, {'name': 'addr', 'type': 'struct sockaddr*', 'value': ""{'sa_family': 'AF_INET','sin_port': '22','sin_addr': '192.168.20.117'}""}, {'name': 'addrlen', 'type': 'int', 'value': 16}]",1,1
487.065764,7555,7555,7548,1001,4026531840,tsm,ip-10-100-1-217,42,connect,[],3,-114,"[{'name': 'sockfd', 'type': 'int', 'value': 594}, {'name': 'addr', 'type': 'struct sockaddr*', 'value': ""{'sa_family': 'AF_INET','sin_port': '22','sin_addr': '192.168.20.118'}""}, {'name': 'addrlen', 'type': 'int', 'value': 16}]",1,1
487.065786,7555,7555,7548,1001,4026531840,tsm,ip-10-100-1-217,42,connect,[],3,-114,"[{'name': 'sockfd', 'type': 'int', 'value': 595}, {'name': 'addr', 'type': 'struct sockaddr*', 'value': ""{'sa_family': 'AF_INET','sin_port': '22','sin_addr': '192.168.20.119'}""}, {'name': 'addrlen', 'type': 'int', 'value': 16}]",1,1
487.065808,7555,7555,7548,1001,4026531840,tsm,ip-10-100-1-217,42,connect,[],3,-114,"[{'name': 'sockfd', 'type': 'int', 'value': 596}, {'name': 'addr', 'type': 'struct sockaddr*', 'value': ""{'sa_family': 'AF_INET','sin_port': '22','sin_addr': '192.168.20.120'}""}, {'name': 'addrlen', 'type': 'int', 'value': 16}]",1,1
487.06583,7555,7555,7548,1001,4026531840,tsm,ip-10-100-1-217,42,connect,[],3,-114,"[{'name': 'sockfd', 'type': 'int', 'value': 597}, {'name': 'addr', 'type': 'struct sockaddr*', 'value': ""{'sin_addr': '192.168.20.121','sa_family': 'AF_INET','sin_port': '22'}""}, {'name': 'addrlen', 'type': 'int', 'value': 16}]",1,1
487.065853,7555,7555,7548,1001,4026531840,tsm,ip-10-100-1-217,42,connect,[],3,-114,"[{'name': 'sockfd', 'type': 'int', 'value': 598}, {'name': 'addr', 'type': 'struct sockaddr*', 'value': ""{'sa_family': 'AF_INET','sin_port': '22','sin_addr': '192.168.20.122'}""}, {'name': 'addrlen', 'type': 'int', 'value': 16}]",1,1
487.065875,7555,7555,7548,1001,4026531840,tsm,ip-10-100-1-217,42,connect,[],3,-114,"[{'name': 'sockfd', 'type': 'int', 'value': 599}, {'name': 'addr', 'type': 'struct sockaddr*', 'value': ""{'sa_family': 'AF_INET','sin_port': '22','sin_addr': '192.168.20.123'}""}, {'name': 'addrlen', 'type': 'int', 'value': 16}]",1,1
487.065897,7555,7555,7548,1001,4026531840,tsm,ip-10-100-1-217,42,connect,[],3,-114,"[{'name': 'sockfd', 'type': 'int', 'value': 600}, {'name': 'addr', 'type': 'struct sockaddr*', 'value': ""{'sa_family': 'AF_INET','sin_port': '22','sin_addr': '192.168.20.124'}""}, {'name': 'addrlen', 'type': 'int', 'value': 16}]",1,1
487.065919,7555,7555,7548,1001,4026531840,tsm,ip-10-100-1-217,42,connect,[],3,-114,"[{'name': 'sockfd', 'type': 'int', 'value': 601}, {'name': 'addr', 'type': 'struct sockaddr*', 'value': ""{'sa_family': 'AF_INET','sin_port': '22','sin_addr': '192.168.20.125'}""}, {'name': 'addrlen', 'type': 'int', 'value': 16}]",1,1
487.065941,7555,7555,7548,1001,4026531840,tsm,ip-10-100-1-217,42,connect,[],3,-114,"[{'name': 'sockfd', 'type': 'int', 'value': 602}, {'name': 'addr', 'type': 'struct sockaddr*', 'value': ""{'sa_family': 'AF_INET','sin_port': '22','sin_addr': '192.168.20.126'}""}, {'name': 'addrlen', 'type': 'int', 'value': 16}]",1,1
487.065963,7555,7555,7548,1001,4026531840,tsm,ip-10-100-1-217,42,connect,[],3,-114,"[{'name': 'sockfd', 'type': 'int', 'value': 603}, {'name': 'addr', 'type': 'struct sockaddr*', 'value': ""{'sa_family': 'AF_INET','sin_port': '22','sin_addr': '192.168.20.127'}""}, {'name': 'addrlen', 'type': 'int', 'value': 16}]",1,1
487.065985,7555,7555,7548,1001,4026531840,tsm,ip-10-100-1-217,42,connect,[],3,-114,"[{'name': 'sockfd', 'type': 'int', 'value': 604}, {'name': 'addr', 'type': 'struct sockaddr*', 'value': ""{'sa_family': 'AF_INET','sin_port': '22','sin_addr': '192.168.20.128'}""}, {'name': 'addrlen', 'type': 'int', 'value': 16}]",1,1
487.066007,7555,7555,7548,1001,4026531840,tsm,ip-10-100-1-217,42,connect,[],3,-114,"[{'name': 'sockfd', 'type': 'int', 'value': 605}, {'name': 'addr', 'type': 'struct sockaddr*', 'value': ""{'sin_addr': '192.168.20.129','sa_family': 'AF_INET','sin_port': '22'}""}, {'name': 'addrlen', 'type': 'int', 'value': 16}]",1,1
487.066029,7555,7555,7548,1001,4026531840,tsm,ip-10-100-1-217,42,connect,[],3,-114,"[{'name': 'sockfd', 'type': 'int', 'value': 606}, {'name': 'addr', 'type': 'struct sockaddr*', 'value': ""{'sa_family': 'AF_INET','sin_port': '22','sin_addr': '192.168.20.130'}""}, {'name': 'addrlen', 'type': 'int', 'value': 16}]",1,1
487.066051,7555,7555,7548,1001,4026531840,tsm,ip-10-100-1-217,42,connect,[],3,-114,"[{'name': 'sockfd', 'type': 'int', 'value': 607}, {'name': 'addr', 'type': 'struct sockaddr*', 'value': ""{'sa_family': 'AF_INET','sin_port': '22','sin_addr': '192.168.20.131'}""}, {'name': 'addrlen', 'type': 'int', 'value': 16}]",1,1
487.066073,7555,7555,7548,1001,4026531840,tsm,ip-10-100-1-217,42,connect,[],3,-114,"[{'name': 'sockfd', 'type': 'int', 'value': 608}, {'name': 'addr', 'type': 'struct sockaddr*', 'value': ""{'sa_family': 'AF_INET','sin_port': '22','sin_addr': '192.168.20.132'}""}, {'name': 'addrlen', 'type': 'int', 'value': 16}]",1,1
487.066095,7555,7555,7548,1001,4026531840,tsm,ip-10-100-1-217,42,connect,[],3,-114,"[{'name': 'sockfd', 'type': 'int', 'value': 609}, {'name': 'addr', 'type': 'struct sockaddr*', 'value': ""{'sa_family': 'AF_INET','sin_port': '22','sin_addr': '192.168.20.133'}""}, {'name': 'addrlen', 'type': 'int', 'value': 16}]",1,1
487.066118,7555,7555,7548,1001,4026531840,tsm,ip-10-100-1-217,42,connect,[],3,-114,"[{'name': 'sockfd', 'type': 'int', 'value': 610}, {'name': 'addr', 'type': 'struct sockaddr*', 'value': ""{'sa_family': 'AF_INET','sin_port': '22','sin_addr': '192.168.20.134'}""}, {'name': 'addrlen', 'type': 'int', 'value': 16}]",1,1
487.06614,7555,7555,7548,1001,4026531840,tsm,ip-10-100-1-217,42,connect,[],3,-114,"[{'name': 'sockfd', 'type': 'int', 'value': 611}, {'name': 'addr', 'type': 'struct sockaddr*', 'value': ""{'sa_family': 'AF_INET','sin_port': '22','sin_addr': '192.168.20.135'}""}, {'name': 'addrlen', 'type': 'int', 'value': 16}]",1,1
487.066162,7555,7555,7548,1001,4026531840,tsm,ip-10-100-1-217,42,connect,[],3,-114,"[{'name': 'sockfd', 'type': 'int', 'value': 612}, {'name': 'addr', 'type': 'struct sockaddr*', 'value': ""{'sa_family': 'AF_INET','sin_port': '22','sin_addr': '192.168.20.136'}""}, {'name': 'addrlen', 'type': 'int', 'value': 16}]",1,1
487.066184,7555,7555,7548,1001,4026531840,tsm,ip-10-100-1-217,42,connect,[],3,-114,"[{'name': 'sockfd', 'type': 'int', 'value': 613}, {'name': 'addr', 'type': 'struct sockaddr*', 'value': ""{'sin_port': '22','sin_addr': '192.168.20.137','sa_family': 'AF_INET'}""}, {'name': 'addrlen', 'type': 'int', 'value': 16}]",1,1
487.066206,7555,7555,7548,1001,4026531840,tsm,ip-10-100-1-217,42,connect,[],3,-114,"[{'name': 'sockfd', 'type': 'int', 'value': 614}, {'name': 'addr', 'type': 'struct sockaddr*', 'value': ""{'sa_family': 'AF_INET','sin_port': '22','sin_addr': '192.168.20.138'}""}, {'name': 'addrlen', 'type': 'int', 'value': 16}]",1,1
487.066228,7555,7555,7548,1001,4026531840,tsm,ip-10-100-1-217,42,connect,[],3,-114,"[{'name': 'sockfd', 'type': 'int', 'value': 615}, {'name': 'addr', 'type': 'struct sockaddr*', 'value': ""{'sa_family': 'AF_INET','sin_port': '22','sin_addr': '192.168.20.139'}""}, {'name': 'addrlen', 'type': 'int', 'value': 16}]",1,1
487.06625,7555,7555,7548,1001,4026531840,tsm,ip-10-100-1-217,42,connect,[],3,-114,"[{'name': 'sockfd', 'type': 'int', 'value': 616}, {'name': 'addr', 'type': 'struct sockaddr*', 'value': ""{'sa_family': 'AF_INET','sin_port': '22','sin_addr': '192.168.20.140'}""}, {'name': 'addrlen', 'type': 'int', 'value': 16}]",1,1
487.066272,7555,7555,7548,1001,4026531840,tsm,ip-10-100-1-217,42,connect,[],3,-114,"[{'name': 'sockfd', 'type': 'int', 'value': 617}, {'name': 'addr', 'type': 'struct sockaddr*', 'value': ""{'sin_port': '22','sin_addr': '192.168.20.141','sa_family': 'AF_INET'}""}, {'name': 'addrlen', 'type': 'int', 'value': 16}]",1,1
487.066294,7555,7555,7548,1001,4026531840,tsm,ip-10-100-1-217,42,connect,[],3,-114,"[{'name': 'sockfd', 'type': 'int', 'value': 618}, {'name': 'addr', 'type': 'struct sockaddr*', 'value': ""{'sa_family': 'AF_INET','sin_port': '22','sin_addr': '192.168.20.142'}""}, {'name': 'addrlen', 'type': 'int', 'value': 16}]",1,1
487.066316,7555,7555,7548,1001,4026531840,tsm,ip-10-100-1-217,42,connect,[],3,-114,"[{'name': 'sockfd', 'type': 'int', 'value': 619}, {'name': 'addr', 'type': 'struct sockaddr*', 'value': ""{'sa_family': 'AF_INET','sin_port': '22','sin_addr': '192.168.20.143'}""}, {'name': 'addrlen', 'type': 'int', 'value': 16}]",1,1
487.066338,7555,7555,7548,1001,4026531840,tsm,ip-10-100-1-217,42,connect,[],3,-114,"[{'name': 'sockfd', 'type': 'int', 'value': 620}, {'name': 'addr', 'type': 'struct sockaddr*', 'value': ""{'sa_family': 'AF_INET','sin_port': '22','sin_addr': '192.168.20.144'}""}, {'name': 'addrlen', 'type': 'int', 'value': 16}]",1,1
487.06636,7555,7555,7548,1001,4026531840,tsm,ip-10-100-1-217,42,connect,[],3,-114,"[{'name': 'sockfd', 'type': 'int', 'value': 621}, {'name': 'addr', 'type': 'struct sockaddr*', 'value': ""{'sa_family': 'AF_INET','sin_port': '22','sin_addr': '192.168.20.145'}""}, {'name': 'addrlen', 'type': 'int', 'value': 16}]",1,1
487.066382,7555,7555,7548,1001,4026531840,tsm,ip-10-100-1-217,42,connect,[],3,-114,"[{'name': 'sockfd', 'type': 'int', 'value': 622}, {'name': 'addr', 'type': 'struct sockaddr*', 'value': ""{'sa_family': 'AF_INET','sin_port': '22','sin_addr': '192.168.20.146'}""}, {'name': 'addrlen', 'type': 'int', 'value': 16}]",1,1
487.066404,7555,7555,7548,1001,4026531840,tsm,ip-10-100-1-217,42,connect,[],3,-114,"[{'name': 'sockfd', 'type': 'int', 'value': 623}, {'name': 'addr', 'type': 'struct sockaddr*', 'value': ""{'sa_family': 'AF_INET','sin_port': '22','sin_addr': '192.168.20.147'}""}, {'name': 'addrlen', 'type': 'int', 'value': 16}]",1,1
487.066426,7555,7555,7548,1001,4026531840,tsm,ip-10-100-1-217,42,connect,[],3,-114,"[{'name': 'sockfd', 'type': 'int', 'value': 624}, {'name': 'addr', 'type': 'struct sockaddr*', 'value': ""{'sa_family': 'AF_INET','sin_port': '22','sin_addr': '192.168.20.148'}""}, {'name': 'addrlen', 'type': 'int', 'value': 16}]",1,1
487.066448,7555,7555,7548,1001,4026531840,tsm,ip-10-100-1-217,42,connect,[],3,-114,"[{'name': 'sockfd', 'type': 'int', 'value': 625}, {'name': 'addr', 'type': 'struct sockaddr*', 'value': ""{'sa_family': 'AF_INET','sin_port': '22','sin_addr': '192.168.20.149'}""}, {'name': 'addrlen', 'type': 'int', 'value': 16}]",1,1
487.072375,7555,7555,7548,1001,4026531840,tsm,ip-10-100-1-217,42,connect,[],3,-114,"[{'name': 'sockfd', 'type': 'int', 'value': 626}, {'name': 'addr', 'type': 'struct sockaddr*', 'value': ""{'sin_addr': '192.168.20.150','sa_family': 'AF_INET','sin_port': '22'}""}, {'name': 'addrlen', 'type': 'int', 'value': 16}]",1,1
487.072403,7555,7555,7548,1001,4026531840,tsm,ip-10-100-1-217,42,connect,[],3,-114,"[{'name': 'sockfd', 'type': 'int', 'value': 627}, {'name': 'addr', 'type': 'struct sockaddr*', 'value': ""{'sa_family': 'AF_INET','sin_port': '22','sin_addr': '192.168.20.151'}""}, {'name': 'addrlen', 'type': 'int', 'value': 16}]",1,1
487.072434,7555,7555,7548,1001,4026531840,tsm,ip-10-100-1-217,42,connect,[],3,-114,"[{'name': 'sockfd', 'type': 'int', 'value': 628}, {'name': 'addr', 'type': 'struct sockaddr*', 'value': ""{'sin_port': '22','sin_addr': '192.168.20.152','sa_family': 'AF_INET'}""}, {'name': 'addrlen', 'type': 'int', 'value': 16}]",1,1
487.072477,7555,7555,7548,1001,4026531840,tsm,ip-10-100-1-217,42,connect,[],3,-114,"[{'name': 'sockfd', 'type': 'int', 'value': 629}, {'name': 'addr', 'type': 'struct sockaddr*', 'value': ""{'sa_family': 'AF_INET','sin_port': '22','sin_addr': '192.168.20.153'}""}, {'name': 'addrlen', 'type': 'int', 'value': 16}]",1,1
487.072505,7555,7555,7548,1001,4026531840,tsm,ip-10-100-1-217,42,connect,[],3,-114,"[{'name': 'sockfd', 'type': 'int', 'value': 630}, {'name': 'addr', 'type': 'struct sockaddr*', 'value': ""{'sa_family': 'AF_INET','sin_port': '22','sin_addr': '192.168.20.154'}""}, {'name': 'addrlen', 'type': 'int', 'value': 16}]",1,1
487.072528,7555,7555,7548,1001,4026531840,tsm,ip-10-100-1-217,42,connect,[],3,-114,"[{'name': 'sockfd', 'type': 'int', 'value': 631}, {'name': 'addr', 'type': 'struct sockaddr*', 'value': ""{'sa_family': 'AF_INET','sin_port': '22','sin_addr': '192.168.20.155'}""}, {'name': 'addrlen', 'type': 'int', 'value': 16}]",1,1
487.072554,7555,7555,7548,1001,4026531840,tsm,ip-10-100-1-217,42,connect,[],3,-114,"[{'name': 'sockfd', 'type': 'int', 'value': 632}, {'name': 'addr', 'type': 'struct sockaddr*', 'value': ""{'sa_family': 'AF_INET','sin_port': '22','sin_addr': '192.168.20.156'}""}, {'name': 'addrlen', 'type': 'int', 'value': 16}]",1,1
487.072576,7555,7555,7548,1001,4026531840,tsm,ip-10-100-1-217,42,connect,[],3,-114,"[{'name': 'sockfd', 'type': 'int', 'value': 633}, {'name': 'addr', 'type': 'struct sockaddr*', 'value': ""{'sa_family': 'AF_INET','sin_port': '22','sin_addr': '192.168.20.157'}""}, {'name': 'addrlen', 'type': 'int', 'value': 16}]",1,1
487.072599,7555,7555,7548,1001,4026531840,tsm,ip-10-100-1-217,42,connect,[],3,-114,"[{'name': 'sockfd', 'type': 'int', 'value': 634}, {'name': 'addr', 'type': 'struct sockaddr*', 'value': ""{'sa_family': 'AF_INET','sin_port': '22','sin_addr': '192.168.20.158'}""}, {'name': 'addrlen', 'type': 'int', 'value': 16}]",1,1
487.072621,7555,7555,7548,1001,4026531840,tsm,ip-10-100-1-217,42,connect,[],3,-114,"[{'name': 'sockfd', 'type': 'int', 'value': 635}, {'name': 'addr', 'type': 'struct sockaddr*', 'value': ""{'sa_family': 'AF_INET','sin_port': '22','sin_addr': '192.168.20.159'}""}, {'name': 'addrlen', 'type': 'int', 'value': 16}]",1,1
487.072643,7555,7555,7548,1001,4026531840,tsm,ip-10-100-1-217,42,connect,[],3,-114,"[{'name': 'sockfd', 'type': 'int', 'value': 636}, {'name': 'addr', 'type': 'struct sockaddr*', 'value': ""{'sin_addr': '192.168.20.160','sa_family': 'AF_INET','sin_port': '22'}""}, {'name': 'addrlen', 'type': 'int', 'value': 16}]",1,1
487.072665,7555,7555,7548,1001,4026531840,tsm,ip-10-100-1-217,42,connect,[],3,-114,"[{'name': 'sockfd', 'type': 'int', 'value': 637}, {'name': 'addr', 'type': 'struct sockaddr*', 'value': ""{'sin_port': '22','sin_addr': '192.168.20.161','sa_family': 'AF_INET'}""}, {'name': 'addrlen', 'type': 'int', 'value': 16}]",1,1
487.072687,7555,7555,7548,1001,4026531840,tsm,ip-10-100-1-217,42,connect,[],3,-114,"[{'name': 'sockfd', 'type': 'int', 'value': 638}, {'name': 'addr', 'type': 'struct sockaddr*', 'value': ""{'sa_family': 'AF_INET','sin_port': '22','sin_addr': '192.168.20.162'}""}, {'name': 'addrlen', 'type': 'int', 'value': 16}]",1,1
487.072709,7555,7555,7548,1001,4026531840,tsm,ip-10-100-1-217,42,connect,[],3,-114,"[{'name': 'sockfd', 'type': 'int', 'value': 639}, {'name': 'addr', 'type': 'struct sockaddr*', 'value': ""{'sa_family': 'AF_INET','sin_port': '22','sin_addr': '192.168.20.163'}""}, {'name': 'addrlen', 'type': 'int', 'value': 16}]",1,1
487.072741,7555,7555,7548,1001,4026531840,tsm,ip-10-100-1-217,42,connect,[],3,-114,"[{'name': 'sockfd', 'type': 'int', 'value': 640}, {'name': 'addr', 'type': 'struct sockaddr*', 'value': ""{'sa_family': 'AF_INET','sin_port': '22','sin_addr': '192.168.20.164'}""}, {'name': 'addrlen', 'type': 'int', 'value': 16}]",1,1
487.072765,7555,7555,7548,1001,4026531840,tsm,ip-10-100-1-217,42,connect,[],3,-114,"[{'name': 'sockfd', 'type': 'int', 'value': 641}, {'name': 'addr', 'type': 'struct sockaddr*', 'value': ""{'sa_family': 'AF_INET','sin_port': '22','sin_addr': '192.168.20.165'}""}, {'name': 'addrlen', 'type': 'int', 'value': 16}]",1,1
487.072787,7555,7555,7548,1001,4026531840,tsm,ip-10-100-1-217,42,connect,[],3,-114,"[{'name': 'sockfd', 'type': 'int', 'value': 642}, {'name': 'addr', 'type': 'struct sockaddr*', 'value': ""{'sa_family': 'AF_INET','sin_port': '22','sin_addr': '192.168.20.166'}""}, {'name': 'addrlen', 'type': 'int', 'value': 16}]",1,1
487.072809,7555,7555,7548,1001,4026531840,tsm,ip-10-100-1-217,42,connect,[],3,-114,"[{'name': 'sockfd', 'type': 'int', 'value': 643}, {'name': 'addr', 'type': 'struct sockaddr*', 'value': ""{'sa_family': 'AF_INET','sin_port': '22','sin_addr': '192.168.20.167'}""}, {'name': 'addrlen', 'type': 'int', 'value': 16}]",1,1
487.072831,7555,7555,7548,1001,4026531840,tsm,ip-10-100-1-217,42,connect,[],3,-114,"[{'name': 'sockfd', 'type': 'int', 'value': 644}, {'name': 'addr', 'type': 'struct sockaddr*', 'value': ""{'sa_family': 'AF_INET','sin_port': '22','sin_addr': '192.168.20.168'}""}, {'name': 'addrlen', 'type': 'int', 'value': 16}]",1,1
487.072853,7555,7555,7548,1001,4026531840,tsm,ip-10-100-1-217,42,connect,[],3,-114,"[{'name': 'sockfd', 'type': 'int', 'value': 645}, {'name': 'addr', 'type': 'struct sockaddr*', 'value': ""{'sa_family': 'AF_INET','sin_port': '22','sin_addr': '192.168.20.169'}""}, {'name': 'addrlen', 'type': 'int', 'value': 16}]",1,1
487.072875,7555,7555,7548,1001,4026531840,tsm,ip-10-100-1-217,42,connect,[],3,-114,"[{'name': 'sockfd', 'type': 'int', 'value': 646}, {'name': 'addr', 'type': 'struct sockaddr*', 'value': ""{'sa_family': 'AF_INET','sin_port': '22','sin_addr': '192.168.20.170'}""}, {'name': 'addrlen', 'type': 'int', 'value': 16}]",1,1
487.072897,7555,7555,7548,1001,4026531840,tsm,ip-10-100-1-217,42,connect,[],3,-114,"[{'name': 'sockfd', 'type': 'int', 'value': 647}, {'name': 'addr', 'type': 'struct sockaddr*', 'value': ""{'sa_family': 'AF_INET','sin_port': '22','sin_addr': '192.168.20.171'}""}, {'name': 'addrlen', 'type': 'int', 'value': 16}]",1,1
487.07292,7555,7555,7548,1001,4026531840,tsm,ip-10-100-1-217,42,connect,[],3,-114,"[{'name': 'sockfd', 'type': 'int', 'value': 648}, {'name': 'addr', 'type': 'struct sockaddr*', 'value': ""{'sa_family': 'AF_INET','sin_port': '22','sin_addr': '192.168.20.172'}""}, {'name': 'addrlen', 'type': 'int', 'value': 16}]",1,1
487.072942,7555,7555,7548,1001,4026531840,tsm,ip-10-100-1-217,42,connect,[],3,-114,"[{'name': 'sockfd', 'type': 'int', 'value': 649}, {'name': 'addr', 'type': 'struct sockaddr*', 'value': ""{'sa_family': 'AF_INET','sin_port': '22','sin_addr': '192.168.20.173'}""}, {'name': 'addrlen', 'type': 'int', 'value': 16}]",1,1
487.072964,7555,7555,7548,1001,4026531840,tsm,ip-10-100-1-217,42,connect,[],3,-114,"[{'name': 'sockfd', 'type': 'int', 'value': 650}, {'name': 'addr', 'type': 'struct sockaddr*', 'value': ""{'sa_family': 'AF_INET','sin_port': '22','sin_addr': '192.168.20.174'}""}, {'name': 'addrlen', 'type': 'int', 'value': 16}]",1,1
487.072986,7555,7555,7548,1001,4026531840,tsm,ip-10-100-1-217,42,connect,[],3,-114,"[{'name': 'sockfd', 'type': 'int', 'value': 651}, {'name': 'addr', 'type': 'struct sockaddr*', 'value': ""{'sa_family': 'AF_INET','sin_port': '22','sin_addr': '192.168.20.175'}""}, {'name': 'addrlen', 'type': 'int', 'value': 16}]",1,1
487.073008,7555,7555,7548,1001,4026531840,tsm,ip-10-100-1-217,42,connect,[],3,-114,"[{'name': 'sockfd', 'type': 'int', 'value': 652}, {'name': 'addr', 'type': 'struct sockaddr*', 'value': ""{'sa_family': 'AF_INET','sin_port': '22','sin_addr': '192.168.20.176'}""}, {'name': 'addrlen', 'type': 'int', 'value': 16}]",1,1
487.07303,7555,7555,7548,1001,4026531840,tsm,ip-10-100-1-217,42,connect,[],3,-114,"[{'name': 'sockfd', 'type': 'int', 'value': 653}, {'name': 'addr', 'type': 'struct sockaddr*', 'value': ""{'sa_family': 'AF_INET','sin_port': '22','sin_addr': '192.168.20.177'}""}, {'name': 'addrlen', 'type': 'int', 'value': 16}]",1,1
487.073053,7555,7555,7548,1001,4026531840,tsm,ip-10-100-1-217,42,connect,[],3,-114,"[{'name': 'sockfd', 'type': 'int', 'value': 654}, {'name': 'addr', 'type': 'struct sockaddr*', 'value': ""{'sa_family': 'AF_INET','sin_port': '22','sin_addr': '192.168.20.178'}""}, {'name': 'addrlen', 'type': 'int', 'value': 16}]",1,1
487.073075,7555,7555,7548,1001,4026531840,tsm,ip-10-100-1-217,42,connect,[],3,-114,"[{'name': 'sockfd', 'type': 'int', 'value': 655}, {'name': 'addr', 'type': 'struct sockaddr*', 'value': ""{'sin_port': '22','sin_addr': '192.168.20.179','sa_family': 'AF_INET'}""}, {'name': 'addrlen', 'type': 'int', 'value': 16}]",1,1
487.073097,7555,7555,7548,1001,4026531840,tsm,ip-10-100-1-217,42,connect,[],3,-114,"[{'name': 'sockfd', 'type': 'int', 'value': 656}, {'name': 'addr', 'type': 'struct sockaddr*', 'value': ""{'sa_family': 'AF_INET','sin_port': '22','sin_addr': '192.168.20.180'}""}, {'name': 'addrlen', 'type': 'int', 'value': 16}]",1,1
487.073119,7555,7555,7548,1001,4026531840,tsm,ip-10-100-1-217,42,connect,[],3,-114,"[{'name': 'sockfd', 'type': 'int', 'value': 657}, {'name': 'addr', 'type': 'struct sockaddr*', 'value': ""{'sa_family': 'AF_INET','sin_port': '22','sin_addr': '192.168.20.181'}""}, {'name': 'addrlen', 'type': 'int', 'value': 16}]",1,1
487.073141,7555,7555,7548,1001,4026531840,tsm,ip-10-100-1-217,42,connect,[],3,-114,"[{'name': 'sockfd', 'type': 'int', 'value': 658}, {'name': 'addr', 'type': 'struct sockaddr*', 'value': ""{'sa_family': 'AF_INET','sin_port': '22','sin_addr': '192.168.20.182'}""}, {'name': 'addrlen', 'type': 'int', 'value': 16}]",1,1
487.073163,7555,7555,7548,1001,4026531840,tsm,ip-10-100-1-217,42,connect,[],3,-114,"[{'name': 'sockfd', 'type': 'int', 'value': 659}, {'name': 'addr', 'type': 'struct sockaddr*', 'value': ""{'sa_family': 'AF_INET','sin_port': '22','sin_addr': '192.168.20.183'}""}, {'name': 'addrlen', 'type': 'int', 'value': 16}]",1,1
487.073185,7555,7555,7548,1001,4026531840,tsm,ip-10-100-1-217,42,connect,[],3,-114,"[{'name': 'sockfd', 'type': 'int', 'value': 660}, {'name': 'addr', 'type': 'struct sockaddr*', 'value': ""{'sa_family': 'AF_INET','sin_port': '22','sin_addr': '192.168.20.184'}""}, {'name': 'addrlen', 'type': 'int', 'value': 16}]",1,1
487.073207,7555,7555,7548,1001,4026531840,tsm,ip-10-100-1-217,42,connect,[],3,-114,"[{'name': 'sockfd', 'type': 'int', 'value': 661}, {'name': 'addr', 'type': 'struct sockaddr*', 'value': ""{'sa_family': 'AF_INET','sin_port': '22','sin_addr': '192.168.20.185'}""}, {'name': 'addrlen', 'type': 'int', 'value': 16}]",1,1
487.073229,7555,7555,7548,1001,4026531840,tsm,ip-10-100-1-217,42,connect,[],3,-114,"[{'name': 'sockfd', 'type': 'int', 'value': 662}, {'name': 'addr', 'type': 'struct sockaddr*', 'value': ""{'sa_family': 'AF_INET','sin_port': '22','sin_addr': '192.168.20.186'}""}, {'name': 'addrlen', 'type': 'int', 'value': 16}]",1,1
487.073251,7555,7555,7548,1001,4026531840,tsm,ip-10-100-1-217,42,connect,[],3,-114,"[{'name': 'sockfd', 'type': 'int', 'value': 663}, {'name': 'addr', 'type': 'struct sockaddr*', 'value': ""{'sa_family': 'AF_INET','sin_port': '22','sin_addr': '192.168.20.187'}""}, {'name': 'addrlen', 'type': 'int', 'value': 16}]",1,1
487.073273,7555,7555,7548,1001,4026531840,tsm,ip-10-100-1-217,42,connect,[],3,-114,"[{'name': 'sockfd', 'type': 'int', 'value': 664}, {'name': 'addr', 'type': 'struct sockaddr*', 'value': ""{'sa_family': 'AF_INET','sin_port': '22','sin_addr': '192.168.20.188'}""}, {'name': 'addrlen', 'type': 'int', 'value': 16}]",1,1
487.073295,7555,7555,7548,1001,4026531840,tsm,ip-10-100-1-217,42,connect,[],3,-114,"[{'name': 'sockfd', 'type': 'int', 'value': 665}, {'name': 'addr', 'type': 'struct sockaddr*', 'value': ""{'sa_family': 'AF_INET','sin_port': '22','sin_addr': '192.168.20.189'}""}, {'name': 'addrlen', 'type': 'int', 'value': 16}]",1,1
487.073317,7555,7555,7548,1001,4026531840,tsm,ip-10-100-1-217,42,connect,[],3,-114,"[{'name': 'sockfd', 'type': 'int', 'value': 666}, {'name': 'addr', 'type': 'struct sockaddr*', 'value': ""{'sa_family': 'AF_INET','sin_port': '22','sin_addr': '192.168.20.190'}""}, {'name': 'addrlen', 'type': 'int', 'value': 16}]",1,1
487.073339,7555,7555,7548,1001,4026531840,tsm,ip-10-100-1-217,42,connect,[],3,-114,"[{'name': 'sockfd', 'type': 'int', 'value': 667}, {'name': 'addr', 'type': 'struct sockaddr*', 'value': ""{'sin_port': '22','sin_addr': '192.168.20.191','sa_family': 'AF_INET'}""}, {'name': 'addrlen', 'type': 'int', 'value': 16}]",1,1
487.073361,7555,7555,7548,1001,4026531840,tsm,ip-10-100-1-217,42,connect,[],3,-114,"[{'name': 'sockfd', 'type': 'int', 'value': 668}, {'name': 'addr', 'type': 'struct sockaddr*', 'value': ""{'sa_family': 'AF_INET','sin_port': '22','sin_addr': '192.168.20.192'}""}, {'name': 'addrlen', 'type': 'int', 'value': 16}]",1,1
487.073383,7555,7555,7548,1001,4026531840,tsm,ip-10-100-1-217,42,connect,[],3,-114,"[{'name': 'sockfd', 'type': 'int', 'value': 669}, {'name': 'addr', 'type': 'struct sockaddr*', 'value': ""{'sa_family': 'AF_INET','sin_port': '22','sin_addr': '192.168.20.193'}""}, {'name': 'addrlen', 'type': 'int', 'value': 16}]",1,1
487.073405,7555,7555,7548,1001,4026531840,tsm,ip-10-100-1-217,42,connect,[],3,-114,"[{'name': 'sockfd', 'type': 'int', 'value': 670}, {'name': 'addr', 'type': 'struct sockaddr*', 'value': ""{'sa_family': 'AF_INET','sin_port': '22','sin_addr': '192.168.20.194'}""}, {'name': 'addrlen', 'type': 'int', 'value': 16}]",1,1
487.073427,7555,7555,7548,1001,4026531840,tsm,ip-10-100-1-217,42,connect,[],3,-114,"[{'name': 'sockfd', 'type': 'int', 'value': 671}, {'name': 'addr', 'type': 'struct sockaddr*', 'value': ""{'sin_addr': '192.168.20.195','sa_family': 'AF_INET','sin_port': '22'}""}, {'name': 'addrlen', 'type': 'int', 'value': 16}]",1,1
487.07345,7555,7555,7548,1001,4026531840,tsm,ip-10-100-1-217,42,connect,[],3,-114,"[{'name': 'sockfd', 'type': 'int', 'value': 672}, {'name': 'addr', 'type': 'struct sockaddr*', 'value': ""{'sa_family': 'AF_INET','sin_port': '22','sin_addr': '192.168.20.196'}""}, {'name': 'addrlen', 'type': 'int', 'value': 16}]",1,1
487.073472,7555,7555,7548,1001,4026531840,tsm,ip-10-100-1-217,42,connect,[],3,-114,"[{'name': 'sockfd', 'type': 'int', 'value': 673}, {'name': 'addr', 'type': 'struct sockaddr*', 'value': ""{'sin_port': '22','sin_addr': '192.168.20.197','sa_family': 'AF_INET'}""}, {'name': 'addrlen', 'type': 'int', 'value': 16}]",1,1
487.073494,7555,7555,7548,1001,4026531840,tsm,ip-10-100-1-217,42,connect,[],3,-114,"[{'name': 'sockfd', 'type': 'int', 'value': 674}, {'name': 'addr', 'type': 'struct sockaddr*', 'value': ""{'sa_family': 'AF_INET','sin_port': '22','sin_addr': '192.168.20.198'}""}, {'name': 'addrlen', 'type': 'int', 'value': 16}]",1,1
487.073519,7555,7555,7548,1001,4026531840,tsm,ip-10-100-1-217,42,connect,[],3,-114,"[{'name': 'sockfd', 'type': 'int', 'value': 675}, {'name': 'addr', 'type': 'struct sockaddr*', 'value': ""{'sa_family': 'AF_INET','sin_port': '22','sin_addr': '192.168.20.199'}""}, {'name': 'addrlen', 'type': 'int', 'value': 16}]",1,1
487.073541,7555,7555,7548,1001,4026531840,tsm,ip-10-100-1-217,42,connect,[],3,-114,"[{'name': 'sockfd', 'type': 'int', 'value': 676}, {'name': 'addr', 'type': 'struct sockaddr*', 'value': ""{'sa_family': 'AF_INET','sin_port': '22','sin_addr': '192.168.20.200'}""}, {'name': 'addrlen', 'type': 'int', 'value': 16}]",1,1
487.073563,7555,7555,7548,1001,4026531840,tsm,ip-10-100-1-217,42,connect,[],3,-114,"[{'name': 'sockfd', 'type': 'int', 'value': 677}, {'name': 'addr', 'type': 'struct sockaddr*', 'value': ""{'sa_family': 'AF_INET','sin_port': '22','sin_addr': '192.168.20.201'}""}, {'name': 'addrlen', 'type': 'int', 'value': 16}]",1,1
487.073585,7555,7555,7548,1001,4026531840,tsm,ip-10-100-1-217,42,connect,[],3,-114,"[{'name': 'sockfd', 'type': 'int', 'value': 678}, {'name': 'addr', 'type': 'struct sockaddr*', 'value': ""{'sin_port': '22','sin_addr': '192.168.20.202','sa_family': 'AF_INET'}""}, {'name': 'addrlen', 'type': 'int', 'value': 16}]",1,1
487.073607,7555,7555,7548,1001,4026531840,tsm,ip-10-100-1-217,42,connect,[],3,-114,"[{'name': 'sockfd', 'type': 'int', 'value': 679}, {'name': 'addr', 'type': 'struct sockaddr*', 'value': ""{'sa_family': 'AF_INET','sin_port': '22','sin_addr': '192.168.20.203'}""}, {'name': 'addrlen', 'type': 'int', 'value': 16}]",1,1
487.073629,7555,7555,7548,1001,4026531840,tsm,ip-10-100-1-217,42,connect,[],3,-114,"[{'name': 'sockfd', 'type': 'int', 'value': 680}, {'name': 'addr', 'type': 'struct sockaddr*', 'value': ""{'sa_family': 'AF_INET','sin_port': '22','sin_addr': '192.168.20.204'}""}, {'name': 'addrlen', 'type': 'int', 'value': 16}]",1,1
487.073651,7555,7555,7548,1001,4026531840,tsm,ip-10-100-1-217,42,connect,[],3,-114,"[{'name': 'sockfd', 'type': 'int', 'value': 681}, {'name': 'addr', 'type': 'struct sockaddr*', 'value': ""{'sa_family': 'AF_INET','sin_port': '22','sin_addr': '192.168.20.205'}""}, {'name': 'addrlen', 'type': 'int', 'value': 16}]",1,1
487.073673,7555,7555,7548,1001,4026531840,tsm,ip-10-100-1-217,42,connect,[],3,-114,"[{'name': 'sockfd', 'type': 'int', 'value': 682}, {'name': 'addr', 'type': 'struct sockaddr*', 'value': ""{'sa_family': 'AF_INET','sin_port': '22','sin_addr': '192.168.20.206'}""}, {'name': 'addrlen', 'type': 'int', 'value': 16}]",1,1
487.073695,7555,7555,7548,1001,4026531840,tsm,ip-10-100-1-217,42,connect,[],3,-114,"[{'name': 'sockfd', 'type': 'int', 'value': 683}, {'name': 'addr', 'type': 'struct sockaddr*', 'value': ""{'sin_addr': '192.168.20.207','sa_family': 'AF_INET','sin_port': '22'}""}, {'name': 'addrlen', 'type': 'int', 'value': 16}]",1,1
487.073717,7555,7555,7548,1001,4026531840,tsm,ip-10-100-1-217,42,connect,[],3,-114,"[{'name': 'sockfd', 'type': 'int', 'value': 684}, {'name': 'addr', 'type': 'struct sockaddr*', 'value': ""{'sa_family': 'AF_INET','sin_port': '22','sin_addr': '192.168.20.208'}""}, {'name': 'addrlen', 'type': 'int', 'value': 16}]",1,1
487.073739,7555,7555,7548,1001,4026531840,tsm,ip-10-100-1-217,42,connect,[],3,-114,"[{'name': 'sockfd', 'type': 'int', 'value': 685}, {'name': 'addr', 'type': 'struct sockaddr*', 'value': ""{'sa_family': 'AF_INET','sin_port': '22','sin_addr': '192.168.20.209'}""}, {'name': 'addrlen', 'type': 'int', 'value': 16}]",1,1
487.073761,7555,7555,7548,1001,4026531840,tsm,ip-10-100-1-217,42,connect,[],3,-114,"[{'name': 'sockfd', 'type': 'int', 'value': 686}, {'name': 'addr', 'type': 'struct sockaddr*', 'value': ""{'sa_family': 'AF_INET','sin_port': '22','sin_addr': '192.168.20.210'}""}, {'name': 'addrlen', 'type': 'int', 'value': 16}]",1,1
487.073783,7555,7555,7548,1001,4026531840,tsm,ip-10-100-1-217,42,connect,[],3,-114,"[{'name': 'sockfd', 'type': 'int', 'value': 687}, {'name': 'addr', 'type': 'struct sockaddr*', 'value': ""{'sin_addr': '192.168.20.211','sa_family': 'AF_INET','sin_port': '22'}""}, {'name': 'addrlen', 'type': 'int', 'value': 16}]",1,1
487.073807,7555,7555,7548,1001,4026531840,tsm,ip-10-100-1-217,42,connect,[],3,-114,"[{'name': 'sockfd', 'type': 'int', 'value': 688}, {'name': 'addr', 'type': 'struct sockaddr*', 'value': ""{'sa_family': 'AF_INET','sin_port': '22','sin_addr': '192.168.20.212'}""}, {'name': 'addrlen', 'type': 'int', 'value': 16}]",1,1
487.073829,7555,7555,7548,1001,4026531840,tsm,ip-10-100-1-217,42,connect,[],3,-114,"[{'name': 'sockfd', 'type': 'int', 'value': 689}, {'name': 'addr', 'type': 'struct sockaddr*', 'value': ""{'sa_family': 'AF_INET','sin_port': '22','sin_addr': '192.168.20.213'}""}, {'name': 'addrlen', 'type': 'int', 'value': 16}]",1,1
487.073851,7555,7555,7548,1001,4026531840,tsm,ip-10-100-1-217,42,connect,[],3,-114,"[{'name': 'sockfd', 'type': 'int', 'value': 690}, {'name': 'addr', 'type': 'struct sockaddr*', 'value': ""{'sa_family': 'AF_INET','sin_port': '22','sin_addr': '192.168.20.214'}""}, {'name': 'addrlen', 'type': 'int', 'value': 16}]",1,1
487.073873,7555,7555,7548,1001,4026531840,tsm,ip-10-100-1-217,42,connect,[],3,-114,"[{'name': 'sockfd', 'type': 'int', 'value': 691}, {'name': 'addr', 'type': 'struct sockaddr*', 'value': ""{'sin_port': '22','sin_addr': '192.168.20.215','sa_family': 'AF_INET'}""}, {'name': 'addrlen', 'type': 'int', 'value': 16}]",1,1
487.073895,7555,7555,7548,1001,4026531840,tsm,ip-10-100-1-217,42,connect,[],3,-114,"[{'name': 'sockfd', 'type': 'int', 'value': 692}, {'name': 'addr', 'type': 'struct sockaddr*', 'value': ""{'sa_family': 'AF_INET','sin_port': '22','sin_addr': '192.168.20.216'}""}, {'name': 'addrlen', 'type': 'int', 'value': 16}]",1,1
487.073917,7555,7555,7548,1001,4026531840,tsm,ip-10-100-1-217,42,connect,[],3,-114,"[{'name': 'sockfd', 'type': 'int', 'value': 693}, {'name': 'addr', 'type': 'struct sockaddr*', 'value': ""{'sa_family': 'AF_INET','sin_port': '22','sin_addr': '192.168.20.217'}""}, {'name': 'addrlen', 'type': 'int', 'value': 16}]",1,1
487.07394,7555,7555,7548,1001,4026531840,tsm,ip-10-100-1-217,42,connect,[],3,-114,"[{'name': 'sockfd', 'type': 'int', 'value': 694}, {'name': 'addr', 'type': 'struct sockaddr*', 'value': ""{'sa_family': 'AF_INET','sin_port': '22','sin_addr': '192.168.20.218'}""}, {'name': 'addrlen', 'type': 'int', 'value': 16}]",1,1
487.073962,7555,7555,7548,1001,4026531840,tsm,ip-10-100-1-217,42,connect,[],3,-114,"[{'name': 'sockfd', 'type': 'int', 'value': 695}, {'name': 'addr', 'type': 'struct sockaddr*', 'value': ""{'sin_addr': '192.168.20.219','sa_family': 'AF_INET','sin_port': '22'}""}, {'name': 'addrlen', 'type': 'int', 'value': 16}]",1,1
487.073984,7555,7555,7548,1001,4026531840,tsm,ip-10-100-1-217,42,connect,[],3,-114,"[{'name': 'sockfd', 'type': 'int', 'value': 696}, {'name': 'addr', 'type': 'struct sockaddr*', 'value': ""{'sa_family': 'AF_INET','sin_port': '22','sin_addr': '192.168.20.220'}""}, {'name': 'addrlen', 'type': 'int', 'value': 16}]",1,1
487.074006,7555,7555,7548,1001,4026531840,tsm,ip-10-100-1-217,42,connect,[],3,-114,"[{'name': 'sockfd', 'type': 'int', 'value': 697}, {'name': 'addr', 'type': 'struct sockaddr*', 'value': ""{'sa_family': 'AF_INET','sin_port': '22','sin_addr': '192.168.20.221'}""}, {'name': 'addrlen', 'type': 'int', 'value': 16}]",1,1
487.074028,7555,7555,7548,1001,4026531840,tsm,ip-10-100-1-217,42,connect,[],3,-114,"[{'name': 'sockfd', 'type': 'int', 'value': 698}, {'name': 'addr', 'type': 'struct sockaddr*', 'value': ""{'sa_family': 'AF_INET','sin_port': '22','sin_addr': '192.168.20.222'}""}, {'name': 'addrlen', 'type': 'int', 'value': 16}]",1,1
487.07405,7555,7555,7548,1001,4026531840,tsm,ip-10-100-1-217,42,connect,[],3,-114,"[{'name': 'sockfd', 'type': 'int', 'value': 699}, {'name': 'addr', 'type': 'struct sockaddr*', 'value': ""{'sa_family': 'AF_INET','sin_port': '22','sin_addr': '192.168.20.223'}""}, {'name': 'addrlen', 'type': 'int', 'value': 16}]",1,1
487.074072,7555,7555,7548,1001,4026531840,tsm,ip-10-100-1-217,42,connect,[],3,-114,"[{'name': 'sockfd', 'type': 'int', 'value': 700}, {'name': 'addr', 'type': 'struct sockaddr*', 'value': ""{'sa_family': 'AF_INET','sin_port': '22','sin_addr': '192.168.20.224'}""}, {'name': 'addrlen', 'type': 'int', 'value': 16}]",1,1
487.074094,7555,7555,7548,1001,4026531840,tsm,ip-10-100-1-217,42,connect,[],3,-114,"[{'name': 'sockfd', 'type': 'int', 'value': 701}, {'name': 'addr', 'type': 'struct sockaddr*', 'value': ""{'sa_family': 'AF_INET','sin_port': '22','sin_addr': '192.168.20.225'}""}, {'name': 'addrlen', 'type': 'int', 'value': 16}]",1,1
487.074116,7555,7555,7548,1001,4026531840,tsm,ip-10-100-1-217,42,connect,[],3,-114,"[{'name': 'sockfd', 'type': 'int', 'value': 702}, {'name': 'addr', 'type': 'struct sockaddr*', 'value': ""{'sa_family': 'AF_INET','sin_port': '22','sin_addr': '192.168.20.226'}""}, {'name': 'addrlen', 'type': 'int', 'value': 16}]",1,1
487.074138,7555,7555,7548,1001,4026531840,tsm,ip-10-100-1-217,42,connect,[],3,-114,"[{'name': 'sockfd', 'type': 'int', 'value': 703}, {'name': 'addr', 'type': 'struct sockaddr*', 'value': ""{'sa_family': 'AF_INET','sin_port': '22','sin_addr': '192.168.20.227'}""}, {'name': 'addrlen', 'type': 'int', 'value': 16}]",1,1
487.07416,7555,7555,7548,1001,4026531840,tsm,ip-10-100-1-217,42,connect,[],3,-114,"[{'name': 'sockfd', 'type': 'int', 'value': 704}, {'name': 'addr', 'type': 'struct sockaddr*', 'value': ""{'sin_port': '22','sin_addr': '192.168.20.228','sa_family': 'AF_INET'}""}, {'name': 'addrlen', 'type': 'int', 'value': 16}]",1,1
487.074183,7555,7555,7548,1001,4026531840,tsm,ip-10-100-1-217,42,connect,[],3,-114,"[{'name': 'sockfd', 'type': 'int', 'value': 705}, {'name': 'addr', 'type': 'struct sockaddr*', 'value': ""{'sa_family': 'AF_INET','sin_port': '22','sin_addr': '192.168.20.229'}""}, {'name': 'addrlen', 'type': 'int', 'value': 16}]",1,1
487.074205,7555,7555,7548,1001,4026531840,tsm,ip-10-100-1-217,42,connect,[],3,-114,"[{'name': 'sockfd', 'type': 'int', 'value': 706}, {'name': 'addr', 'type': 'struct sockaddr*', 'value': ""{'sa_family': 'AF_INET','sin_port': '22','sin_addr': '192.168.20.230'}""}, {'name': 'addrlen', 'type': 'int', 'value': 16}]",1,1
487.074227,7555,7555,7548,1001,4026531840,tsm,ip-10-100-1-217,42,connect,[],3,-114,"[{'name': 'sockfd', 'type': 'int', 'value': 707}, {'name': 'addr', 'type': 'struct sockaddr*', 'value': ""{'sa_family': 'AF_INET','sin_port': '22','sin_addr': '192.168.20.231'}""}, {'name': 'addrlen', 'type': 'int', 'value': 16}]",1,1
487.074249,7555,7555,7548,1001,4026531840,tsm,ip-10-100-1-217,42,connect,[],3,-114,"[{'name': 'sockfd', 'type': 'int', 'value': 708}, {'name': 'addr', 'type': 'struct sockaddr*', 'value': ""{'sa_family': 'AF_INET','sin_port': '22','sin_addr': '192.168.20.232'}""}, {'name': 'addrlen', 'type': 'int', 'value': 16}]",1,1
487.074271,7555,7555,7548,1001,4026531840,tsm,ip-10-100-1-217,42,connect,[],3,-114,"[{'name': 'sockfd', 'type': 'int', 'value': 709}, {'name': 'addr', 'type': 'struct sockaddr*', 'value': ""{'sin_port': '22','sin_addr': '192.168.20.233','sa_family': 'AF_INET'}""}, {'name': 'addrlen', 'type': 'int', 'value': 16}]",1,1
487.074293,7555,7555,7548,1001,4026531840,tsm,ip-10-100-1-217,42,connect,[],3,-114,"[{'name': 'sockfd', 'type': 'int', 'value': 710}, {'name': 'addr', 'type': 'struct sockaddr*', 'value': ""{'sa_family': 'AF_INET','sin_port': '22','sin_addr': '192.168.20.234'}""}, {'name': 'addrlen', 'type': 'int', 'value': 16}]",1,1
487.074315,7555,7555,7548,1001,4026531840,tsm,ip-10-100-1-217,42,connect,[],3,-114,"[{'name': 'sockfd', 'type': 'int', 'value': 711}, {'name': 'addr', 'type': 'struct sockaddr*', 'value': ""{'sin_addr': '192.168.20.235','sa_family': 'AF_INET','sin_port': '22'}""}, {'name': 'addrlen', 'type': 'int', 'value': 16}]",1,1
487.074337,7555,7555,7548,1001,4026531840,tsm,ip-10-100-1-217,42,connect,[],3,-114,"[{'name': 'sockfd', 'type': 'int', 'value': 712}, {'name': 'addr', 'type': 'struct sockaddr*', 'value': ""{'sa_family': 'AF_INET','sin_port': '22','sin_addr': '192.168.20.236'}""}, {'name': 'addrlen', 'type': 'int', 'value': 16}]",1,1
487.074359,7555,7555,7548,1001,4026531840,tsm,ip-10-100-1-217,42,connect,[],3,-114,"[{'name': 'sockfd', 'type': 'int', 'value': 713}, {'name': 'addr', 'type': 'struct sockaddr*', 'value': ""{'sa_family': 'AF_INET','sin_port': '22','sin_addr': '192.168.20.237'}""}, {'name': 'addrlen', 'type': 'int', 'value': 16}]",1,1
487.074381,7555,7555,7548,1001,4026531840,tsm,ip-10-100-1-217,42,connect,[],3,-114,"[{'name': 'sockfd', 'type': 'int', 'value': 714}, {'name': 'addr', 'type': 'struct sockaddr*', 'value': ""{'sa_family': 'AF_INET','sin_port': '22','sin_addr': '192.168.20.238'}""}, {'name': 'addrlen', 'type': 'int', 'value': 16}]",1,1
487.074403,7555,7555,7548,1001,4026531840,tsm,ip-10-100-1-217,42,connect,[],3,-114,"[{'name': 'sockfd', 'type': 'int', 'value': 715}, {'name': 'addr', 'type': 'struct sockaddr*', 'value': ""{'sa_family': 'AF_INET','sin_port': '22','sin_addr': '192.168.20.239'}""}, {'name': 'addrlen', 'type': 'int', 'value': 16}]",1,1
487.074425,7555,7555,7548,1001,4026531840,tsm,ip-10-100-1-217,42,connect,[],3,-114,"[{'name': 'sockfd', 'type': 'int', 'value': 716}, {'name': 'addr', 'type': 'struct sockaddr*', 'value': ""{'sa_family': 'AF_INET','sin_port': '22','sin_addr': '192.168.20.240'}""}, {'name': 'addrlen', 'type': 'int', 'value': 16}]",1,1
487.074447,7555,7555,7548,1001,4026531840,tsm,ip-10-100-1-217,42,connect,[],3,-114,"[{'name': 'sockfd', 'type': 'int', 'value': 717}, {'name': 'addr', 'type': 'struct sockaddr*', 'value': ""{'sa_family': 'AF_INET','sin_port': '22','sin_addr': '192.168.20.241'}""}, {'name': 'addrlen', 'type': 'int', 'value': 16}]",1,1
487.076618,7555,7555,7548,1001,4026531840,tsm,ip-10-100-1-217,42,connect,[],3,-114,"[{'name': 'sockfd', 'type': 'int', 'value': 718}, {'name': 'addr', 'type': 'struct sockaddr*', 'value': ""{'sa_family': 'AF_INET','sin_port': '22','sin_addr': '192.168.20.242'}""}, {'name': 'addrlen', 'type': 'int', 'value': 16}]",1,1
487.076647,7555,7555,7548,1001,4026531840,tsm,ip-10-100-1-217,42,connect,[],3,-114,"[{'name': 'sockfd', 'type': 'int', 'value': 719}, {'name': 'addr', 'type': 'struct sockaddr*', 'value': ""{'sa_family': 'AF_INET','sin_port': '22','sin_addr': '192.168.20.243'}""}, {'name': 'addrlen', 'type': 'int', 'value': 16}]",1,1
487.076682,7555,7555,7548,1001,4026531840,tsm,ip-10-100-1-217,42,connect,[],3,-114,"[{'name': 'sockfd', 'type': 'int', 'value': 720}, {'name': 'addr', 'type': 'struct sockaddr*', 'value': ""{'sin_port': '22','sin_addr': '192.168.20.244','sa_family': 'AF_INET'}""}, {'name': 'addrlen', 'type': 'int', 'value': 16}]",1,1
487.076703,7555,7555,7548,1001,4026531840,tsm,ip-10-100-1-217,42,connect,[],3,-114,"[{'name': 'sockfd', 'type': 'int', 'value': 721}, {'name': 'addr', 'type': 'struct sockaddr*', 'value': ""{'sa_family': 'AF_INET','sin_port': '22','sin_addr': '192.168.20.245'}""}, {'name': 'addrlen', 'type': 'int', 'value': 16}]",1,1
487.076762,7555,7555,7548,1001,4026531840,tsm,ip-10-100-1-217,42,connect,[],3,-114,"[{'name': 'sockfd', 'type': 'int', 'value': 722}, {'name': 'addr', 'type': 'struct sockaddr*', 'value': ""{'sin_port': '22','sin_addr': '192.168.20.246','sa_family': 'AF_INET'}""}, {'name': 'addrlen', 'type': 'int', 'value': 16}]",1,1
487.076789,7555,7555,7548,1001,4026531840,tsm,ip-10-100-1-217,42,connect,[],3,-114,"[{'name': 'sockfd', 'type': 'int', 'value': 723}, {'name': 'addr', 'type': 'struct sockaddr*', 'value': ""{'sa_family': 'AF_INET','sin_port': '22','sin_addr': '192.168.20.247'}""}, {'name': 'addrlen', 'type': 'int', 'value': 16}]",1,1
487.076816,7555,7555,7548,1001,4026531840,tsm,ip-10-100-1-217,42,connect,[],3,-114,"[{'name': 'sockfd', 'type': 'int', 'value': 724}, {'name': 'addr', 'type': 'struct sockaddr*', 'value': ""{'sa_family': 'AF_INET','sin_port': '22','sin_addr': '192.168.20.248'}""}, {'name': 'addrlen', 'type': 'int', 'value': 16}]",1,1
487.076838,7555,7555,7548,1001,4026531840,tsm,ip-10-100-1-217,42,connect,[],3,-114,"[{'name': 'sockfd', 'type': 'int', 'value': 725}, {'name': 'addr', 'type': 'struct sockaddr*', 'value': ""{'sa_family': 'AF_INET','sin_port': '22','sin_addr': '192.168.20.249'}""}, {'name': 'addrlen', 'type': 'int', 'value': 16}]",1,1
487.07686,7555,7555,7548,1001,4026531840,tsm,ip-10-100-1-217,42,connect,[],3,-114,"[{'name': 'sockfd', 'type': 'int', 'value': 726}, {'name': 'addr', 'type': 'struct sockaddr*', 'value': ""{'sa_family': 'AF_INET','sin_port': '22','sin_addr': '192.168.20.250'}""}, {'name': 'addrlen', 'type': 'int', 'value': 16}]",1,1
487.076882,7555,7555,7548,1001,4026531840,tsm,ip-10-100-1-217,42,connect,[],3,-114,"[{'name': 'sockfd', 'type': 'int', 'value': 727}, {'name': 'addr', 'type': 'struct sockaddr*', 'value': ""{'sin_addr': '192.168.20.251','sa_family': 'AF_INET','sin_port': '22'}""}, {'name': 'addrlen', 'type': 'int', 'value': 16}]",1,1
487.076905,7555,7555,7548,1001,4026531840,tsm,ip-10-100-1-217,42,connect,[],3,-114,"[{'name': 'sockfd', 'type': 'int', 'value': 728}, {'name': 'addr', 'type': 'struct sockaddr*', 'value': ""{'sin_port': '22','sin_addr': '192.168.20.252','sa_family': 'AF_INET'}""}, {'name': 'addrlen', 'type': 'int', 'value': 16}]",1,1
487.076927,7555,7555,7548,1001,4026531840,tsm,ip-10-100-1-217,42,connect,[],3,-114,"[{'name': 'sockfd', 'type': 'int', 'value': 729}, {'name': 'addr', 'type': 'struct sockaddr*', 'value': ""{'sin_port': '22','sin_addr': '192.168.20.253','sa_family': 'AF_INET'}""}, {'name': 'addrlen', 'type': 'int', 'value': 16}]",1,1
487.076949,7555,7555,7548,1001,4026531840,tsm,ip-10-100-1-217,42,connect,[],3,-114,"[{'name': 'sockfd', 'type': 'int', 'value': 730}, {'name': 'addr', 'type': 'struct sockaddr*', 'value': ""{'sin_port': '22','sin_addr': '192.168.20.254','sa_family': 'AF_INET'}""}, {'name': 'addrlen', 'type': 'int', 'value': 16}]",1,1
487.076971,7555,7555,7548,1001,4026531840,tsm,ip-10-100-1-217,42,connect,[],3,-114,"[{'name': 'sockfd', 'type': 'int', 'value': 731}, {'name': 'addr', 'type': 'struct sockaddr*', 'value': ""{'sa_family': 'AF_INET','sin_port': '22','sin_addr': '192.168.21.0'}""}, {'name': 'addrlen', 'type': 'int', 'value': 16}]",1,1
487.077006,7555,7555,7548,1001,4026531840,tsm,ip-10-100-1-217,42,connect,[],3,-114,"[{'name': 'sockfd', 'type': 'int', 'value': 732}, {'name': 'addr', 'type': 'struct sockaddr*', 'value': ""{'sa_family': 'AF_INET','sin_port': '22','sin_addr': '192.168.21.1'}""}, {'name': 'addrlen', 'type': 'int', 'value': 16}]",1,1
487.077027,7555,7555,7548,1001,4026531840,tsm,ip-10-100-1-217,42,connect,[],3,-114,"[{'name': 'sockfd', 'type': 'int', 'value': 733}, {'name': 'addr', 'type': 'struct sockaddr*', 'value': ""{'sa_family': 'AF_INET','sin_port': '22','sin_addr': '192.168.21.2'}""}, {'name': 'addrlen', 'type': 'int', 'value': 16}]",1,1
487.077049,7555,7555,7548,1001,4026531840,tsm,ip-10-100-1-217,42,connect,[],3,-114,"[{'name': 'sockfd', 'type': 'int', 'value': 734}, {'name': 'addr', 'type': 'struct sockaddr*', 'value': ""{'sa_family': 'AF_INET','sin_port': '22','sin_addr': '192.168.21.3'}""}, {'name': 'addrlen', 'type': 'int', 'value': 16}]",1,1
487.07707,7555,7555,7548,1001,4026531840,tsm,ip-10-100-1-217,42,connect,[],3,-114,"[{'name': 'sockfd', 'type': 'int', 'value': 735}, {'name': 'addr', 'type': 'struct sockaddr*', 'value': ""{'sin_addr': '192.168.21.4','sa_family': 'AF_INET','sin_port': '22'}""}, {'name': 'addrlen', 'type': 'int', 'value': 16}]",1,1
487.077091,7555,7555,7548,1001,4026531840,tsm,ip-10-100-1-217,42,connect,[],3,-114,"[{'name': 'sockfd', 'type': 'int', 'value': 736}, {'name': 'addr', 'type': 'struct sockaddr*', 'value': ""{'sin_port': '22','sin_addr': '192.168.21.5','sa_family': 'AF_INET'}""}, {'name': 'addrlen', 'type': 'int', 'value': 16}]",1,1
487.077125,7555,7555,7548,1001,4026531840,tsm,ip-10-100-1-217,42,connect,[],3,-114,"[{'name': 'sockfd', 'type': 'int', 'value': 737}, {'name': 'addr', 'type': 'struct sockaddr*', 'value': ""{'sa_family': 'AF_INET','sin_port': '22','sin_addr': '192.168.21.6'}""}, {'name': 'addrlen', 'type': 'int', 'value': 16}]",1,1
487.077147,7555,7555,7548,1001,4026531840,tsm,ip-10-100-1-217,42,connect,[],3,-114,"[{'name': 'sockfd', 'type': 'int', 'value': 738}, {'name': 'addr', 'type': 'struct sockaddr*', 'value': ""{'sa_family': 'AF_INET','sin_port': '22','sin_addr': '192.168.21.7'}""}, {'name': 'addrlen', 'type': 'int', 'value': 16}]",1,1
487.077169,7555,7555,7548,1001,4026531840,tsm,ip-10-100-1-217,42,connect,[],3,-114,"[{'name': 'sockfd', 'type': 'int', 'value': 739}, {'name': 'addr', 'type': 'struct sockaddr*', 'value': ""{'sin_port': '22','sin_addr': '192.168.21.8','sa_family': 'AF_INET'}""}, {'name': 'addrlen', 'type': 'int', 'value': 16}]",1,1
487.077191,7555,7555,7548,1001,4026531840,tsm,ip-10-100-1-217,42,connect,[],3,-114,"[{'name': 'sockfd', 'type': 'int', 'value': 740}, {'name': 'addr', 'type': 'struct sockaddr*', 'value': ""{'sin_port': '22','sin_addr': '192.168.21.9','sa_family': 'AF_INET'}""}, {'name': 'addrlen', 'type': 'int', 'value': 16}]",1,1
487.077213,7555,7555,7548,1001,4026531840,tsm,ip-10-100-1-217,42,connect,[],3,-114,"[{'name': 'sockfd', 'type': 'int', 'value': 741}, {'name': 'addr', 'type': 'struct sockaddr*', 'value': ""{'sa_family': 'AF_INET','sin_port': '22','sin_addr': '192.168.21.10'}""}, {'name': 'addrlen', 'type': 'int', 'value': 16}]",1,1
487.077235,7555,7555,7548,1001,4026531840,tsm,ip-10-100-1-217,42,connect,[],3,-114,"[{'name': 'sockfd', 'type': 'int', 'value': 742}, {'name': 'addr', 'type': 'struct sockaddr*', 'value': ""{'sin_addr': '192.168.21.11','sa_family': 'AF_INET','sin_port': '22'}""}, {'name': 'addrlen', 'type': 'int', 'value': 16}]",1,1
487.077257,7555,7555,7548,1001,4026531840,tsm,ip-10-100-1-217,42,connect,[],3,-114,"[{'name': 'sockfd', 'type': 'int', 'value': 743}, {'name': 'addr', 'type': 'struct sockaddr*', 'value': ""{'sin_addr': '192.168.21.12','sa_family': 'AF_INET','sin_port': '22'}""}, {'name': 'addrlen', 'type': 'int', 'value': 16}]",1,1
487.077279,7555,7555,7548,1001,4026531840,tsm,ip-10-100-1-217,42,connect,[],3,-114,"[{'name': 'sockfd', 'type': 'int', 'value': 744}, {'name': 'addr', 'type': 'struct sockaddr*', 'value': ""{'sa_family': 'AF_INET','sin_port': '22','sin_addr': '192.168.21.13'}""}, {'name': 'addrlen', 'type': 'int', 'value': 16}]",1,1
487.077301,7555,7555,7548,1001,4026531840,tsm,ip-10-100-1-217,42,connect,[],3,-114,"[{'name': 'sockfd', 'type': 'int', 'value': 745}, {'name': 'addr', 'type': 'struct sockaddr*', 'value': ""{'sa_family': 'AF_INET','sin_port': '22','sin_addr': '192.168.21.14'}""}, {'name': 'addrlen', 'type': 'int', 'value': 16}]",1,1
487.077323,7555,7555,7548,1001,4026531840,tsm,ip-10-100-1-217,42,connect,[],3,-114,"[{'name': 'sockfd', 'type': 'int', 'value': 746}, {'name': 'addr', 'type': 'struct sockaddr*', 'value': ""{'sa_family': 'AF_INET','sin_port': '22','sin_addr': '192.168.21.15'}""}, {'name': 'addrlen', 'type': 'int', 'value': 16}]",1,1
487.077345,7555,7555,7548,1001,4026531840,tsm,ip-10-100-1-217,42,connect,[],3,-114,"[{'name': 'sockfd', 'type': 'int', 'value': 747}, {'name': 'addr', 'type': 'struct sockaddr*', 'value': ""{'sa_family': 'AF_INET','sin_port': '22','sin_addr': '192.168.21.16'}""}, {'name': 'addrlen', 'type': 'int', 'value': 16}]",1,1
487.077367,7555,7555,7548,1001,4026531840,tsm,ip-10-100-1-217,42,connect,[],3,-114,"[{'name': 'sockfd', 'type': 'int', 'value': 748}, {'name': 'addr', 'type': 'struct sockaddr*', 'value': ""{'sa_family': 'AF_INET','sin_port': '22','sin_addr': '192.168.21.17'}""}, {'name': 'addrlen', 'type': 'int', 'value': 16}]",1,1
487.077389,7555,7555,7548,1001,4026531840,tsm,ip-10-100-1-217,42,connect,[],3,-114,"[{'name': 'sockfd', 'type': 'int', 'value': 749}, {'name': 'addr', 'type': 'struct sockaddr*', 'value': ""{'sa_family': 'AF_INET','sin_port': '22','sin_addr': '192.168.21.18'}""}, {'name': 'addrlen', 'type': 'int', 'value': 16}]",1,1
487.077411,7555,7555,7548,1001,4026531840,tsm,ip-10-100-1-217,42,connect,[],3,-114,"[{'name': 'sockfd', 'type': 'int', 'value': 750}, {'name': 'addr', 'type': 'struct sockaddr*', 'value': ""{'sin_port': '22','sin_addr': '192.168.21.19','sa_family': 'AF_INET'}""}, {'name': 'addrlen', 'type': 'int', 'value': 16}]",1,1
487.077433,7555,7555,7548,1001,4026531840,tsm,ip-10-100-1-217,42,connect,[],3,-114,"[{'name': 'sockfd', 'type': 'int', 'value': 751}, {'name': 'addr', 'type': 'struct sockaddr*', 'value': ""{'sa_family': 'AF_INET','sin_port': '22','sin_addr': '192.168.21.20'}""}, {'name': 'addrlen', 'type': 'int', 'value': 16}]",1,1
487.077455,7555,7555,7548,1001,4026531840,tsm,ip-10-100-1-217,42,connect,[],3,-114,"[{'name': 'sockfd', 'type': 'int', 'value': 752}, {'name': 'addr', 'type': 'struct sockaddr*', 'value': ""{'sa_family': 'AF_INET','sin_port': '22','sin_addr': '192.168.21.21'}""}, {'name': 'addrlen', 'type': 'int', 'value': 16}]",1,1
487.077477,7555,7555,7548,1001,4026531840,tsm,ip-10-100-1-217,42,connect,[],3,-114,"[{'name': 'sockfd', 'type': 'int', 'value': 753}, {'name': 'addr', 'type': 'struct sockaddr*', 'value': ""{'sa_family': 'AF_INET','sin_port': '22','sin_addr': '192.168.21.22'}""}, {'name': 'addrlen', 'type': 'int', 'value': 16}]",1,1
487.077499,7555,7555,7548,1001,4026531840,tsm,ip-10-100-1-217,42,connect,[],3,-114,"[{'name': 'sockfd', 'type': 'int', 'value': 754}, {'name': 'addr', 'type': 'struct sockaddr*', 'value': ""{'sa_family': 'AF_INET','sin_port': '22','sin_addr': '192.168.21.23'}""}, {'name': 'addrlen', 'type': 'int', 'value': 16}]",1,1
487.077522,7555,7555,7548,1001,4026531840,tsm,ip-10-100-1-217,42,connect,[],3,-114,"[{'name': 'sockfd', 'type': 'int', 'value': 755}, {'name': 'addr', 'type': 'struct sockaddr*', 'value': ""{'sa_family': 'AF_INET','sin_port': '22','sin_addr': '192.168.21.24'}""}, {'name': 'addrlen', 'type': 'int', 'value': 16}]",1,1
487.077543,7555,7555,7548,1001,4026531840,tsm,ip-10-100-1-217,42,connect,[],3,-114,"[{'name': 'sockfd', 'type': 'int', 'value': 756}, {'name': 'addr', 'type': 'struct sockaddr*', 'value': ""{'sa_family': 'AF_INET','sin_port': '22','sin_addr': '192.168.21.25'}""}, {'name': 'addrlen', 'type': 'int', 'value': 16}]",1,1
487.077569,7555,7555,7548,1001,4026531840,tsm,ip-10-100-1-217,42,connect,[],3,-114,"[{'name': 'sockfd', 'type': 'int', 'value': 757}, {'name': 'addr', 'type': 'struct sockaddr*', 'value': ""{'sa_family': 'AF_INET','sin_port': '22','sin_addr': '192.168.21.26'}""}, {'name': 'addrlen', 'type': 'int', 'value': 16}]",1,1
487.077591,7555,7555,7548,1001,4026531840,tsm,ip-10-100-1-217,42,connect,[],3,-114,"[{'name': 'sockfd', 'type': 'int', 'value': 758}, {'name': 'addr', 'type': 'struct sockaddr*', 'value': ""{'sin_addr': '192.168.21.27','sa_family': 'AF_INET','sin_port': '22'}""}, {'name': 'addrlen', 'type': 'int', 'value': 16}]",1,1
487.077613,7555,7555,7548,1001,4026531840,tsm,ip-10-100-1-217,42,connect,[],3,-114,"[{'name': 'sockfd', 'type': 'int', 'value': 759}, {'name': 'addr', 'type': 'struct sockaddr*', 'value': ""{'sin_port': '22','sin_addr': '192.168.21.28','sa_family': 'AF_INET'}""}, {'name': 'addrlen', 'type': 'int', 'value': 16}]",1,1
487.077635,7555,7555,7548,1001,4026531840,tsm,ip-10-100-1-217,42,connect,[],3,-114,"[{'name': 'sockfd', 'type': 'int', 'value': 760}, {'name': 'addr', 'type': 'struct sockaddr*', 'value': ""{'sa_family': 'AF_INET','sin_port': '22','sin_addr': '192.168.21.29'}""}, {'name': 'addrlen', 'type': 'int', 'value': 16}]",1,1
487.077657,7555,7555,7548,1001,4026531840,tsm,ip-10-100-1-217,42,connect,[],3,-114,"[{'name': 'sockfd', 'type': 'int', 'value': 761}, {'name': 'addr', 'type': 'struct sockaddr*', 'value': ""{'sa_family': 'AF_INET','sin_port': '22','sin_addr': '192.168.21.30'}""}, {'name': 'addrlen', 'type': 'int', 'value': 16}]",1,1
487.077679,7555,7555,7548,1001,4026531840,tsm,ip-10-100-1-217,42,connect,[],3,-114,"[{'name': 'sockfd', 'type': 'int', 'value': 762}, {'name': 'addr', 'type': 'struct sockaddr*', 'value': ""{'sin_port': '22','sin_addr': '192.168.21.31','sa_family': 'AF_INET'}""}, {'name': 'addrlen', 'type': 'int', 'value': 16}]",1,1
487.077701,7555,7555,7548,1001,4026531840,tsm,ip-10-100-1-217,42,connect,[],3,-114,"[{'name': 'sockfd', 'type': 'int', 'value': 763}, {'name': 'addr', 'type': 'struct sockaddr*', 'value': ""{'sa_family': 'AF_INET','sin_port': '22','sin_addr': '192.168.21.32'}""}, {'name': 'addrlen', 'type': 'int', 'value': 16}]",1,1
487.077723,7555,7555,7548,1001,4026531840,tsm,ip-10-100-1-217,42,connect,[],3,-114,"[{'name': 'sockfd', 'type': 'int', 'value': 764}, {'name': 'addr', 'type': 'struct sockaddr*', 'value': ""{'sin_port': '22','sin_addr': '192.168.21.33','sa_family': 'AF_INET'}""}, {'name': 'addrlen', 'type': 'int', 'value': 16}]",1,1
487.077745,7555,7555,7548,1001,4026531840,tsm,ip-10-100-1-217,42,connect,[],3,-114,"[{'name': 'sockfd', 'type': 'int', 'value': 765}, {'name': 'addr', 'type': 'struct sockaddr*', 'value': ""{'sa_family': 'AF_INET','sin_port': '22','sin_addr': '192.168.21.34'}""}, {'name': 'addrlen', 'type': 'int', 'value': 16}]",1,1
487.077767,7555,7555,7548,1001,4026531840,tsm,ip-10-100-1-217,42,connect,[],3,-114,"[{'name': 'sockfd', 'type': 'int', 'value': 766}, {'name': 'addr', 'type': 'struct sockaddr*', 'value': ""{'sa_family': 'AF_INET','sin_port': '22','sin_addr': '192.168.21.35'}""}, {'name': 'addrlen', 'type': 'int', 'value': 16}]",1,1
487.077789,7555,7555,7548,1001,4026531840,tsm,ip-10-100-1-217,42,connect,[],3,-114,"[{'name': 'sockfd', 'type': 'int', 'value': 767}, {'name': 'addr', 'type': 'struct sockaddr*', 'value': ""{'sa_family': 'AF_INET','sin_port': '22','sin_addr': '192.168.21.36'}""}, {'name': 'addrlen', 'type': 'int', 'value': 16}]",1,1
487.077811,7555,7555,7548,1001,4026531840,tsm,ip-10-100-1-217,42,connect,[],3,-114,"[{'name': 'sockfd', 'type': 'int', 'value': 768}, {'name': 'addr', 'type': 'struct sockaddr*', 'value': ""{'sa_family': 'AF_INET','sin_port': '22','sin_addr': '192.168.21.37'}""}, {'name': 'addrlen', 'type': 'int', 'value': 16}]",1,1
487.077834,7555,7555,7548,1001,4026531840,tsm,ip-10-100-1-217,42,connect,[],3,-114,"[{'name': 'sockfd', 'type': 'int', 'value': 769}, {'name': 'addr', 'type': 'struct sockaddr*', 'value': ""{'sa_family': 'AF_INET','sin_port': '22','sin_addr': '192.168.21.38'}""}, {'name': 'addrlen', 'type': 'int', 'value': 16}]",1,1
487.077856,7555,7555,7548,1001,4026531840,tsm,ip-10-100-1-217,42,connect,[],3,-114,"[{'name': 'sockfd', 'type': 'int', 'value': 770}, {'name': 'addr', 'type': 'struct sockaddr*', 'value': ""{'sin_addr': '192.168.21.39','sa_family': 'AF_INET','sin_port': '22'}""}, {'name': 'addrlen', 'type': 'int', 'value': 16}]",1,1
487.077878,7555,7555,7548,1001,4026531840,tsm,ip-10-100-1-217,42,connect,[],3,-114,"[{'name': 'sockfd', 'type': 'int', 'value': 771}, {'name': 'addr', 'type': 'struct sockaddr*', 'value': ""{'sin_port': '22','sin_addr': '192.168.21.40','sa_family': 'AF_INET'}""}, {'name': 'addrlen', 'type': 'int', 'value': 16}]",1,1
487.0779,7555,7555,7548,1001,4026531840,tsm,ip-10-100-1-217,42,connect,[],3,-114,"[{'name': 'sockfd', 'type': 'int', 'value': 772}, {'name': 'addr', 'type': 'struct sockaddr*', 'value': ""{'sin_addr': '192.168.21.41','sa_family': 'AF_INET','sin_port': '22'}""}, {'name': 'addrlen', 'type': 'int', 'value': 16}]",1,1
487.077921,7555,7555,7548,1001,4026531840,tsm,ip-10-100-1-217,42,connect,[],3,-114,"[{'name': 'sockfd', 'type': 'int', 'value': 773}, {'name': 'addr', 'type': 'struct sockaddr*', 'value': ""{'sa_family': 'AF_INET','sin_port': '22','sin_addr': '192.168.21.42'}""}, {'name': 'addrlen', 'type': 'int', 'value': 16}]",1,1
487.077943,7555,7555,7548,1001,4026531840,tsm,ip-10-100-1-217,42,connect,[],3,-114,"[{'name': 'sockfd', 'type': 'int', 'value': 774}, {'name': 'addr', 'type': 'struct sockaddr*', 'value': ""{'sa_family': 'AF_INET','sin_port': '22','sin_addr': '192.168.21.43'}""}, {'name': 'addrlen', 'type': 'int', 'value': 16}]",1,1
487.077968,7555,7555,7548,1001,4026531840,tsm,ip-10-100-1-217,42,connect,[],3,-114,"[{'name': 'sockfd', 'type': 'int', 'value': 775}, {'name': 'addr', 'type': 'struct sockaddr*', 'value': ""{'sa_family': 'AF_INET','sin_port': '22','sin_addr': '192.168.21.44'}""}, {'name': 'addrlen', 'type': 'int', 'value': 16}]",1,1
487.07799,7555,7555,7548,1001,4026531840,tsm,ip-10-100-1-217,42,connect,[],3,-114,"[{'name': 'sockfd', 'type': 'int', 'value': 776}, {'name': 'addr', 'type': 'struct sockaddr*', 'value': ""{'sa_family': 'AF_INET','sin_port': '22','sin_addr': '192.168.21.45'}""}, {'name': 'addrlen', 'type': 'int', 'value': 16}]",1,1
487.078012,7555,7555,7548,1001,4026531840,tsm,ip-10-100-1-217,42,connect,[],3,-114,"[{'name': 'sockfd', 'type': 'int', 'value': 777}, {'name': 'addr', 'type': 'struct sockaddr*', 'value': ""{'sa_family': 'AF_INET','sin_port': '22','sin_addr': '192.168.21.46'}""}, {'name': 'addrlen', 'type': 'int', 'value': 16}]",1,1
487.078047,7555,7555,7548,1001,4026531840,tsm,ip-10-100-1-217,42,connect,[],3,-114,"[{'name': 'sockfd', 'type': 'int', 'value': 778}, {'name': 'addr', 'type': 'struct sockaddr*', 'value': ""{'sa_family': 'AF_INET','sin_port': '22','sin_addr': '192.168.21.47'}""}, {'name': 'addrlen', 'type': 'int', 'value': 16}]",1,1
487.078068,7555,7555,7548,1001,4026531840,tsm,ip-10-100-1-217,42,connect,[],3,-114,"[{'name': 'sockfd', 'type': 'int', 'value': 779}, {'name': 'addr', 'type': 'struct sockaddr*', 'value': ""{'sa_family': 'AF_INET','sin_port': '22','sin_addr': '192.168.21.48'}""}, {'name': 'addrlen', 'type': 'int', 'value': 16}]",1,1
487.078089,7555,7555,7548,1001,4026531840,tsm,ip-10-100-1-217,42,connect,[],3,-114,"[{'name': 'sockfd', 'type': 'int', 'value': 780}, {'name': 'addr', 'type': 'struct sockaddr*', 'value': ""{'sa_family': 'AF_INET','sin_port': '22','sin_addr': '192.168.21.49'}""}, {'name': 'addrlen', 'type': 'int', 'value': 16}]",1,1
487.078111,7555,7555,7548,1001,4026531840,tsm,ip-10-100-1-217,42,connect,[],3,-114,"[{'name': 'sockfd', 'type': 'int', 'value': 781}, {'name': 'addr', 'type': 'struct sockaddr*', 'value': ""{'sin_addr': '192.168.21.50','sa_family': 'AF_INET','sin_port': '22'}""}, {'name': 'addrlen', 'type': 'int', 'value': 16}]",1,1
487.078132,7555,7555,7548,1001,4026531840,tsm,ip-10-100-1-217,42,connect,[],3,-114,"[{'name': 'sockfd', 'type': 'int', 'value': 782}, {'name': 'addr', 'type': 'struct sockaddr*', 'value': ""{'sa_family': 'AF_INET','sin_port': '22','sin_addr': '192.168.21.51'}""}, {'name': 'addrlen', 'type': 'int', 'value': 16}]",1,1
487.078153,7555,7555,7548,1001,4026531840,tsm,ip-10-100-1-217,42,connect,[],3,-114,"[{'name': 'sockfd', 'type': 'int', 'value': 783}, {'name': 'addr', 'type': 'struct sockaddr*', 'value': ""{'sin_port': '22','sin_addr': '192.168.21.52','sa_family': 'AF_INET'}""}, {'name': 'addrlen', 'type': 'int', 'value': 16}]",1,1
487.078174,7555,7555,7548,1001,4026531840,tsm,ip-10-100-1-217,42,connect,[],3,-114,"[{'name': 'sockfd', 'type': 'int', 'value': 784}, {'name': 'addr', 'type': 'struct sockaddr*', 'value': ""{'sa_family': 'AF_INET','sin_port': '22','sin_addr': '192.168.21.53'}""}, {'name': 'addrlen', 'type': 'int', 'value': 16}]",1,1
487.078196,7555,7555,7548,1001,4026531840,tsm,ip-10-100-1-217,42,connect,[],3,-114,"[{'name': 'sockfd', 'type': 'int', 'value': 785}, {'name': 'addr', 'type': 'struct sockaddr*', 'value': ""{'sin_port': '22','sin_addr': '192.168.21.54','sa_family': 'AF_INET'}""}, {'name': 'addrlen', 'type': 'int', 'value': 16}]",1,1
487.078217,7555,7555,7548,1001,4026531840,tsm,ip-10-100-1-217,42,connect,[],3,-114,"[{'name': 'sockfd', 'type': 'int', 'value': 786}, {'name': 'addr', 'type': 'struct sockaddr*', 'value': ""{'sa_family': 'AF_INET','sin_port': '22','sin_addr': '192.168.21.55'}""}, {'name': 'addrlen', 'type': 'int', 'value': 16}]",1,1
487.078238,7555,7555,7548,1001,4026531840,tsm,ip-10-100-1-217,42,connect,[],3,-114,"[{'name': 'sockfd', 'type': 'int', 'value': 787}, {'name': 'addr', 'type': 'struct sockaddr*', 'value': ""{'sa_family': 'AF_INET','sin_port': '22','sin_addr': '192.168.21.56'}""}, {'name': 'addrlen', 'type': 'int', 'value': 16}]",1,1
487.07826,7555,7555,7548,1001,4026531840,tsm,ip-10-100-1-217,42,connect,[],3,-114,"[{'name': 'sockfd', 'type': 'int', 'value': 788}, {'name': 'addr', 'type': 'struct sockaddr*', 'value': ""{'sa_family': 'AF_INET','sin_port': '22','sin_addr': '192.168.21.57'}""}, {'name': 'addrlen', 'type': 'int', 'value': 16}]",1,1
487.078281,7555,7555,7548,1001,4026531840,tsm,ip-10-100-1-217,42,connect,[],3,-114,"[{'name': 'sockfd', 'type': 'int', 'value': 789}, {'name': 'addr', 'type': 'struct sockaddr*', 'value': ""{'sin_addr': '192.168.21.58','sa_family': 'AF_INET','sin_port': '22'}""}, {'name': 'addrlen', 'type': 'int', 'value': 16}]",1,1
487.078302,7555,7555,7548,1001,4026531840,tsm,ip-10-100-1-217,42,connect,[],3,-114,"[{'name': 'sockfd', 'type': 'int', 'value': 790}, {'name': 'addr', 'type': 'struct sockaddr*', 'value': ""{'sa_family': 'AF_INET','sin_port': '22','sin_addr': '192.168.21.59'}""}, {'name': 'addrlen', 'type': 'int', 'value': 16}]",1,1
487.078323,7555,7555,7548,1001,4026531840,tsm,ip-10-100-1-217,42,connect,[],3,-114,"[{'name': 'sockfd', 'type': 'int', 'value': 791}, {'name': 'addr', 'type': 'struct sockaddr*', 'value': ""{'sin_port': '22','sin_addr': '192.168.21.60','sa_family': 'AF_INET'}""}, {'name': 'addrlen', 'type': 'int', 'value': 16}]",1,1
487.078345,7555,7555,7548,1001,4026531840,tsm,ip-10-100-1-217,42,connect,[],3,-114,"[{'name': 'sockfd', 'type': 'int', 'value': 792}, {'name': 'addr', 'type': 'struct sockaddr*', 'value': ""{'sa_family': 'AF_INET','sin_port': '22','sin_addr': '192.168.21.61'}""}, {'name': 'addrlen', 'type': 'int', 'value': 16}]",1,1
487.078366,7555,7555,7548,1001,4026531840,tsm,ip-10-100-1-217,42,connect,[],3,-114,"[{'name': 'sockfd', 'type': 'int', 'value': 793}, {'name': 'addr', 'type': 'struct sockaddr*', 'value': ""{'sin_addr': '192.168.21.62','sa_family': 'AF_INET','sin_port': '22'}""}, {'name': 'addrlen', 'type': 'int', 'value': 16}]",1,1
487.078387,7555,7555,7548,1001,4026531840,tsm,ip-10-100-1-217,42,connect,[],3,-114,"[{'name': 'sockfd', 'type': 'int', 'value': 794}, {'name': 'addr', 'type': 'struct sockaddr*', 'value': ""{'sa_family': 'AF_INET','sin_port': '22','sin_addr': '192.168.21.63'}""}, {'name': 'addrlen', 'type': 'int', 'value': 16}]",1,1
487.078408,7555,7555,7548,1001,4026531840,tsm,ip-10-100-1-217,42,connect,[],3,-114,"[{'name': 'sockfd', 'type': 'int', 'value': 795}, {'name': 'addr', 'type': 'struct sockaddr*', 'value': ""{'sin_addr': '192.168.21.64','sa_family': 'AF_INET','sin_port': '22'}""}, {'name': 'addrlen', 'type': 'int', 'value': 16}]",1,1
487.07843,7555,7555,7548,1001,4026531840,tsm,ip-10-100-1-217,42,connect,[],3,-114,"[{'name': 'sockfd', 'type': 'int', 'value': 796}, {'name': 'addr', 'type': 'struct sockaddr*', 'value': ""{'sa_family': 'AF_INET','sin_port': '22','sin_addr': '192.168.21.65'}""}, {'name': 'addrlen', 'type': 'int', 'value': 16}]",1,1
487.078451,7555,7555,7548,1001,4026531840,tsm,ip-10-100-1-217,42,connect,[],3,-114,"[{'name': 'sockfd', 'type': 'int', 'value': 797}, {'name': 'addr', 'type': 'struct sockaddr*', 'value': ""{'sa_family': 'AF_INET','sin_port': '22','sin_addr': '192.168.21.66'}""}, {'name': 'addrlen', 'type': 'int', 'value': 16}]",1,1
487.078482,7555,7555,7548,1001,4026531840,tsm,ip-10-100-1-217,42,connect,[],3,-114,"[{'name': 'sockfd', 'type': 'int', 'value': 798}, {'name': 'addr', 'type': 'struct sockaddr*', 'value': ""{'sa_family': 'AF_INET','sin_port': '22','sin_addr': '192.168.21.67'}""}, {'name': 'addrlen', 'type': 'int', 'value': 16}]",1,1
487.078517,7555,7555,7548,1001,4026531840,tsm,ip-10-100-1-217,42,connect,[],3,-114,"[{'name': 'sockfd', 'type': 'int', 'value': 799}, {'name': 'addr', 'type': 'struct sockaddr*', 'value': ""{'sa_family': 'AF_INET','sin_port': '22','sin_addr': '192.168.21.68'}""}, {'name': 'addrlen', 'type': 'int', 'value': 16}]",1,1
487.078539,7555,7555,7548,1001,4026531840,tsm,ip-10-100-1-217,42,connect,[],3,-114,"[{'name': 'sockfd', 'type': 'int', 'value': 800}, {'name': 'addr', 'type': 'struct sockaddr*', 'value': ""{'sin_port': '22','sin_addr': '192.168.21.69','sa_family': 'AF_INET'}""}, {'name': 'addrlen', 'type': 'int', 'value': 16}]",1,1
487.078561,7555,7555,7548,1001,4026531840,tsm,ip-10-100-1-217,42,connect,[],3,-114,"[{'name': 'sockfd', 'type': 'int', 'value': 801}, {'name': 'addr', 'type': 'struct sockaddr*', 'value': ""{'sa_family': 'AF_INET','sin_port': '22','sin_addr': '192.168.21.70'}""}, {'name': 'addrlen', 'type': 'int', 'value': 16}]",1,1
487.078583,7555,7555,7548,1001,4026531840,tsm,ip-10-100-1-217,42,connect,[],3,-114,"[{'name': 'sockfd', 'type': 'int', 'value': 802}, {'name': 'addr', 'type': 'struct sockaddr*', 'value': ""{'sa_family': 'AF_INET','sin_port': '22','sin_addr': '192.168.21.71'}""}, {'name': 'addrlen', 'type': 'int', 'value': 16}]",1,1
487.078605,7555,7555,7548,1001,4026531840,tsm,ip-10-100-1-217,42,connect,[],3,-114,"[{'name': 'sockfd', 'type': 'int', 'value': 803}, {'name': 'addr', 'type': 'struct sockaddr*', 'value': ""{'sa_family': 'AF_INET','sin_port': '22','sin_addr': '192.168.21.72'}""}, {'name': 'addrlen', 'type': 'int', 'value': 16}]",1,1
487.078629,7555,7555,7548,1001,4026531840,tsm,ip-10-100-1-217,42,connect,[],3,-114,"[{'name': 'sockfd', 'type': 'int', 'value': 4}, {'name': 'addr', 'type': 'struct sockaddr*', 'value': ""{'sa_family': 'AF_INET','sin_port': '22','sin_addr': '192.168.21.73'}""}, {'name': 'addrlen', 'type': 'int', 'value': 16}]",1,1
487.078652,7555,7555,7548,1001,4026531840,tsm,ip-10-100-1-217,42,connect,[],3,-114,"[{'name': 'sockfd', 'type': 'int', 'value': 5}, {'name': 'addr', 'type': 'struct sockaddr*', 'value': ""{'sa_family': 'AF_INET','sin_port': '22','sin_addr': '192.168.21.74'}""}, {'name': 'addrlen', 'type': 'int', 'value': 16}]",1,1
487.078674,7555,7555,7548,1001,4026531840,tsm,ip-10-100-1-217,42,connect,[],3,-114,"[{'name': 'sockfd', 'type': 'int', 'value': 6}, {'name': 'addr', 'type': 'struct sockaddr*', 'value': ""{'sa_family': 'AF_INET','sin_port': '22','sin_addr': '192.168.21.75'}""}, {'name': 'addrlen', 'type': 'int', 'value': 16}]",1,1
487.078696,7555,7555,7548,1001,4026531840,tsm,ip-10-100-1-217,42,connect,[],3,-114,"[{'name': 'sockfd', 'type': 'int', 'value': 7}, {'name': 'addr', 'type': 'struct sockaddr*', 'value': ""{'sa_family': 'AF_INET','sin_port': '22','sin_addr': '192.168.21.76'}""}, {'name': 'addrlen', 'type': 'int', 'value': 16}]",1,1
487.078718,7555,7555,7548,1001,4026531840,tsm,ip-10-100-1-217,42,connect,[],3,-114,"[{'name': 'sockfd', 'type': 'int', 'value': 8}, {'name': 'addr', 'type': 'struct sockaddr*', 'value': ""{'sa_family': 'AF_INET','sin_port': '22','sin_addr': '192.168.21.77'}""}, {'name': 'addrlen', 'type': 'int', 'value': 16}]",1,1
487.07874,7555,7555,7548,1001,4026531840,tsm,ip-10-100-1-217,42,connect,[],3,-114,"[{'name': 'sockfd', 'type': 'int', 'value': 9}, {'name': 'addr', 'type': 'struct sockaddr*', 'value': ""{'sin_addr': '192.168.21.78','sa_family': 'AF_INET','sin_port': '22'}""}, {'name': 'addrlen', 'type': 'int', 'value': 16}]",1,1
487.078762,7555,7555,7548,1001,4026531840,tsm,ip-10-100-1-217,42,connect,[],3,-114,"[{'name': 'sockfd', 'type': 'int', 'value': 10}, {'name': 'addr', 'type': 'struct sockaddr*', 'value': ""{'sa_family': 'AF_INET','sin_port': '22','sin_addr': '192.168.21.79'}""}, {'name': 'addrlen', 'type': 'int', 'value': 16}]",1,1
487.078784,7555,7555,7548,1001,4026531840,tsm,ip-10-100-1-217,42,connect,[],3,-114,"[{'name': 'sockfd', 'type': 'int', 'value': 11}, {'name': 'addr', 'type': 'struct sockaddr*', 'value': ""{'sa_family': 'AF_INET','sin_port': '22','sin_addr': '192.168.21.80'}""}, {'name': 'addrlen', 'type': 'int', 'value': 16}]",1,1
487.078806,7555,7555,7548,1001,4026531840,tsm,ip-10-100-1-217,42,connect,[],3,-114,"[{'name': 'sockfd', 'type': 'int', 'value': 12}, {'name': 'addr', 'type': 'struct sockaddr*', 'value': ""{'sa_family': 'AF_INET','sin_port': '22','sin_addr': '192.168.21.81'}""}, {'name': 'addrlen', 'type': 'int', 'value': 16}]",1,1
487.078828,7555,7555,7548,1001,4026531840,tsm,ip-10-100-1-217,42,connect,[],3,-114,"[{'name': 'sockfd', 'type': 'int', 'value': 13}, {'name': 'addr', 'type': 'struct sockaddr*', 'value': ""{'sa_family': 'AF_INET','sin_port': '22','sin_addr': '192.168.21.82'}""}, {'name': 'addrlen', 'type': 'int', 'value': 16}]",1,1
487.07885,7555,7555,7548,1001,4026531840,tsm,ip-10-100-1-217,42,connect,[],3,-114,"[{'name': 'sockfd', 'type': 'int', 'value': 14}, {'name': 'addr', 'type': 'struct sockaddr*', 'value': ""{'sa_family': 'AF_INET','sin_port': '22','sin_addr': '192.168.21.83'}""}, {'name': 'addrlen', 'type': 'int', 'value': 16}]",1,1
487.078872,7555,7555,7548,1001,4026531840,tsm,ip-10-100-1-217,42,connect,[],3,-114,"[{'name': 'sockfd', 'type': 'int', 'value': 15}, {'name': 'addr', 'type': 'struct sockaddr*', 'value': ""{'sa_family': 'AF_INET','sin_port': '22','sin_addr': '192.168.21.84'}""}, {'name': 'addrlen', 'type': 'int', 'value': 16}]",1,1
487.078894,7555,7555,7548,1001,4026531840,tsm,ip-10-100-1-217,42,connect,[],3,-114,"[{'name': 'sockfd', 'type': 'int', 'value': 16}, {'name': 'addr', 'type': 'struct sockaddr*', 'value': ""{'sa_family': 'AF_INET','sin_port': '22','sin_addr': '192.168.21.85'}""}, {'name': 'addrlen', 'type': 'int', 'value': 16}]",1,1
487.078916,7555,7555,7548,1001,4026531840,tsm,ip-10-100-1-217,42,connect,[],3,-114,"[{'name': 'sockfd', 'type': 'int', 'value': 17}, {'name': 'addr', 'type': 'struct sockaddr*', 'value': ""{'sin_addr': '192.168.21.86','sa_family': 'AF_INET','sin_port': '22'}""}, {'name': 'addrlen', 'type': 'int', 'value': 16}]",1,1
487.078938,7555,7555,7548,1001,4026531840,tsm,ip-10-100-1-217,42,connect,[],3,-114,"[{'name': 'sockfd', 'type': 'int', 'value': 18}, {'name': 'addr', 'type': 'struct sockaddr*', 'value': ""{'sa_family': 'AF_INET','sin_port': '22','sin_addr': '192.168.21.87'}""}, {'name': 'addrlen', 'type': 'int', 'value': 16}]",1,1
487.07896,7555,7555,7548,1001,4026531840,tsm,ip-10-100-1-217,42,connect,[],3,-114,"[{'name': 'sockfd', 'type': 'int', 'value': 19}, {'name': 'addr', 'type': 'struct sockaddr*', 'value': ""{'sa_family': 'AF_INET','sin_port': '22','sin_addr': '192.168.21.88'}""}, {'name': 'addrlen', 'type': 'int', 'value': 16}]",1,1
487.078995,7555,7555,7548,1001,4026531840,tsm,ip-10-100-1-217,42,connect,[],3,-114,"[{'name': 'sockfd', 'type': 'int', 'value': 20}, {'name': 'addr', 'type': 'struct sockaddr*', 'value': ""{'sa_family': 'AF_INET','sin_port': '22','sin_addr': '192.168.21.89'}""}, {'name': 'addrlen', 'type': 'int', 'value': 16}]",1,1
487.079029,7555,7555,7548,1001,4026531840,tsm,ip-10-100-1-217,42,connect,[],3,-114,"[{'name': 'sockfd', 'type': 'int', 'value': 21}, {'name': 'addr', 'type': 'struct sockaddr*', 'value': ""{'sin_port': '22','sin_addr': '192.168.21.90','sa_family': 'AF_INET'}""}, {'name': 'addrlen', 'type': 'int', 'value': 16}]",1,1
487.079051,7555,7555,7548,1001,4026531840,tsm,ip-10-100-1-217,42,connect,[],3,-114,"[{'name': 'sockfd', 'type': 'int', 'value': 22}, {'name': 'addr', 'type': 'struct sockaddr*', 'value': ""{'sa_family': 'AF_INET','sin_port': '22','sin_addr': '192.168.21.91'}""}, {'name': 'addrlen', 'type': 'int', 'value': 16}]",1,1
487.079073,7555,7555,7548,1001,4026531840,tsm,ip-10-100-1-217,42,connect,[],3,-114,"[{'name': 'sockfd', 'type': 'int', 'value': 23}, {'name': 'addr', 'type': 'struct sockaddr*', 'value': ""{'sa_family': 'AF_INET','sin_port': '22','sin_addr': '192.168.21.92'}""}, {'name': 'addrlen', 'type': 'int', 'value': 16}]",1,1
487.079095,7555,7555,7548,1001,4026531840,tsm,ip-10-100-1-217,42,connect,[],3,-114,"[{'name': 'sockfd', 'type': 'int', 'value': 24}, {'name': 'addr', 'type': 'struct sockaddr*', 'value': ""{'sa_family': 'AF_INET','sin_port': '22','sin_addr': '192.168.21.93'}""}, {'name': 'addrlen', 'type': 'int', 'value': 16}]",1,1
487.079117,7555,7555,7548,1001,4026531840,tsm,ip-10-100-1-217,42,connect,[],3,-114,"[{'name': 'sockfd', 'type': 'int', 'value': 25}, {'name': 'addr', 'type': 'struct sockaddr*', 'value': ""{'sa_family': 'AF_INET','sin_port': '22','sin_addr': '192.168.21.94'}""}, {'name': 'addrlen', 'type': 'int', 'value': 16}]",1,1
487.079139,7555,7555,7548,1001,4026531840,tsm,ip-10-100-1-217,42,connect,[],3,-114,"[{'name': 'sockfd', 'type': 'int', 'value': 26}, {'name': 'addr', 'type': 'struct sockaddr*', 'value': ""{'sa_family': 'AF_INET','sin_port': '22','sin_addr': '192.168.21.95'}""}, {'name': 'addrlen', 'type': 'int', 'value': 16}]",1,1
487.079161,7555,7555,7548,1001,4026531840,tsm,ip-10-100-1-217,42,connect,[],3,-114,"[{'name': 'sockfd', 'type': 'int', 'value': 27}, {'name': 'addr', 'type': 'struct sockaddr*', 'value': ""{'sa_family': 'AF_INET','sin_port': '22','sin_addr': '192.168.21.96'}""}, {'name': 'addrlen', 'type': 'int', 'value': 16}]",1,1
487.079183,7555,7555,7548,1001,4026531840,tsm,ip-10-100-1-217,42,connect,[],3,-114,"[{'name': 'sockfd', 'type': 'int', 'value': 28}, {'name': 'addr', 'type': 'struct sockaddr*', 'value': ""{'sin_addr': '192.168.21.97','sa_family': 'AF_INET','sin_port': '22'}""}, {'name': 'addrlen', 'type': 'int', 'value': 16}]",1,1
487.079205,7555,7555,7548,1001,4026531840,tsm,ip-10-100-1-217,42,connect,[],3,-114,"[{'name': 'sockfd', 'type': 'int', 'value': 29}, {'name': 'addr', 'type': 'struct sockaddr*', 'value': ""{'sa_family': 'AF_INET','sin_port': '22','sin_addr': '192.168.21.98'}""}, {'name': 'addrlen', 'type': 'int', 'value': 16}]",1,1
487.079227,7555,7555,7548,1001,4026531840,tsm,ip-10-100-1-217,42,connect,[],3,-114,"[{'name': 'sockfd', 'type': 'int', 'value': 30}, {'name': 'addr', 'type': 'struct sockaddr*', 'value': ""{'sa_family': 'AF_INET','sin_port': '22','sin_addr': '192.168.21.99'}""}, {'name': 'addrlen', 'type': 'int', 'value': 16}]",1,1
487.079249,7555,7555,7548,1001,4026531840,tsm,ip-10-100-1-217,42,connect,[],3,-114,"[{'name': 'sockfd', 'type': 'int', 'value': 31}, {'name': 'addr', 'type': 'struct sockaddr*', 'value': ""{'sin_addr': '192.168.21.100','sa_family': 'AF_INET','sin_port': '22'}""}, {'name': 'addrlen', 'type': 'int', 'value': 16}]",1,1
487.079271,7555,7555,7548,1001,4026531840,tsm,ip-10-100-1-217,42,connect,[],3,-114,"[{'name': 'sockfd', 'type': 'int', 'value': 32}, {'name': 'addr', 'type': 'struct sockaddr*', 'value': ""{'sa_family': 'AF_INET','sin_port': '22','sin_addr': '192.168.21.101'}""}, {'name': 'addrlen', 'type': 'int', 'value': 16}]",1,1
487.079293,7555,7555,7548,1001,4026531840,tsm,ip-10-100-1-217,42,connect,[],3,-114,"[{'name': 'sockfd', 'type': 'int', 'value': 33}, {'name': 'addr', 'type': 'struct sockaddr*', 'value': ""{'sa_family': 'AF_INET','sin_port': '22','sin_addr': '192.168.21.102'}""}, {'name': 'addrlen', 'type': 'int', 'value': 16}]",1,1
487.079316,7555,7555,7548,1001,4026531840,tsm,ip-10-100-1-217,42,connect,[],3,-114,"[{'name': 'sockfd', 'type': 'int', 'value': 34}, {'name': 'addr', 'type': 'struct sockaddr*', 'value': ""{'sa_family': 'AF_INET','sin_port': '22','sin_addr': '192.168.21.103'}""}, {'name': 'addrlen', 'type': 'int', 'value': 16}]",1,1
487.079338,7555,7555,7548,1001,4026531840,tsm,ip-10-100-1-217,42,connect,[],3,-114,"[{'name': 'sockfd', 'type': 'int', 'value': 35}, {'name': 'addr', 'type': 'struct sockaddr*', 'value': ""{'sa_family': 'AF_INET','sin_port': '22','sin_addr': '192.168.21.104'}""}, {'name': 'addrlen', 'type': 'int', 'value': 16}]",1,1
487.079363,7555,7555,7548,1001,4026531840,tsm,ip-10-100-1-217,42,connect,[],3,-114,"[{'name': 'sockfd', 'type': 'int', 'value': 36}, {'name': 'addr', 'type': 'struct sockaddr*', 'value': ""{'sa_family': 'AF_INET','sin_port': '22','sin_addr': '192.168.21.105'}""}, {'name': 'addrlen', 'type': 'int', 'value': 16}]",1,1
487.079385,7555,7555,7548,1001,4026531840,tsm,ip-10-100-1-217,42,connect,[],3,-114,"[{'name': 'sockfd', 'type': 'int', 'value': 37}, {'name': 'addr', 'type': 'struct sockaddr*', 'value': ""{'sa_family': 'AF_INET','sin_port': '22','sin_addr': '192.168.21.106'}""}, {'name': 'addrlen', 'type': 'int', 'value': 16}]",1,1
487.079407,7555,7555,7548,1001,4026531840,tsm,ip-10-100-1-217,42,connect,[],3,-114,"[{'name': 'sockfd', 'type': 'int', 'value': 38}, {'name': 'addr', 'type': 'struct sockaddr*', 'value': ""{'sin_addr': '192.168.21.107','sa_family': 'AF_INET','sin_port': '22'}""}, {'name': 'addrlen', 'type': 'int', 'value': 16}]",1,1
487.079429,7555,7555,7548,1001,4026531840,tsm,ip-10-100-1-217,42,connect,[],3,-114,"[{'name': 'sockfd', 'type': 'int', 'value': 39}, {'name': 'addr', 'type': 'struct sockaddr*', 'value': ""{'sa_family': 'AF_INET','sin_port': '22','sin_addr': '192.168.21.108'}""}, {'name': 'addrlen', 'type': 'int', 'value': 16}]",1,1
487.079451,7555,7555,7548,1001,4026531840,tsm,ip-10-100-1-217,42,connect,[],3,-114,"[{'name': 'sockfd', 'type': 'int', 'value': 40}, {'name': 'addr', 'type': 'struct sockaddr*', 'value': ""{'sa_family': 'AF_INET','sin_port': '22','sin_addr': '192.168.21.109'}""}, {'name': 'addrlen', 'type': 'int', 'value': 16}]",1,1
487.079473,7555,7555,7548,1001,4026531840,tsm,ip-10-100-1-217,42,connect,[],3,-114,"[{'name': 'sockfd', 'type': 'int', 'value': 41}, {'name': 'addr', 'type': 'struct sockaddr*', 'value': ""{'sin_port': '22','sin_addr': '192.168.21.110','sa_family': 'AF_INET'}""}, {'name': 'addrlen', 'type': 'int', 'value': 16}]",1,1
487.079495,7555,7555,7548,1001,4026531840,tsm,ip-10-100-1-217,42,connect,[],3,-114,"[{'name': 'sockfd', 'type': 'int', 'value': 42}, {'name': 'addr', 'type': 'struct sockaddr*', 'value': ""{'sa_family': 'AF_INET','sin_port': '22','sin_addr': '192.168.21.111'}""}, {'name': 'addrlen', 'type': 'int', 'value': 16}]",1,1
487.079517,7555,7555,7548,1001,4026531840,tsm,ip-10-100-1-217,42,connect,[],3,-114,"[{'name': 'sockfd', 'type': 'int', 'value': 43}, {'name': 'addr', 'type': 'struct sockaddr*', 'value': ""{'sa_family': 'AF_INET','sin_port': '22','sin_addr': '192.168.21.112'}""}, {'name': 'addrlen', 'type': 'int', 'value': 16}]",1,1
487.079539,7555,7555,7548,1001,4026531840,tsm,ip-10-100-1-217,42,connect,[],3,-114,"[{'name': 'sockfd', 'type': 'int', 'value': 44}, {'name': 'addr', 'type': 'struct sockaddr*', 'value': ""{'sin_port': '22','sin_addr': '192.168.21.113','sa_family': 'AF_INET'}""}, {'name': 'addrlen', 'type': 'int', 'value': 16}]",1,1
487.079561,7555,7555,7548,1001,4026531840,tsm,ip-10-100-1-217,42,connect,[],3,-114,"[{'name': 'sockfd', 'type': 'int', 'value': 45}, {'name': 'addr', 'type': 'struct sockaddr*', 'value': ""{'sin_port': '22','sin_addr': '192.168.21.114','sa_family': 'AF_INET'}""}, {'name': 'addrlen', 'type': 'int', 'value': 16}]",1,1
487.079583,7555,7555,7548,1001,4026531840,tsm,ip-10-100-1-217,42,connect,[],3,-114,"[{'name': 'sockfd', 'type': 'int', 'value': 46}, {'name': 'addr', 'type': 'struct sockaddr*', 'value': ""{'sin_addr': '192.168.21.115','sa_family': 'AF_INET','sin_port': '22'}""}, {'name': 'addrlen', 'type': 'int', 'value': 16}]",1,1
487.079605,7555,7555,7548,1001,4026531840,tsm,ip-10-100-1-217,42,connect,[],3,-114,"[{'name': 'sockfd', 'type': 'int', 'value': 47}, {'name': 'addr', 'type': 'struct sockaddr*', 'value': ""{'sa_family': 'AF_INET','sin_port': '22','sin_addr': '192.168.21.116'}""}, {'name': 'addrlen', 'type': 'int', 'value': 16}]",1,1
487.079628,7555,7555,7548,1001,4026531840,tsm,ip-10-100-1-217,42,connect,[],3,-114,"[{'name': 'sockfd', 'type': 'int', 'value': 48}, {'name': 'addr', 'type': 'struct sockaddr*', 'value': ""{'sa_family': 'AF_INET','sin_port': '22','sin_addr': '192.168.21.117'}""}, {'name': 'addrlen', 'type': 'int', 'value': 16}]",1,1
487.079649,7555,7555,7548,1001,4026531840,tsm,ip-10-100-1-217,42,connect,[],3,-114,"[{'name': 'sockfd', 'type': 'int', 'value': 49}, {'name': 'addr', 'type': 'struct sockaddr*', 'value': ""{'sa_family': 'AF_INET','sin_port': '22','sin_addr': '192.168.21.118'}""}, {'name': 'addrlen', 'type': 'int', 'value': 16}]",1,1
487.079671,7555,7555,7548,1001,4026531840,tsm,ip-10-100-1-217,42,connect,[],3,-114,"[{'name': 'sockfd', 'type': 'int', 'value': 50}, {'name': 'addr', 'type': 'struct sockaddr*', 'value': ""{'sa_family': 'AF_INET','sin_port': '22','sin_addr': '192.168.21.119'}""}, {'name': 'addrlen', 'type': 'int', 'value': 16}]",1,1
487.079693,7555,7555,7548,1001,4026531840,tsm,ip-10-100-1-217,42,connect,[],3,-114,"[{'name': 'sockfd', 'type': 'int', 'value': 51}, {'name': 'addr', 'type': 'struct sockaddr*', 'value': ""{'sa_family': 'AF_INET','sin_port': '22','sin_addr': '192.168.21.120'}""}, {'name': 'addrlen', 'type': 'int', 'value': 16}]",1,1
487.079716,7555,7555,7548,1001,4026531840,tsm,ip-10-100-1-217,42,connect,[],3,-114,"[{'name': 'sockfd', 'type': 'int', 'value': 52}, {'name': 'addr', 'type': 'struct sockaddr*', 'value': ""{'sa_family': 'AF_INET','sin_port': '22','sin_addr': '192.168.21.121'}""}, {'name': 'addrlen', 'type': 'int', 'value': 16}]",1,1
487.079737,7555,7555,7548,1001,4026531840,tsm,ip-10-100-1-217,42,connect,[],3,-114,"[{'name': 'sockfd', 'type': 'int', 'value': 53}, {'name': 'addr', 'type': 'struct sockaddr*', 'value': ""{'sa_family': 'AF_INET','sin_port': '22','sin_addr': '192.168.21.122'}""}, {'name': 'addrlen', 'type': 'int', 'value': 16}]",1,1
487.079759,7555,7555,7548,1001,4026531840,tsm,ip-10-100-1-217,42,connect,[],3,-114,"[{'name': 'sockfd', 'type': 'int', 'value': 54}, {'name': 'addr', 'type': 'struct sockaddr*', 'value': ""{'sin_port': '22','sin_addr': '192.168.21.123','sa_family': 'AF_INET'}""}, {'name': 'addrlen', 'type': 'int', 'value': 16}]",1,1
487.079781,7555,7555,7548,1001,4026531840,tsm,ip-10-100-1-217,42,connect,[],3,-114,"[{'name': 'sockfd', 'type': 'int', 'value': 55}, {'name': 'addr', 'type': 'struct sockaddr*', 'value': ""{'sa_family': 'AF_INET','sin_port': '22','sin_addr': '192.168.21.124'}""}, {'name': 'addrlen', 'type': 'int', 'value': 16}]",1,1
487.079803,7555,7555,7548,1001,4026531840,tsm,ip-10-100-1-217,42,connect,[],3,-114,"[{'name': 'sockfd', 'type': 'int', 'value': 56}, {'name': 'addr', 'type': 'struct sockaddr*', 'value': ""{'sa_family': 'AF_INET','sin_port': '22','sin_addr': '192.168.21.125'}""}, {'name': 'addrlen', 'type': 'int', 'value': 16}]",1,1
487.079825,7555,7555,7548,1001,4026531840,tsm,ip-10-100-1-217,42,connect,[],3,-114,"[{'name': 'sockfd', 'type': 'int', 'value': 57}, {'name': 'addr', 'type': 'struct sockaddr*', 'value': ""{'sa_family': 'AF_INET','sin_port': '22','sin_addr': '192.168.21.126'}""}, {'name': 'addrlen', 'type': 'int', 'value': 16}]",1,1
487.079847,7555,7555,7548,1001,4026531840,tsm,ip-10-100-1-217,42,connect,[],3,-114,"[{'name': 'sockfd', 'type': 'int', 'value': 58}, {'name': 'addr', 'type': 'struct sockaddr*', 'value': ""{'sa_family': 'AF_INET','sin_port': '22','sin_addr': '192.168.21.127'}""}, {'name': 'addrlen', 'type': 'int', 'value': 16}]",1,1
487.079869,7555,7555,7548,1001,4026531840,tsm,ip-10-100-1-217,42,connect,[],3,-114,"[{'name': 'sockfd', 'type': 'int', 'value': 59}, {'name': 'addr', 'type': 'struct sockaddr*', 'value': ""{'sin_port': '22','sin_addr': '192.168.21.128','sa_family': 'AF_INET'}""}, {'name': 'addrlen', 'type': 'int', 'value': 16}]",1,1
487.079891,7555,7555,7548,1001,4026531840,tsm,ip-10-100-1-217,42,connect,[],3,-114,"[{'name': 'sockfd', 'type': 'int', 'value': 60}, {'name': 'addr', 'type': 'struct sockaddr*', 'value': ""{'sa_family': 'AF_INET','sin_port': '22','sin_addr': '192.168.21.129'}""}, {'name': 'addrlen', 'type': 'int', 'value': 16}]",1,1
487.079913,7555,7555,7548,1001,4026531840,tsm,ip-10-100-1-217,42,connect,[],3,-114,"[{'name': 'sockfd', 'type': 'int', 'value': 61}, {'name': 'addr', 'type': 'struct sockaddr*', 'value': ""{'sin_addr': '192.168.21.130','sa_family': 'AF_INET','sin_port': '22'}""}, {'name': 'addrlen', 'type': 'int', 'value': 16}]",1,1
487.079935,7555,7555,7548,1001,4026531840,tsm,ip-10-100-1-217,42,connect,[],3,-114,"[{'name': 'sockfd', 'type': 'int', 'value': 62}, {'name': 'addr', 'type': 'struct sockaddr*', 'value': ""{'sa_family': 'AF_INET','sin_port': '22','sin_addr': '192.168.21.131'}""}, {'name': 'addrlen', 'type': 'int', 'value': 16}]",1,1
487.079957,7555,7555,7548,1001,4026531840,tsm,ip-10-100-1-217,42,connect,[],3,-114,"[{'name': 'sockfd', 'type': 'int', 'value': 63}, {'name': 'addr', 'type': 'struct sockaddr*', 'value': ""{'sa_family': 'AF_INET','sin_port': '22','sin_addr': '192.168.21.132'}""}, {'name': 'addrlen', 'type': 'int', 'value': 16}]",1,1
487.079979,7555,7555,7548,1001,4026531840,tsm,ip-10-100-1-217,42,connect,[],3,-114,"[{'name': 'sockfd', 'type': 'int', 'value': 64}, {'name': 'addr', 'type': 'struct sockaddr*', 'value': ""{'sa_family': 'AF_INET','sin_port': '22','sin_addr': '192.168.21.133'}""}, {'name': 'addrlen', 'type': 'int', 'value': 16}]",1,1
487.080001,7555,7555,7548,1001,4026531840,tsm,ip-10-100-1-217,42,connect,[],3,-114,"[{'name': 'sockfd', 'type': 'int', 'value': 65}, {'name': 'addr', 'type': 'struct sockaddr*', 'value': ""{'sa_family': 'AF_INET','sin_port': '22','sin_addr': '192.168.21.134'}""}, {'name': 'addrlen', 'type': 'int', 'value': 16}]",1,1
487.080023,7555,7555,7548,1001,4026531840,tsm,ip-10-100-1-217,42,connect,[],3,-114,"[{'name': 'sockfd', 'type': 'int', 'value': 66}, {'name': 'addr', 'type': 'struct sockaddr*', 'value': ""{'sa_family': 'AF_INET','sin_port': '22','sin_addr': '192.168.21.135'}""}, {'name': 'addrlen', 'type': 'int', 'value': 16}]",1,1
487.080045,7555,7555,7548,1001,4026531840,tsm,ip-10-100-1-217,42,connect,[],3,-114,"[{'name': 'sockfd', 'type': 'int', 'value': 67}, {'name': 'addr', 'type': 'struct sockaddr*', 'value': ""{'sa_family': 'AF_INET','sin_port': '22','sin_addr': '192.168.21.136'}""}, {'name': 'addrlen', 'type': 'int', 'value': 16}]",1,1
487.080067,7555,7555,7548,1001,4026531840,tsm,ip-10-100-1-217,42,connect,[],3,-114,"[{'name': 'sockfd', 'type': 'int', 'value': 68}, {'name': 'addr', 'type': 'struct sockaddr*', 'value': ""{'sa_family': 'AF_INET','sin_port': '22','sin_addr': '192.168.21.137'}""}, {'name': 'addrlen', 'type': 'int', 'value': 16}]",1,1
487.080089,7555,7555,7548,1001,4026531840,tsm,ip-10-100-1-217,42,connect,[],3,-114,"[{'name': 'sockfd', 'type': 'int', 'value': 69}, {'name': 'addr', 'type': 'struct sockaddr*', 'value': ""{'sa_family': 'AF_INET','sin_port': '22','sin_addr': '192.168.21.138'}""}, {'name': 'addrlen', 'type': 'int', 'value': 16}]",1,1
487.080111,7555,7555,7548,1001,4026531840,tsm,ip-10-100-1-217,42,connect,[],3,-114,"[{'name': 'sockfd', 'type': 'int', 'value': 70}, {'name': 'addr', 'type': 'struct sockaddr*', 'value': ""{'sin_addr': '192.168.21.139','sa_family': 'AF_INET','sin_port': '22'}""}, {'name': 'addrlen', 'type': 'int', 'value': 16}]",1,1
487.080133,7555,7555,7548,1001,4026531840,tsm,ip-10-100-1-217,42,connect,[],3,-114,"[{'name': 'sockfd', 'type': 'int', 'value': 71}, {'name': 'addr', 'type': 'struct sockaddr*', 'value': ""{'sa_family': 'AF_INET','sin_port': '22','sin_addr': '192.168.21.140'}""}, {'name': 'addrlen', 'type': 'int', 'value': 16}]",1,1
487.080155,7555,7555,7548,1001,4026531840,tsm,ip-10-100-1-217,42,connect,[],3,-114,"[{'name': 'sockfd', 'type': 'int', 'value': 72}, {'name': 'addr', 'type': 'struct sockaddr*', 'value': ""{'sa_family': 'AF_INET','sin_port': '22','sin_addr': '192.168.21.141'}""}, {'name': 'addrlen', 'type': 'int', 'value': 16}]",1,1
487.080177,7555,7555,7548,1001,4026531840,tsm,ip-10-100-1-217,42,connect,[],3,-114,"[{'name': 'sockfd', 'type': 'int', 'value': 73}, {'name': 'addr', 'type': 'struct sockaddr*', 'value': ""{'sa_family': 'AF_INET','sin_port': '22','sin_addr': '192.168.21.142'}""}, {'name': 'addrlen', 'type': 'int', 'value': 16}]",1,1
487.080198,7555,7555,7548,1001,4026531840,tsm,ip-10-100-1-217,42,connect,[],3,-114,"[{'name': 'sockfd', 'type': 'int', 'value': 74}, {'name': 'addr', 'type': 'struct sockaddr*', 'value': ""{'sa_family': 'AF_INET','sin_port': '22','sin_addr': '192.168.21.143'}""}, {'name': 'addrlen', 'type': 'int', 'value': 16}]",1,1
487.08022,7555,7555,7548,1001,4026531840,tsm,ip-10-100-1-217,42,connect,[],3,-114,"[{'name': 'sockfd', 'type': 'int', 'value': 75}, {'name': 'addr', 'type': 'struct sockaddr*', 'value': ""{'sa_family': 'AF_INET','sin_port': '22','sin_addr': '192.168.21.144'}""}, {'name': 'addrlen', 'type': 'int', 'value': 16}]",1,1
487.080243,7555,7555,7548,1001,4026531840,tsm,ip-10-100-1-217,42,connect,[],3,-114,"[{'name': 'sockfd', 'type': 'int', 'value': 76}, {'name': 'addr', 'type': 'struct sockaddr*', 'value': ""{'sin_addr': '192.168.21.145','sa_family': 'AF_INET','sin_port': '22'}""}, {'name': 'addrlen', 'type': 'int', 'value': 16}]",1,1
487.080278,7555,7555,7548,1001,4026531840,tsm,ip-10-100-1-217,42,connect,[],3,-114,"[{'name': 'sockfd', 'type': 'int', 'value': 77}, {'name': 'addr', 'type': 'struct sockaddr*', 'value': ""{'sa_family': 'AF_INET','sin_port': '22','sin_addr': '192.168.21.146'}""}, {'name': 'addrlen', 'type': 'int', 'value': 16}]",1,1
487.080299,7555,7555,7548,1001,4026531840,tsm,ip-10-100-1-217,42,connect,[],3,-114,"[{'name': 'sockfd', 'type': 'int', 'value': 78}, {'name': 'addr', 'type': 'struct sockaddr*', 'value': ""{'sa_family': 'AF_INET','sin_port': '22','sin_addr': '192.168.21.147'}""}, {'name': 'addrlen', 'type': 'int', 'value': 16}]",1,1
487.084006,7555,7555,7548,1001,4026531840,tsm,ip-10-100-1-217,42,connect,[],3,-114,"[{'name': 'sockfd', 'type': 'int', 'value': 79}, {'name': 'addr', 'type': 'struct sockaddr*', 'value': ""{'sa_family': 'AF_INET','sin_port': '22','sin_addr': '192.168.21.148'}""}, {'name': 'addrlen', 'type': 'int', 'value': 16}]",1,1
487.084038,7555,7555,7548,1001,4026531840,tsm,ip-10-100-1-217,42,connect,[],3,-114,"[{'name': 'sockfd', 'type': 'int', 'value': 80}, {'name': 'addr', 'type': 'struct sockaddr*', 'value': ""{'sin_addr': '192.168.21.149','sa_family': 'AF_INET','sin_port': '22'}""}, {'name': 'addrlen', 'type': 'int', 'value': 16}]",1,1
487.084061,7555,7555,7548,1001,4026531840,tsm,ip-10-100-1-217,42,connect,[],3,-114,"[{'name': 'sockfd', 'type': 'int', 'value': 81}, {'name': 'addr', 'type': 'struct sockaddr*', 'value': ""{'sa_family': 'AF_INET','sin_port': '22','sin_addr': '192.168.21.150'}""}, {'name': 'addrlen', 'type': 'int', 'value': 16}]",1,1
487.084083,7555,7555,7548,1001,4026531840,tsm,ip-10-100-1-217,42,connect,[],3,-114,"[{'name': 'sockfd', 'type': 'int', 'value': 82}, {'name': 'addr', 'type': 'struct sockaddr*', 'value': ""{'sa_family': 'AF_INET','sin_port': '22','sin_addr': '192.168.21.151'}""}, {'name': 'addrlen', 'type': 'int', 'value': 16}]",1,1
487.084105,7555,7555,7548,1001,4026531840,tsm,ip-10-100-1-217,42,connect,[],3,-114,"[{'name': 'sockfd', 'type': 'int', 'value': 83}, {'name': 'addr', 'type': 'struct sockaddr*', 'value': ""{'sa_family': 'AF_INET','sin_port': '22','sin_addr': '192.168.21.152'}""}, {'name': 'addrlen', 'type': 'int', 'value': 16}]",1,1
487.084127,7555,7555,7548,1001,4026531840,tsm,ip-10-100-1-217,42,connect,[],3,-114,"[{'name': 'sockfd', 'type': 'int', 'value': 84}, {'name': 'addr', 'type': 'struct sockaddr*', 'value': ""{'sa_family': 'AF_INET','sin_port': '22','sin_addr': '192.168.21.153'}""}, {'name': 'addrlen', 'type': 'int', 'value': 16}]",1,1
487.084149,7555,7555,7548,1001,4026531840,tsm,ip-10-100-1-217,42,connect,[],3,-114,"[{'name': 'sockfd', 'type': 'int', 'value': 85}, {'name': 'addr', 'type': 'struct sockaddr*', 'value': ""{'sa_family': 'AF_INET','sin_port': '22','sin_addr': '192.168.21.154'}""}, {'name': 'addrlen', 'type': 'int', 'value': 16}]",1,1
487.084171,7555,7555,7548,1001,4026531840,tsm,ip-10-100-1-217,42,connect,[],3,-114,"[{'name': 'sockfd', 'type': 'int', 'value': 86}, {'name': 'addr', 'type': 'struct sockaddr*', 'value': ""{'sin_addr': '192.168.21.155','sa_family': 'AF_INET','sin_port': '22'}""}, {'name': 'addrlen', 'type': 'int', 'value': 16}]",1,1
487.084193,7555,7555,7548,1001,4026531840,tsm,ip-10-100-1-217,42,connect,[],3,-114,"[{'name': 'sockfd', 'type': 'int', 'value': 87}, {'name': 'addr', 'type': 'struct sockaddr*', 'value': ""{'sa_family': 'AF_INET','sin_port': '22','sin_addr': '192.168.21.156'}""}, {'name': 'addrlen', 'type': 'int', 'value': 16}]",1,1
487.084215,7555,7555,7548,1001,4026531840,tsm,ip-10-100-1-217,42,connect,[],3,-114,"[{'name': 'sockfd', 'type': 'int', 'value': 88}, {'name': 'addr', 'type': 'struct sockaddr*', 'value': ""{'sa_family': 'AF_INET','sin_port': '22','sin_addr': '192.168.21.157'}""}, {'name': 'addrlen', 'type': 'int', 'value': 16}]",1,1
487.08425,7555,7555,7548,1001,4026531840,tsm,ip-10-100-1-217,42,connect,[],3,-114,"[{'name': 'sockfd', 'type': 'int', 'value': 89}, {'name': 'addr', 'type': 'struct sockaddr*', 'value': ""{'sa_family': 'AF_INET','sin_port': '22','sin_addr': '192.168.21.158'}""}, {'name': 'addrlen', 'type': 'int', 'value': 16}]",1,1
487.084275,7555,7555,7548,1001,4026531840,tsm,ip-10-100-1-217,42,connect,[],3,-114,"[{'name': 'sockfd', 'type': 'int', 'value': 90}, {'name': 'addr', 'type': 'struct sockaddr*', 'value': ""{'sa_family': 'AF_INET','sin_port': '22','sin_addr': '192.168.21.159'}""}, {'name': 'addrlen', 'type': 'int', 'value': 16}]",1,1
487.084297,7555,7555,7548,1001,4026531840,tsm,ip-10-100-1-217,42,connect,[],3,-114,"[{'name': 'sockfd', 'type': 'int', 'value': 91}, {'name': 'addr', 'type': 'struct sockaddr*', 'value': ""{'sa_family': 'AF_INET','sin_port': '22','sin_addr': '192.168.21.160'}""}, {'name': 'addrlen', 'type': 'int', 'value': 16}]",1,1
487.084319,7555,7555,7548,1001,4026531840,tsm,ip-10-100-1-217,42,connect,[],3,-114,"[{'name': 'sockfd', 'type': 'int', 'value': 92}, {'name': 'addr', 'type': 'struct sockaddr*', 'value': ""{'sa_family': 'AF_INET','sin_port': '22','sin_addr': '192.168.21.161'}""}, {'name': 'addrlen', 'type': 'int', 'value': 16}]",1,1
487.084341,7555,7555,7548,1001,4026531840,tsm,ip-10-100-1-217,42,connect,[],3,-114,"[{'name': 'sockfd', 'type': 'int', 'value': 93}, {'name': 'addr', 'type': 'struct sockaddr*', 'value': ""{'sa_family': 'AF_INET','sin_port': '22','sin_addr': '192.168.21.162'}""}, {'name': 'addrlen', 'type': 'int', 'value': 16}]",1,1
487.084363,7555,7555,7548,1001,4026531840,tsm,ip-10-100-1-217,42,connect,[],3,-114,"[{'name': 'sockfd', 'type': 'int', 'value': 94}, {'name': 'addr', 'type': 'struct sockaddr*', 'value': ""{'sa_family': 'AF_INET','sin_port': '22','sin_addr': '192.168.21.163'}""}, {'name': 'addrlen', 'type': 'int', 'value': 16}]",1,1
487.084385,7555,7555,7548,1001,4026531840,tsm,ip-10-100-1-217,42,connect,[],3,-114,"[{'name': 'sockfd', 'type': 'int', 'value': 95}, {'name': 'addr', 'type': 'struct sockaddr*', 'value': ""{'sa_family': 'AF_INET','sin_port': '22','sin_addr': '192.168.21.164'}""}, {'name': 'addrlen', 'type': 'int', 'value': 16}]",1,1
487.084407,7555,7555,7548,1001,4026531840,tsm,ip-10-100-1-217,42,connect,[],3,-114,"[{'name': 'sockfd', 'type': 'int', 'value': 96}, {'name': 'addr', 'type': 'struct sockaddr*', 'value': ""{'sa_family': 'AF_INET','sin_port': '22','sin_addr': '192.168.21.165'}""}, {'name': 'addrlen', 'type': 'int', 'value': 16}]",1,1
487.084429,7555,7555,7548,1001,4026531840,tsm,ip-10-100-1-217,42,connect,[],3,-114,"[{'name': 'sockfd', 'type': 'int', 'value': 97}, {'name': 'addr', 'type': 'struct sockaddr*', 'value': ""{'sa_family': 'AF_INET','sin_port': '22','sin_addr': '192.168.21.166'}""}, {'name': 'addrlen', 'type': 'int', 'value': 16}]",1,1
487.084452,7555,7555,7548,1001,4026531840,tsm,ip-10-100-1-217,42,connect,[],3,-114,"[{'name': 'sockfd', 'type': 'int', 'value': 98}, {'name': 'addr', 'type': 'struct sockaddr*', 'value': ""{'sa_family': 'AF_INET','sin_port': '22','sin_addr': '192.168.21.167'}""}, {'name': 'addrlen', 'type': 'int', 'value': 16}]",1,1
487.084474,7555,7555,7548,1001,4026531840,tsm,ip-10-100-1-217,42,connect,[],3,-114,"[{'name': 'sockfd', 'type': 'int', 'value': 99}, {'name': 'addr', 'type': 'struct sockaddr*', 'value': ""{'sa_family': 'AF_INET','sin_port': '22','sin_addr': '192.168.21.168'}""}, {'name': 'addrlen', 'type': 'int', 'value': 16}]",1,1
487.084496,7555,7555,7548,1001,4026531840,tsm,ip-10-100-1-217,42,connect,[],3,-114,"[{'name': 'sockfd', 'type': 'int', 'value': 100}, {'name': 'addr', 'type': 'struct sockaddr*', 'value': ""{'sa_family': 'AF_INET','sin_port': '22','sin_addr': '192.168.21.169'}""}, {'name': 'addrlen', 'type': 'int', 'value': 16}]",1,1
487.084518,7555,7555,7548,1001,4026531840,tsm,ip-10-100-1-217,42,connect,[],3,-114,"[{'name': 'sockfd', 'type': 'int', 'value': 101}, {'name': 'addr', 'type': 'struct sockaddr*', 'value': ""{'sa_family': 'AF_INET','sin_port': '22','sin_addr': '192.168.21.170'}""}, {'name': 'addrlen', 'type': 'int', 'value': 16}]",1,1
487.08454,7555,7555,7548,1001,4026531840,tsm,ip-10-100-1-217,42,connect,[],3,-114,"[{'name': 'sockfd', 'type': 'int', 'value': 102}, {'name': 'addr', 'type': 'struct sockaddr*', 'value': ""{'sin_addr': '192.168.21.171','sa_family': 'AF_INET','sin_port': '22'}""}, {'name': 'addrlen', 'type': 'int', 'value': 16}]",1,1
487.084562,7555,7555,7548,1001,4026531840,tsm,ip-10-100-1-217,42,connect,[],3,-114,"[{'name': 'sockfd', 'type': 'int', 'value': 103}, {'name': 'addr', 'type': 'struct sockaddr*', 'value': ""{'sa_family': 'AF_INET','sin_port': '22','sin_addr': '192.168.21.172'}""}, {'name': 'addrlen', 'type': 'int', 'value': 16}]",1,1
487.084585,7555,7555,7548,1001,4026531840,tsm,ip-10-100-1-217,42,connect,[],3,-114,"[{'name': 'sockfd', 'type': 'int', 'value': 104}, {'name': 'addr', 'type': 'struct sockaddr*', 'value': ""{'sin_port': '22','sin_addr': '192.168.21.173','sa_family': 'AF_INET'}""}, {'name': 'addrlen', 'type': 'int', 'value': 16}]",1,1
487.084607,7555,7555,7548,1001,4026531840,tsm,ip-10-100-1-217,42,connect,[],3,-114,"[{'name': 'sockfd', 'type': 'int', 'value': 105}, {'name': 'addr', 'type': 'struct sockaddr*', 'value': ""{'sin_addr': '192.168.21.174','sa_family': 'AF_INET','sin_port': '22'}""}, {'name': 'addrlen', 'type': 'int', 'value': 16}]",1,1
487.084629,7555,7555,7548,1001,4026531840,tsm,ip-10-100-1-217,42,connect,[],3,-114,"[{'name': 'sockfd', 'type': 'int', 'value': 106}, {'name': 'addr', 'type': 'struct sockaddr*', 'value': ""{'sa_family': 'AF_INET','sin_port': '22','sin_addr': '192.168.21.175'}""}, {'name': 'addrlen', 'type': 'int', 'value': 16}]",1,1
487.084651,7555,7555,7548,1001,4026531840,tsm,ip-10-100-1-217,42,connect,[],3,-114,"[{'name': 'sockfd', 'type': 'int', 'value': 107}, {'name': 'addr', 'type': 'struct sockaddr*', 'value': ""{'sa_family': 'AF_INET','sin_port': '22','sin_addr': '192.168.21.176'}""}, {'name': 'addrlen', 'type': 'int', 'value': 16}]",1,1
487.084673,7555,7555,7548,1001,4026531840,tsm,ip-10-100-1-217,42,connect,[],3,-114,"[{'name': 'sockfd', 'type': 'int', 'value': 108}, {'name': 'addr', 'type': 'struct sockaddr*', 'value': ""{'sin_port': '22','sin_addr': '192.168.21.177','sa_family': 'AF_INET'}""}, {'name': 'addrlen', 'type': 'int', 'value': 16}]",1,1
487.084695,7555,7555,7548,1001,4026531840,tsm,ip-10-100-1-217,42,connect,[],3,-114,"[{'name': 'sockfd', 'type': 'int', 'value': 109}, {'name': 'addr', 'type': 'struct sockaddr*', 'value': ""{'sin_port': '22','sin_addr': '192.168.21.178','sa_family': 'AF_INET'}""}, {'name': 'addrlen', 'type': 'int', 'value': 16}]",1,1
487.084717,7555,7555,7548,1001,4026531840,tsm,ip-10-100-1-217,42,connect,[],3,-114,"[{'name': 'sockfd', 'type': 'int', 'value': 110}, {'name': 'addr', 'type': 'struct sockaddr*', 'value': ""{'sa_family': 'AF_INET','sin_port': '22','sin_addr': '192.168.21.179'}""}, {'name': 'addrlen', 'type': 'int', 'value': 16}]",1,1
487.084739,7555,7555,7548,1001,4026531840,tsm,ip-10-100-1-217,42,connect,[],3,-114,"[{'name': 'sockfd', 'type': 'int', 'value': 111}, {'name': 'addr', 'type': 'struct sockaddr*', 'value': ""{'sa_family': 'AF_INET','sin_port': '22','sin_addr': '192.168.21.180'}""}, {'name': 'addrlen', 'type': 'int', 'value': 16}]",1,1
487.084761,7555,7555,7548,1001,4026531840,tsm,ip-10-100-1-217,42,connect,[],3,-114,"[{'name': 'sockfd', 'type': 'int', 'value': 112}, {'name': 'addr', 'type': 'struct sockaddr*', 'value': ""{'sa_family': 'AF_INET','sin_port': '22','sin_addr': '192.168.21.181'}""}, {'name': 'addrlen', 'type': 'int', 'value': 16}]",1,1
487.084783,7555,7555,7548,1001,4026531840,tsm,ip-10-100-1-217,42,connect,[],3,-114,"[{'name': 'sockfd', 'type': 'int', 'value': 113}, {'name': 'addr', 'type': 'struct sockaddr*', 'value': ""{'sa_family': 'AF_INET','sin_port': '22','sin_addr': '192.168.21.182'}""}, {'name': 'addrlen', 'type': 'int', 'value': 16}]",1,1
487.084805,7555,7555,7548,1001,4026531840,tsm,ip-10-100-1-217,42,connect,[],3,-114,"[{'name': 'sockfd', 'type': 'int', 'value': 114}, {'name': 'addr', 'type': 'struct sockaddr*', 'value': ""{'sa_family': 'AF_INET','sin_port': '22','sin_addr': '192.168.21.183'}""}, {'name': 'addrlen', 'type': 'int', 'value': 16}]",1,1
487.084827,7555,7555,7548,1001,4026531840,tsm,ip-10-100-1-217,42,connect,[],3,-114,"[{'name': 'sockfd', 'type': 'int', 'value': 115}, {'name': 'addr', 'type': 'struct sockaddr*', 'value': ""{'sa_family': 'AF_INET','sin_port': '22','sin_addr': '192.168.21.184'}""}, {'name': 'addrlen', 'type': 'int', 'value': 16}]",1,1
487.084849,7555,7555,7548,1001,4026531840,tsm,ip-10-100-1-217,42,connect,[],3,-114,"[{'name': 'sockfd', 'type': 'int', 'value': 116}, {'name': 'addr', 'type': 'struct sockaddr*', 'value': ""{'sa_family': 'AF_INET','sin_port': '22','sin_addr': '192.168.21.185'}""}, {'name': 'addrlen', 'type': 'int', 'value': 16}]",1,1
487.084871,7555,7555,7548,1001,4026531840,tsm,ip-10-100-1-217,42,connect,[],3,-114,"[{'name': 'sockfd', 'type': 'int', 'value': 117}, {'name': 'addr', 'type': 'struct sockaddr*', 'value': ""{'sa_family': 'AF_INET','sin_port': '22','sin_addr': '192.168.21.186'}""}, {'name': 'addrlen', 'type': 'int', 'value': 16}]",1,1
487.084896,7555,7555,7548,1001,4026531840,tsm,ip-10-100-1-217,42,connect,[],3,-114,"[{'name': 'sockfd', 'type': 'int', 'value': 118}, {'name': 'addr', 'type': 'struct sockaddr*', 'value': ""{'sin_addr': '192.168.21.187','sa_family': 'AF_INET','sin_port': '22'}""}, {'name': 'addrlen', 'type': 'int', 'value': 16}]",1,1
487.084918,7555,7555,7548,1001,4026531840,tsm,ip-10-100-1-217,42,connect,[],3,-114,"[{'name': 'sockfd', 'type': 'int', 'value': 119}, {'name': 'addr', 'type': 'struct sockaddr*', 'value': ""{'sin_addr': '192.168.21.188','sa_family': 'AF_INET','sin_port': '22'}""}, {'name': 'addrlen', 'type': 'int', 'value': 16}]",1,1
487.08494,7555,7555,7548,1001,4026531840,tsm,ip-10-100-1-217,42,connect,[],3,-114,"[{'name': 'sockfd', 'type': 'int', 'value': 120}, {'name': 'addr', 'type': 'struct sockaddr*', 'value': ""{'sa_family': 'AF_INET','sin_port': '22','sin_addr': '192.168.21.189'}""}, {'name': 'addrlen', 'type': 'int', 'value': 16}]",1,1
487.084962,7555,7555,7548,1001,4026531840,tsm,ip-10-100-1-217,42,connect,[],3,-114,"[{'name': 'sockfd', 'type': 'int', 'value': 121}, {'name': 'addr', 'type': 'struct sockaddr*', 'value': ""{'sa_family': 'AF_INET','sin_port': '22','sin_addr': '192.168.21.190'}""}, {'name': 'addrlen', 'type': 'int', 'value': 16}]",1,1
487.084985,7555,7555,7548,1001,4026531840,tsm,ip-10-100-1-217,42,connect,[],3,-114,"[{'name': 'sockfd', 'type': 'int', 'value': 122}, {'name': 'addr', 'type': 'struct sockaddr*', 'value': ""{'sa_family': 'AF_INET','sin_port': '22','sin_addr': '192.168.21.191'}""}, {'name': 'addrlen', 'type': 'int', 'value': 16}]",1,1
487.085007,7555,7555,7548,1001,4026531840,tsm,ip-10-100-1-217,42,connect,[],3,-114,"[{'name': 'sockfd', 'type': 'int', 'value': 123}, {'name': 'addr', 'type': 'struct sockaddr*', 'value': ""{'sin_addr': '192.168.21.192','sa_family': 'AF_INET','sin_port': '22'}""}, {'name': 'addrlen', 'type': 'int', 'value': 16}]",1,1
487.085029,7555,7555,7548,1001,4026531840,tsm,ip-10-100-1-217,42,connect,[],3,-114,"[{'name': 'sockfd', 'type': 'int', 'value': 124}, {'name': 'addr', 'type': 'struct sockaddr*', 'value': ""{'sa_family': 'AF_INET','sin_port': '22','sin_addr': '192.168.21.193'}""}, {'name': 'addrlen', 'type': 'int', 'value': 16}]",1,1
487.085051,7555,7555,7548,1001,4026531840,tsm,ip-10-100-1-217,42,connect,[],3,-114,"[{'name': 'sockfd', 'type': 'int', 'value': 125}, {'name': 'addr', 'type': 'struct sockaddr*', 'value': ""{'sa_family': 'AF_INET','sin_port': '22','sin_addr': '192.168.21.194'}""}, {'name': 'addrlen', 'type': 'int', 'value': 16}]",1,1
487.085073,7555,7555,7548,1001,4026531840,tsm,ip-10-100-1-217,42,connect,[],3,-114,"[{'name': 'sockfd', 'type': 'int', 'value': 126}, {'name': 'addr', 'type': 'struct sockaddr*', 'value': ""{'sin_port': '22','sin_addr': '192.168.21.195','sa_family': 'AF_INET'}""}, {'name': 'addrlen', 'type': 'int', 'value': 16}]",1,1
487.085095,7555,7555,7548,1001,4026531840,tsm,ip-10-100-1-217,42,connect,[],3,-114,"[{'name': 'sockfd', 'type': 'int', 'value': 127}, {'name': 'addr', 'type': 'struct sockaddr*', 'value': ""{'sa_family': 'AF_INET','sin_port': '22','sin_addr': '192.168.21.196'}""}, {'name': 'addrlen', 'type': 'int', 'value': 16}]",1,1
487.085117,7555,7555,7548,1001,4026531840,tsm,ip-10-100-1-217,42,connect,[],3,-114,"[{'name': 'sockfd', 'type': 'int', 'value': 128}, {'name': 'addr', 'type': 'struct sockaddr*', 'value': ""{'sa_family': 'AF_INET','sin_port': '22','sin_addr': '192.168.21.197'}""}, {'name': 'addrlen', 'type': 'int', 'value': 16}]",1,1
487.085139,7555,7555,7548,1001,4026531840,tsm,ip-10-100-1-217,42,connect,[],3,-114,"[{'name': 'sockfd', 'type': 'int', 'value': 129}, {'name': 'addr', 'type': 'struct sockaddr*', 'value': ""{'sin_addr': '192.168.21.198','sa_family': 'AF_INET','sin_port': '22'}""}, {'name': 'addrlen', 'type': 'int', 'value': 16}]",1,1
487.085161,7555,7555,7548,1001,4026531840,tsm,ip-10-100-1-217,42,connect,[],3,-114,"[{'name': 'sockfd', 'type': 'int', 'value': 130}, {'name': 'addr', 'type': 'struct sockaddr*', 'value': ""{'sin_port': '22','sin_addr': '192.168.21.199','sa_family': 'AF_INET'}""}, {'name': 'addrlen', 'type': 'int', 'value': 16}]",1,1
487.085183,7555,7555,7548,1001,4026531840,tsm,ip-10-100-1-217,42,connect,[],3,-114,"[{'name': 'sockfd', 'type': 'int', 'value': 131}, {'name': 'addr', 'type': 'struct sockaddr*', 'value': ""{'sa_family': 'AF_INET','sin_port': '22','sin_addr': '192.168.21.200'}""}, {'name': 'addrlen', 'type': 'int', 'value': 16}]",1,1
487.085205,7555,7555,7548,1001,4026531840,tsm,ip-10-100-1-217,42,connect,[],3,-114,"[{'name': 'sockfd', 'type': 'int', 'value': 132}, {'name': 'addr', 'type': 'struct sockaddr*', 'value': ""{'sa_family': 'AF_INET','sin_port': '22','sin_addr': '192.168.21.201'}""}, {'name': 'addrlen', 'type': 'int', 'value': 16}]",1,1
487.085228,7555,7555,7548,1001,4026531840,tsm,ip-10-100-1-217,42,connect,[],3,-114,"[{'name': 'sockfd', 'type': 'int', 'value': 133}, {'name': 'addr', 'type': 'struct sockaddr*', 'value': ""{'sa_family': 'AF_INET','sin_port': '22','sin_addr': '192.168.21.202'}""}, {'name': 'addrlen', 'type': 'int', 'value': 16}]",1,1
487.08525,7555,7555,7548,1001,4026531840,tsm,ip-10-100-1-217,42,connect,[],3,-114,"[{'name': 'sockfd', 'type': 'int', 'value': 134}, {'name': 'addr', 'type': 'struct sockaddr*', 'value': ""{'sa_family': 'AF_INET','sin_port': '22','sin_addr': '192.168.21.203'}""}, {'name': 'addrlen', 'type': 'int', 'value': 16}]",1,1
487.085272,7555,7555,7548,1001,4026531840,tsm,ip-10-100-1-217,42,connect,[],3,-114,"[{'name': 'sockfd', 'type': 'int', 'value': 135}, {'name': 'addr', 'type': 'struct sockaddr*', 'value': ""{'sa_family': 'AF_INET','sin_port': '22','sin_addr': '192.168.21.204'}""}, {'name': 'addrlen', 'type': 'int', 'value': 16}]",1,1
487.085294,7555,7555,7548,1001,4026531840,tsm,ip-10-100-1-217,42,connect,[],3,-114,"[{'name': 'sockfd', 'type': 'int', 'value': 136}, {'name': 'addr', 'type': 'struct sockaddr*', 'value': ""{'sa_family': 'AF_INET','sin_port': '22','sin_addr': '192.168.21.205'}""}, {'name': 'addrlen', 'type': 'int', 'value': 16}]",1,1
487.085316,7555,7555,7548,1001,4026531840,tsm,ip-10-100-1-217,42,connect,[],3,-114,"[{'name': 'sockfd', 'type': 'int', 'value': 137}, {'name': 'addr', 'type': 'struct sockaddr*', 'value': ""{'sa_family': 'AF_INET','sin_port': '22','sin_addr': '192.168.21.206'}""}, {'name': 'addrlen', 'type': 'int', 'value': 16}]",1,1
487.085338,7555,7555,7548,1001,4026531840,tsm,ip-10-100-1-217,42,connect,[],3,-114,"[{'name': 'sockfd', 'type': 'int', 'value': 138}, {'name': 'addr', 'type': 'struct sockaddr*', 'value': ""{'sa_family': 'AF_INET','sin_port': '22','sin_addr': '192.168.21.207'}""}, {'name': 'addrlen', 'type': 'int', 'value': 16}]",1,1
487.08536,7555,7555,7548,1001,4026531840,tsm,ip-10-100-1-217,42,connect,[],3,-114,"[{'name': 'sockfd', 'type': 'int', 'value': 139}, {'name': 'addr', 'type': 'struct sockaddr*', 'value': ""{'sa_family': 'AF_INET','sin_port': '22','sin_addr': '192.168.21.208'}""}, {'name': 'addrlen', 'type': 'int', 'value': 16}]",1,1
487.085382,7555,7555,7548,1001,4026531840,tsm,ip-10-100-1-217,42,connect,[],3,-114,"[{'name': 'sockfd', 'type': 'int', 'value': 140}, {'name': 'addr', 'type': 'struct sockaddr*', 'value': ""{'sin_port': '22','sin_addr': '192.168.21.209','sa_family': 'AF_INET'}""}, {'name': 'addrlen', 'type': 'int', 'value': 16}]",1,1
487.085405,7555,7555,7548,1001,4026531840,tsm,ip-10-100-1-217,42,connect,[],3,-114,"[{'name': 'sockfd', 'type': 'int', 'value': 141}, {'name': 'addr', 'type': 'struct sockaddr*', 'value': ""{'sin_addr': '192.168.21.210','sa_family': 'AF_INET','sin_port': '22'}""}, {'name': 'addrlen', 'type': 'int', 'value': 16}]",1,1
487.085427,7555,7555,7548,1001,4026531840,tsm,ip-10-100-1-217,42,connect,[],3,-114,"[{'name': 'sockfd', 'type': 'int', 'value': 142}, {'name': 'addr', 'type': 'struct sockaddr*', 'value': ""{'sin_addr': '192.168.21.211','sa_family': 'AF_INET','sin_port': '22'}""}, {'name': 'addrlen', 'type': 'int', 'value': 16}]",1,1
487.085449,7555,7555,7548,1001,4026531840,tsm,ip-10-100-1-217,42,connect,[],3,-114,"[{'name': 'sockfd', 'type': 'int', 'value': 143}, {'name': 'addr', 'type': 'struct sockaddr*', 'value': ""{'sin_port': '22','sin_addr': '192.168.21.212','sa_family': 'AF_INET'}""}, {'name': 'addrlen', 'type': 'int', 'value': 16}]",1,1
487.085471,7555,7555,7548,1001,4026531840,tsm,ip-10-100-1-217,42,connect,[],3,-114,"[{'name': 'sockfd', 'type': 'int', 'value': 144}, {'name': 'addr', 'type': 'struct sockaddr*', 'value': ""{'sa_family': 'AF_INET','sin_port': '22','sin_addr': '192.168.21.213'}""}, {'name': 'addrlen', 'type': 'int', 'value': 16}]",1,1
487.085493,7555,7555,7548,1001,4026531840,tsm,ip-10-100-1-217,42,connect,[],3,-114,"[{'name': 'sockfd', 'type': 'int', 'value': 145}, {'name': 'addr', 'type': 'struct sockaddr*', 'value': ""{'sin_addr': '192.168.21.214','sa_family': 'AF_INET','sin_port': '22'}""}, {'name': 'addrlen', 'type': 'int', 'value': 16}]",1,1
487.085515,7555,7555,7548,1001,4026531840,tsm,ip-10-100-1-217,42,connect,[],3,-114,"[{'name': 'sockfd', 'type': 'int', 'value': 146}, {'name': 'addr', 'type': 'struct sockaddr*', 'value': ""{'sa_family': 'AF_INET','sin_port': '22','sin_addr': '192.168.21.215'}""}, {'name': 'addrlen', 'type': 'int', 'value': 16}]",1,1
487.085537,7555,7555,7548,1001,4026531840,tsm,ip-10-100-1-217,42,connect,[],3,-114,"[{'name': 'sockfd', 'type': 'int', 'value': 147}, {'name': 'addr', 'type': 'struct sockaddr*', 'value': ""{'sin_port': '22','sin_addr': '192.168.21.216','sa_family': 'AF_INET'}""}, {'name': 'addrlen', 'type': 'int', 'value': 16}]",1,1
487.085559,7555,7555,7548,1001,4026531840,tsm,ip-10-100-1-217,42,connect,[],3,-114,"[{'name': 'sockfd', 'type': 'int', 'value': 148}, {'name': 'addr', 'type': 'struct sockaddr*', 'value': ""{'sa_family': 'AF_INET','sin_port': '22','sin_addr': '192.168.21.217'}""}, {'name': 'addrlen', 'type': 'int', 'value': 16}]",1,1
487.085581,7555,7555,7548,1001,4026531840,tsm,ip-10-100-1-217,42,connect,[],3,-114,"[{'name': 'sockfd', 'type': 'int', 'value': 149}, {'name': 'addr', 'type': 'struct sockaddr*', 'value': ""{'sin_port': '22','sin_addr': '192.168.21.218','sa_family': 'AF_INET'}""}, {'name': 'addrlen', 'type': 'int', 'value': 16}]",1,1
487.085603,7555,7555,7548,1001,4026531840,tsm,ip-10-100-1-217,42,connect,[],3,-114,"[{'name': 'sockfd', 'type': 'int', 'value': 150}, {'name': 'addr', 'type': 'struct sockaddr*', 'value': ""{'sa_family': 'AF_INET','sin_port': '22','sin_addr': '192.168.21.219'}""}, {'name': 'addrlen', 'type': 'int', 'value': 16}]",1,1
487.085625,7555,7555,7548,1001,4026531840,tsm,ip-10-100-1-217,42,connect,[],3,-114,"[{'name': 'sockfd', 'type': 'int', 'value': 151}, {'name': 'addr', 'type': 'struct sockaddr*', 'value': ""{'sa_family': 'AF_INET','sin_port': '22','sin_addr': '192.168.21.220'}""}, {'name': 'addrlen', 'type': 'int', 'value': 16}]",1,1
487.085648,7555,7555,7548,1001,4026531840,tsm,ip-10-100-1-217,42,connect,[],3,-114,"[{'name': 'sockfd', 'type': 'int', 'value': 152}, {'name': 'addr', 'type': 'struct sockaddr*', 'value': ""{'sa_family': 'AF_INET','sin_port': '22','sin_addr': '192.168.21.221'}""}, {'name': 'addrlen', 'type': 'int', 'value': 16}]",1,1
487.085673,7555,7555,7548,1001,4026531840,tsm,ip-10-100-1-217,42,connect,[],3,-114,"[{'name': 'sockfd', 'type': 'int', 'value': 153}, {'name': 'addr', 'type': 'struct sockaddr*', 'value': ""{'sin_port': '22','sin_addr': '192.168.21.222','sa_family': 'AF_INET'}""}, {'name': 'addrlen', 'type': 'int', 'value': 16}]",1,1
487.085696,7555,7555,7548,1001,4026531840,tsm,ip-10-100-1-217,42,connect,[],3,-114,"[{'name': 'sockfd', 'type': 'int', 'value': 154}, {'name': 'addr', 'type': 'struct sockaddr*', 'value': ""{'sa_family': 'AF_INET','sin_port': '22','sin_addr': '192.168.21.223'}""}, {'name': 'addrlen', 'type': 'int', 'value': 16}]",1,1
487.085718,7555,7555,7548,1001,4026531840,tsm,ip-10-100-1-217,42,connect,[],3,-114,"[{'name': 'sockfd', 'type': 'int', 'value': 155}, {'name': 'addr', 'type': 'struct sockaddr*', 'value': ""{'sin_addr': '192.168.21.224','sa_family': 'AF_INET','sin_port': '22'}""}, {'name': 'addrlen', 'type': 'int', 'value': 16}]",1,1
487.08574,7555,7555,7548,1001,4026531840,tsm,ip-10-100-1-217,42,connect,[],3,-114,"[{'name': 'sockfd', 'type': 'int', 'value': 156}, {'name': 'addr', 'type': 'struct sockaddr*', 'value': ""{'sa_family': 'AF_INET','sin_port': '22','sin_addr': '192.168.21.225'}""}, {'name': 'addrlen', 'type': 'int', 'value': 16}]",1,1
487.085762,7555,7555,7548,1001,4026531840,tsm,ip-10-100-1-217,42,connect,[],3,-114,"[{'name': 'sockfd', 'type': 'int', 'value': 157}, {'name': 'addr', 'type': 'struct sockaddr*', 'value': ""{'sa_family': 'AF_INET','sin_port': '22','sin_addr': '192.168.21.226'}""}, {'name': 'addrlen', 'type': 'int', 'value': 16}]",1,1
487.085784,7555,7555,7548,1001,4026531840,tsm,ip-10-100-1-217,42,connect,[],3,-114,"[{'name': 'sockfd', 'type': 'int', 'value': 158}, {'name': 'addr', 'type': 'struct sockaddr*', 'value': ""{'sa_family': 'AF_INET','sin_port': '22','sin_addr': '192.168.21.227'}""}, {'name': 'addrlen', 'type': 'int', 'value': 16}]",1,1
487.085807,7555,7555,7548,1001,4026531840,tsm,ip-10-100-1-217,42,connect,[],3,-114,"[{'name': 'sockfd', 'type': 'int', 'value': 159}, {'name': 'addr', 'type': 'struct sockaddr*', 'value': ""{'sa_family': 'AF_INET','sin_port': '22','sin_addr': '192.168.21.228'}""}, {'name': 'addrlen', 'type': 'int', 'value': 16}]",1,1
487.085829,7555,7555,7548,1001,4026531840,tsm,ip-10-100-1-217,42,connect,[],3,-114,"[{'name': 'sockfd', 'type': 'int', 'value': 160}, {'name': 'addr', 'type': 'struct sockaddr*', 'value': ""{'sa_family': 'AF_INET','sin_port': '22','sin_addr': '192.168.21.229'}""}, {'name': 'addrlen', 'type': 'int', 'value': 16}]",1,1
487.085851,7555,7555,7548,1001,4026531840,tsm,ip-10-100-1-217,42,connect,[],3,-114,"[{'name': 'sockfd', 'type': 'int', 'value': 161}, {'name': 'addr', 'type': 'struct sockaddr*', 'value': ""{'sa_family': 'AF_INET','sin_port': '22','sin_addr': '192.168.21.230'}""}, {'name': 'addrlen', 'type': 'int', 'value': 16}]",1,1
487.085873,7555,7555,7548,1001,4026531840,tsm,ip-10-100-1-217,42,connect,[],3,-114,"[{'name': 'sockfd', 'type': 'int', 'value': 162}, {'name': 'addr', 'type': 'struct sockaddr*', 'value': ""{'sa_family': 'AF_INET','sin_port': '22','sin_addr': '192.168.21.231'}""}, {'name': 'addrlen', 'type': 'int', 'value': 16}]",1,1
487.085895,7555,7555,7548,1001,4026531840,tsm,ip-10-100-1-217,42,connect,[],3,-114,"[{'name': 'sockfd', 'type': 'int', 'value': 163}, {'name': 'addr', 'type': 'struct sockaddr*', 'value': ""{'sin_addr': '192.168.21.232','sa_family': 'AF_INET','sin_port': '22'}""}, {'name': 'addrlen', 'type': 'int', 'value': 16}]",1,1
487.085917,7555,7555,7548,1001,4026531840,tsm,ip-10-100-1-217,42,connect,[],3,-114,"[{'name': 'sockfd', 'type': 'int', 'value': 164}, {'name': 'addr', 'type': 'struct sockaddr*', 'value': ""{'sa_family': 'AF_INET','sin_port': '22','sin_addr': '192.168.21.233'}""}, {'name': 'addrlen', 'type': 'int', 'value': 16}]",1,1
487.085939,7555,7555,7548,1001,4026531840,tsm,ip-10-100-1-217,42,connect,[],3,-114,"[{'name': 'sockfd', 'type': 'int', 'value': 165}, {'name': 'addr', 'type': 'struct sockaddr*', 'value': ""{'sa_family': 'AF_INET','sin_port': '22','sin_addr': '192.168.21.234'}""}, {'name': 'addrlen', 'type': 'int', 'value': 16}]",1,1
487.085961,7555,7555,7548,1001,4026531840,tsm,ip-10-100-1-217,42,connect,[],3,-114,"[{'name': 'sockfd', 'type': 'int', 'value': 166}, {'name': 'addr', 'type': 'struct sockaddr*', 'value': ""{'sa_family': 'AF_INET','sin_port': '22','sin_addr': '192.168.21.235'}""}, {'name': 'addrlen', 'type': 'int', 'value': 16}]",1,1
487.085984,7555,7555,7548,1001,4026531840,tsm,ip-10-100-1-217,42,connect,[],3,-114,"[{'name': 'sockfd', 'type': 'int', 'value': 167}, {'name': 'addr', 'type': 'struct sockaddr*', 'value': ""{'sin_addr': '192.168.21.236','sa_family': 'AF_INET','sin_port': '22'}""}, {'name': 'addrlen', 'type': 'int', 'value': 16}]",1,1
487.086006,7555,7555,7548,1001,4026531840,tsm,ip-10-100-1-217,42,connect,[],3,-114,"[{'name': 'sockfd', 'type': 'int', 'value': 168}, {'name': 'addr', 'type': 'struct sockaddr*', 'value': ""{'sa_family': 'AF_INET','sin_port': '22','sin_addr': '192.168.21.237'}""}, {'name': 'addrlen', 'type': 'int', 'value': 16}]",1,1
487.086028,7555,7555,7548,1001,4026531840,tsm,ip-10-100-1-217,42,connect,[],3,-114,"[{'name': 'sockfd', 'type': 'int', 'value': 169}, {'name': 'addr', 'type': 'struct sockaddr*', 'value': ""{'sa_family': 'AF_INET','sin_port': '22','sin_addr': '192.168.21.238'}""}, {'name': 'addrlen', 'type': 'int', 'value': 16}]",1,1
487.08605,7555,7555,7548,1001,4026531840,tsm,ip-10-100-1-217,42,connect,[],3,-114,"[{'name': 'sockfd', 'type': 'int', 'value': 170}, {'name': 'addr', 'type': 'struct sockaddr*', 'value': ""{'sa_family': 'AF_INET','sin_port': '22','sin_addr': '192.168.21.239'}""}, {'name': 'addrlen', 'type': 'int', 'value': 16}]",1,1
487.086072,7555,7555,7548,1001,4026531840,tsm,ip-10-100-1-217,42,connect,[],3,-114,"[{'name': 'sockfd', 'type': 'int', 'value': 171}, {'name': 'addr', 'type': 'struct sockaddr*', 'value': ""{'sin_port': '22','sin_addr': '192.168.21.240','sa_family': 'AF_INET'}""}, {'name': 'addrlen', 'type': 'int', 'value': 16}]",1,1
487.086095,7555,7555,7548,1001,4026531840,tsm,ip-10-100-1-217,42,connect,[],3,-114,"[{'name': 'sockfd', 'type': 'int', 'value': 172}, {'name': 'addr', 'type': 'struct sockaddr*', 'value': ""{'sa_family': 'AF_INET','sin_port': '22','sin_addr': '192.168.21.241'}""}, {'name': 'addrlen', 'type': 'int', 'value': 16}]",1,1
487.086117,7555,7555,7548,1001,4026531840,tsm,ip-10-100-1-217,42,connect,[],3,-114,"[{'name': 'sockfd', 'type': 'int', 'value': 173}, {'name': 'addr', 'type': 'struct sockaddr*', 'value': ""{'sa_family': 'AF_INET','sin_port': '22','sin_addr': '192.168.21.242'}""}, {'name': 'addrlen', 'type': 'int', 'value': 16}]",1,1
487.086139,7555,7555,7548,1001,4026531840,tsm,ip-10-100-1-217,42,connect,[],3,-114,"[{'name': 'sockfd', 'type': 'int', 'value': 174}, {'name': 'addr', 'type': 'struct sockaddr*', 'value': ""{'sa_family': 'AF_INET','sin_port': '22','sin_addr': '192.168.21.243'}""}, {'name': 'addrlen', 'type': 'int', 'value': 16}]",1,1
487.086161,7555,7555,7548,1001,4026531840,tsm,ip-10-100-1-217,42,connect,[],3,-114,"[{'name': 'sockfd', 'type': 'int', 'value': 175}, {'name': 'addr', 'type': 'struct sockaddr*', 'value': ""{'sa_family': 'AF_INET','sin_port': '22','sin_addr': '192.168.21.244'}""}, {'name': 'addrlen', 'type': 'int', 'value': 16}]",1,1
487.086183,7555,7555,7548,1001,4026531840,tsm,ip-10-100-1-217,42,connect,[],3,-114,"[{'name': 'sockfd', 'type': 'int', 'value': 176}, {'name': 'addr', 'type': 'struct sockaddr*', 'value': ""{'sa_family': 'AF_INET','sin_port': '22','sin_addr': '192.168.21.245'}""}, {'name': 'addrlen', 'type': 'int', 'value': 16}]",1,1
487.086205,7555,7555,7548,1001,4026531840,tsm,ip-10-100-1-217,42,connect,[],3,-114,"[{'name': 'sockfd', 'type': 'int', 'value': 177}, {'name': 'addr', 'type': 'struct sockaddr*', 'value': ""{'sa_family': 'AF_INET','sin_port': '22','sin_addr': '192.168.18.211'}""}, {'name': 'addrlen', 'type': 'int', 'value': 16}]",1,1
487.086228,7555,7555,7548,1001,4026531840,tsm,ip-10-100-1-217,42,connect,[],3,-114,"[{'name': 'sockfd', 'type': 'int', 'value': 178}, {'name': 'addr', 'type': 'struct sockaddr*', 'value': ""{'sa_family': 'AF_INET','sin_port': '22','sin_addr': '192.168.18.212'}""}, {'name': 'addrlen', 'type': 'int', 'value': 16}]",1,1
487.08625,7555,7555,7548,1001,4026531840,tsm,ip-10-100-1-217,42,connect,[],3,-114,"[{'name': 'sockfd', 'type': 'int', 'value': 179}, {'name': 'addr', 'type': 'struct sockaddr*', 'value': ""{'sin_addr': '192.168.18.213','sa_family': 'AF_INET','sin_port': '22'}""}, {'name': 'addrlen', 'type': 'int', 'value': 16}]",1,1
487.086272,7555,7555,7548,1001,4026531840,tsm,ip-10-100-1-217,42,connect,[],3,-114,"[{'name': 'sockfd', 'type': 'int', 'value': 180}, {'name': 'addr', 'type': 'struct sockaddr*', 'value': ""{'sa_family': 'AF_INET','sin_port': '22','sin_addr': '192.168.18.214'}""}, {'name': 'addrlen', 'type': 'int', 'value': 16}]",1,1
487.086296,7555,7555,7548,1001,4026531840,tsm,ip-10-100-1-217,42,connect,[],3,-114,"[{'name': 'sockfd', 'type': 'int', 'value': 181}, {'name': 'addr', 'type': 'struct sockaddr*', 'value': ""{'sa_family': 'AF_INET','sin_port': '22','sin_addr': '192.168.18.215'}""}, {'name': 'addrlen', 'type': 'int', 'value': 16}]",1,1
487.086318,7555,7555,7548,1001,4026531840,tsm,ip-10-100-1-217,42,connect,[],3,-114,"[{'name': 'sockfd', 'type': 'int', 'value': 182}, {'name': 'addr', 'type': 'struct sockaddr*', 'value': ""{'sin_port': '22','sin_addr': '192.168.18.216','sa_family': 'AF_INET'}""}, {'name': 'addrlen', 'type': 'int', 'value': 16}]",1,1
487.086341,7555,7555,7548,1001,4026531840,tsm,ip-10-100-1-217,42,connect,[],3,-114,"[{'name': 'sockfd', 'type': 'int', 'value': 183}, {'name': 'addr', 'type': 'struct sockaddr*', 'value': ""{'sa_family': 'AF_INET','sin_port': '22','sin_addr': '192.168.18.217'}""}, {'name': 'addrlen', 'type': 'int', 'value': 16}]",1,1
487.086363,7555,7555,7548,1001,4026531840,tsm,ip-10-100-1-217,42,connect,[],3,-114,"[{'name': 'sockfd', 'type': 'int', 'value': 184}, {'name': 'addr', 'type': 'struct sockaddr*', 'value': ""{'sa_family': 'AF_INET','sin_port': '22','sin_addr': '192.168.18.218'}""}, {'name': 'addrlen', 'type': 'int', 'value': 16}]",1,1
487.086385,7555,7555,7548,1001,4026531840,tsm,ip-10-100-1-217,42,connect,[],3,-114,"[{'name': 'sockfd', 'type': 'int', 'value': 185}, {'name': 'addr', 'type': 'struct sockaddr*', 'value': ""{'sa_family': 'AF_INET','sin_port': '22','sin_addr': '192.168.18.219'}""}, {'name': 'addrlen', 'type': 'int', 'value': 16}]",1,1
487.086407,7555,7555,7548,1001,4026531840,tsm,ip-10-100-1-217,42,connect,[],3,-114,"[{'name': 'sockfd', 'type': 'int', 'value': 186}, {'name': 'addr', 'type': 'struct sockaddr*', 'value': ""{'sa_family': 'AF_INET','sin_port': '22','sin_addr': '192.168.18.220'}""}, {'name': 'addrlen', 'type': 'int', 'value': 16}]",1,1
487.086429,7555,7555,7548,1001,4026531840,tsm,ip-10-100-1-217,42,connect,[],3,-114,"[{'name': 'sockfd', 'type': 'int', 'value': 187}, {'name': 'addr', 'type': 'struct sockaddr*', 'value': ""{'sa_family': 'AF_INET','sin_port': '22','sin_addr': '192.168.18.221'}""}, {'name': 'addrlen', 'type': 'int', 'value': 16}]",1,1
487.086451,7555,7555,7548,1001,4026531840,tsm,ip-10-100-1-217,42,connect,[],3,-114,"[{'name': 'sockfd', 'type': 'int', 'value': 188}, {'name': 'addr', 'type': 'struct sockaddr*', 'value': ""{'sa_family': 'AF_INET','sin_port': '22','sin_addr': '192.168.18.222'}""}, {'name': 'addrlen', 'type': 'int', 'value': 16}]",1,1
487.089007,7555,7555,7548,1001,4026531840,tsm,ip-10-100-1-217,42,connect,[],3,-114,"[{'name': 'sockfd', 'type': 'int', 'value': 189}, {'name': 'addr', 'type': 'struct sockaddr*', 'value': ""{'sa_family': 'AF_INET','sin_port': '22','sin_addr': '192.168.18.223'}""}, {'name': 'addrlen', 'type': 'int', 'value': 16}]",1,1
487.089038,7555,7555,7548,1001,4026531840,tsm,ip-10-100-1-217,42,connect,[],3,-114,"[{'name': 'sockfd', 'type': 'int', 'value': 190}, {'name': 'addr', 'type': 'struct sockaddr*', 'value': ""{'sin_port': '22','sin_addr': '192.168.18.224','sa_family': 'AF_INET'}""}, {'name': 'addrlen', 'type': 'int', 'value': 16}]",1,1
487.089063,7555,7555,7548,1001,4026531840,tsm,ip-10-100-1-217,42,connect,[],3,-114,"[{'name': 'sockfd', 'type': 'int', 'value': 191}, {'name': 'addr', 'type': 'struct sockaddr*', 'value': ""{'sa_family': 'AF_INET','sin_port': '22','sin_addr': '192.168.18.225'}""}, {'name': 'addrlen', 'type': 'int', 'value': 16}]",1,1
487.089086,7555,7555,7548,1001,4026531840,tsm,ip-10-100-1-217,42,connect,[],3,-114,"[{'name': 'sockfd', 'type': 'int', 'value': 192}, {'name': 'addr', 'type': 'struct sockaddr*', 'value': ""{'sa_family': 'AF_INET','sin_port': '22','sin_addr': '192.168.18.226'}""}, {'name': 'addrlen', 'type': 'int', 'value': 16}]",1,1
487.089108,7555,7555,7548,1001,4026531840,tsm,ip-10-100-1-217,42,connect,[],3,-114,"[{'name': 'sockfd', 'type': 'int', 'value': 193}, {'name': 'addr', 'type': 'struct sockaddr*', 'value': ""{'sa_family': 'AF_INET','sin_port': '22','sin_addr': '192.168.18.227'}""}, {'name': 'addrlen', 'type': 'int', 'value': 16}]",1,1
487.08913,7555,7555,7548,1001,4026531840,tsm,ip-10-100-1-217,42,connect,[],3,-114,"[{'name': 'sockfd', 'type': 'int', 'value': 194}, {'name': 'addr', 'type': 'struct sockaddr*', 'value': ""{'sa_family': 'AF_INET','sin_port': '22','sin_addr': '192.168.18.228'}""}, {'name': 'addrlen', 'type': 'int', 'value': 16}]",1,1
487.089152,7555,7555,7548,1001,4026531840,tsm,ip-10-100-1-217,42,connect,[],3,-114,"[{'name': 'sockfd', 'type': 'int', 'value': 195}, {'name': 'addr', 'type': 'struct sockaddr*', 'value': ""{'sin_port': '22','sin_addr': '192.168.18.229','sa_family': 'AF_INET'}""}, {'name': 'addrlen', 'type': 'int', 'value': 16}]",1,1
487.089174,7555,7555,7548,1001,4026531840,tsm,ip-10-100-1-217,42,connect,[],3,-114,"[{'name': 'sockfd', 'type': 'int', 'value': 196}, {'name': 'addr', 'type': 'struct sockaddr*', 'value': ""{'sa_family': 'AF_INET','sin_port': '22','sin_addr': '192.168.18.230'}""}, {'name': 'addrlen', 'type': 'int', 'value': 16}]",1,1
487.089207,7555,7555,7548,1001,4026531840,tsm,ip-10-100-1-217,42,connect,[],3,-114,"[{'name': 'sockfd', 'type': 'int', 'value': 197}, {'name': 'addr', 'type': 'struct sockaddr*', 'value': ""{'sin_port': '22','sin_addr': '192.168.18.231','sa_family': 'AF_INET'}""}, {'name': 'addrlen', 'type': 'int', 'value': 16}]",1,1
487.089232,7555,7555,7548,1001,4026531840,tsm,ip-10-100-1-217,42,connect,[],3,-114,"[{'name': 'sockfd', 'type': 'int', 'value': 198}, {'name': 'addr', 'type': 'struct sockaddr*', 'value': ""{'sa_family': 'AF_INET','sin_port': '22','sin_addr': '192.168.18.232'}""}, {'name': 'addrlen', 'type': 'int', 'value': 16}]",1,1
487.089254,7555,7555,7548,1001,4026531840,tsm,ip-10-100-1-217,42,connect,[],3,-114,"[{'name': 'sockfd', 'type': 'int', 'value': 199}, {'name': 'addr', 'type': 'struct sockaddr*', 'value': ""{'sa_family': 'AF_INET','sin_port': '22','sin_addr': '192.168.18.233'}""}, {'name': 'addrlen', 'type': 'int', 'value': 16}]",1,1
487.089277,7555,7555,7548,1001,4026531840,tsm,ip-10-100-1-217,42,connect,[],3,-114,"[{'name': 'sockfd', 'type': 'int', 'value': 200}, {'name': 'addr', 'type': 'struct sockaddr*', 'value': ""{'sa_family': 'AF_INET','sin_port': '22','sin_addr': '192.168.18.234'}""}, {'name': 'addrlen', 'type': 'int', 'value': 16}]",1,1
487.089299,7555,7555,7548,1001,4026531840,tsm,ip-10-100-1-217,42,connect,[],3,-114,"[{'name': 'sockfd', 'type': 'int', 'value': 201}, {'name': 'addr', 'type': 'struct sockaddr*', 'value': ""{'sa_family': 'AF_INET','sin_port': '22','sin_addr': '192.168.18.235'}""}, {'name': 'addrlen', 'type': 'int', 'value': 16}]",1,1
487.089321,7555,7555,7548,1001,4026531840,tsm,ip-10-100-1-217,42,connect,[],3,-114,"[{'name': 'sockfd', 'type': 'int', 'value': 202}, {'name': 'addr', 'type': 'struct sockaddr*', 'value': ""{'sa_family': 'AF_INET','sin_port': '22','sin_addr': '192.168.18.236'}""}, {'name': 'addrlen', 'type': 'int', 'value': 16}]",1,1
487.089343,7555,7555,7548,1001,4026531840,tsm,ip-10-100-1-217,42,connect,[],3,-114,"[{'name': 'sockfd', 'type': 'int', 'value': 203}, {'name': 'addr', 'type': 'struct sockaddr*', 'value': ""{'sa_family': 'AF_INET','sin_port': '22','sin_addr': '192.168.18.237'}""}, {'name': 'addrlen', 'type': 'int', 'value': 16}]",1,1
487.089365,7555,7555,7548,1001,4026531840,tsm,ip-10-100-1-217,42,connect,[],3,-114,"[{'name': 'sockfd', 'type': 'int', 'value': 204}, {'name': 'addr', 'type': 'struct sockaddr*', 'value': ""{'sa_family': 'AF_INET','sin_port': '22','sin_addr': '192.168.18.238'}""}, {'name': 'addrlen', 'type': 'int', 'value': 16}]",1,1
487.089387,7555,7555,7548,1001,4026531840,tsm,ip-10-100-1-217,42,connect,[],3,-114,"[{'name': 'sockfd', 'type': 'int', 'value': 205}, {'name': 'addr', 'type': 'struct sockaddr*', 'value': ""{'sa_family': 'AF_INET','sin_port': '22','sin_addr': '192.168.18.239'}""}, {'name': 'addrlen', 'type': 'int', 'value': 16}]",1,1
487.089409,7555,7555,7548,1001,4026531840,tsm,ip-10-100-1-217,42,connect,[],3,-114,"[{'name': 'sockfd', 'type': 'int', 'value': 206}, {'name': 'addr', 'type': 'struct sockaddr*', 'value': ""{'sin_port': '22','sin_addr': '192.168.18.240','sa_family': 'AF_INET'}""}, {'name': 'addrlen', 'type': 'int', 'value': 16}]",1,1
487.089431,7555,7555,7548,1001,4026531840,tsm,ip-10-100-1-217,42,connect,[],3,-114,"[{'name': 'sockfd', 'type': 'int', 'value': 207}, {'name': 'addr', 'type': 'struct sockaddr*', 'value': ""{'sa_family': 'AF_INET','sin_port': '22','sin_addr': '192.168.18.241'}""}, {'name': 'addrlen', 'type': 'int', 'value': 16}]",1,1
487.089453,7555,7555,7548,1001,4026531840,tsm,ip-10-100-1-217,42,connect,[],3,-114,"[{'name': 'sockfd', 'type': 'int', 'value': 208}, {'name': 'addr', 'type': 'struct sockaddr*', 'value': ""{'sa_family': 'AF_INET','sin_port': '22','sin_addr': '192.168.18.242'}""}, {'name': 'addrlen', 'type': 'int', 'value': 16}]",1,1
487.089475,7555,7555,7548,1001,4026531840,tsm,ip-10-100-1-217,42,connect,[],3,-114,"[{'name': 'sockfd', 'type': 'int', 'value': 209}, {'name': 'addr', 'type': 'struct sockaddr*', 'value': ""{'sa_family': 'AF_INET','sin_port': '22','sin_addr': '192.168.18.243'}""}, {'name': 'addrlen', 'type': 'int', 'value': 16}]",1,1
487.089497,7555,7555,7548,1001,4026531840,tsm,ip-10-100-1-217,42,connect,[],3,-114,"[{'name': 'sockfd', 'type': 'int', 'value': 210}, {'name': 'addr', 'type': 'struct sockaddr*', 'value': ""{'sa_family': 'AF_INET','sin_port': '22','sin_addr': '192.168.18.244'}""}, {'name': 'addrlen', 'type': 'int', 'value': 16}]",1,1
487.089519,7555,7555,7548,1001,4026531840,tsm,ip-10-100-1-217,42,connect,[],3,-114,"[{'name': 'sockfd', 'type': 'int', 'value': 211}, {'name': 'addr', 'type': 'struct sockaddr*', 'value': ""{'sa_family': 'AF_INET','sin_port': '22','sin_addr': '192.168.18.245'}""}, {'name': 'addrlen', 'type': 'int', 'value': 16}]",1,1
487.089541,7555,7555,7548,1001,4026531840,tsm,ip-10-100-1-217,42,connect,[],3,-114,"[{'name': 'sockfd', 'type': 'int', 'value': 212}, {'name': 'addr', 'type': 'struct sockaddr*', 'value': ""{'sa_family': 'AF_INET','sin_port': '22','sin_addr': '192.168.18.246'}""}, {'name': 'addrlen', 'type': 'int', 'value': 16}]",1,1
487.089563,7555,7555,7548,1001,4026531840,tsm,ip-10-100-1-217,42,connect,[],3,-114,"[{'name': 'sockfd', 'type': 'int', 'value': 213}, {'name': 'addr', 'type': 'struct sockaddr*', 'value': ""{'sin_addr': '192.168.18.247','sa_family': 'AF_INET','sin_port': '22'}""}, {'name': 'addrlen', 'type': 'int', 'value': 16}]",1,1
487.089585,7555,7555,7548,1001,4026531840,tsm,ip-10-100-1-217,42,connect,[],3,-114,"[{'name': 'sockfd', 'type': 'int', 'value': 214}, {'name': 'addr', 'type': 'struct sockaddr*', 'value': ""{'sa_family': 'AF_INET','sin_port': '22','sin_addr': '192.168.18.248'}""}, {'name': 'addrlen', 'type': 'int', 'value': 16}]",1,1
487.089607,7555,7555,7548,1001,4026531840,tsm,ip-10-100-1-217,42,connect,[],3,-114,"[{'name': 'sockfd', 'type': 'int', 'value': 215}, {'name': 'addr', 'type': 'struct sockaddr*', 'value': ""{'sa_family': 'AF_INET','sin_port': '22','sin_addr': '192.168.18.249'}""}, {'name': 'addrlen', 'type': 'int', 'value': 16}]",1,1
487.089629,7555,7555,7548,1001,4026531840,tsm,ip-10-100-1-217,42,connect,[],3,-114,"[{'name': 'sockfd', 'type': 'int', 'value': 216}, {'name': 'addr', 'type': 'struct sockaddr*', 'value': ""{'sin_port': '22','sin_addr': '192.168.18.250','sa_family': 'AF_INET'}""}, {'name': 'addrlen', 'type': 'int', 'value': 16}]",1,1
487.089651,7555,7555,7548,1001,4026531840,tsm,ip-10-100-1-217,42,connect,[],3,-114,"[{'name': 'sockfd', 'type': 'int', 'value': 217}, {'name': 'addr', 'type': 'struct sockaddr*', 'value': ""{'sin_addr': '192.168.18.251','sa_family': 'AF_INET','sin_port': '22'}""}, {'name': 'addrlen', 'type': 'int', 'value': 16}]",1,1
487.089674,7555,7555,7548,1001,4026531840,tsm,ip-10-100-1-217,42,connect,[],3,-114,"[{'name': 'sockfd', 'type': 'int', 'value': 218}, {'name': 'addr', 'type': 'struct sockaddr*', 'value': ""{'sa_family': 'AF_INET','sin_port': '22','sin_addr': '192.168.18.252'}""}, {'name': 'addrlen', 'type': 'int', 'value': 16}]",1,1
487.089696,7555,7555,7548,1001,4026531840,tsm,ip-10-100-1-217,42,connect,[],3,-114,"[{'name': 'sockfd', 'type': 'int', 'value': 219}, {'name': 'addr', 'type': 'struct sockaddr*', 'value': ""{'sin_addr': '192.168.18.253','sa_family': 'AF_INET','sin_port': '22'}""}, {'name': 'addrlen', 'type': 'int', 'value': 16}]",1,1
487.089721,7555,7555,7548,1001,4026531840,tsm,ip-10-100-1-217,42,connect,[],3,-114,"[{'name': 'sockfd', 'type': 'int', 'value': 220}, {'name': 'addr', 'type': 'struct sockaddr*', 'value': ""{'sin_addr': '192.168.18.254','sa_family': 'AF_INET','sin_port': '22'}""}, {'name': 'addrlen', 'type': 'int', 'value': 16}]",1,1
487.089743,7555,7555,7548,1001,4026531840,tsm,ip-10-100-1-217,42,connect,[],3,-114,"[{'name': 'sockfd', 'type': 'int', 'value': 221}, {'name': 'addr', 'type': 'struct sockaddr*', 'value': ""{'sa_family': 'AF_INET','sin_port': '22','sin_addr': '192.168.19.0'}""}, {'name': 'addrlen', 'type': 'int', 'value': 16}]",1,1
487.089765,7555,7555,7548,1001,4026531840,tsm,ip-10-100-1-217,42,connect,[],3,-114,"[{'name': 'sockfd', 'type': 'int', 'value': 222}, {'name': 'addr', 'type': 'struct sockaddr*', 'value': ""{'sa_family': 'AF_INET','sin_port': '22','sin_addr': '192.168.19.1'}""}, {'name': 'addrlen', 'type': 'int', 'value': 16}]",1,1
487.089787,7555,7555,7548,1001,4026531840,tsm,ip-10-100-1-217,42,connect,[],3,-114,"[{'name': 'sockfd', 'type': 'int', 'value': 223}, {'name': 'addr', 'type': 'struct sockaddr*', 'value': ""{'sa_family': 'AF_INET','sin_port': '22','sin_addr': '192.168.19.2'}""}, {'name': 'addrlen', 'type': 'int', 'value': 16}]",1,1
487.089809,7555,7555,7548,1001,4026531840,tsm,ip-10-100-1-217,42,connect,[],3,-114,"[{'name': 'sockfd', 'type': 'int', 'value': 224}, {'name': 'addr', 'type': 'struct sockaddr*', 'value': ""{'sin_port': '22','sin_addr': '192.168.19.3','sa_family': 'AF_INET'}""}, {'name': 'addrlen', 'type': 'int', 'value': 16}]",1,1
487.089832,7555,7555,7548,1001,4026531840,tsm,ip-10-100-1-217,42,connect,[],3,-114,"[{'name': 'sockfd', 'type': 'int', 'value': 225}, {'name': 'addr', 'type': 'struct sockaddr*', 'value': ""{'sa_family': 'AF_INET','sin_port': '22','sin_addr': '192.168.19.4'}""}, {'name': 'addrlen', 'type': 'int', 'value': 16}]",1,1
487.089854,7555,7555,7548,1001,4026531840,tsm,ip-10-100-1-217,42,connect,[],3,-114,"[{'name': 'sockfd', 'type': 'int', 'value': 226}, {'name': 'addr', 'type': 'struct sockaddr*', 'value': ""{'sin_addr': '192.168.19.5','sa_family': 'AF_INET','sin_port': '22'}""}, {'name': 'addrlen', 'type': 'int', 'value': 16}]",1,1
487.089876,7555,7555,7548,1001,4026531840,tsm,ip-10-100-1-217,42,connect,[],3,-114,"[{'name': 'sockfd', 'type': 'int', 'value': 227}, {'name': 'addr', 'type': 'struct sockaddr*', 'value': ""{'sa_family': 'AF_INET','sin_port': '22','sin_addr': '192.168.19.6'}""}, {'name': 'addrlen', 'type': 'int', 'value': 16}]",1,1
487.089898,7555,7555,7548,1001,4026531840,tsm,ip-10-100-1-217,42,connect,[],3,-114,"[{'name': 'sockfd', 'type': 'int', 'value': 228}, {'name': 'addr', 'type': 'struct sockaddr*', 'value': ""{'sa_family': 'AF_INET','sin_port': '22','sin_addr': '192.168.19.7'}""}, {'name': 'addrlen', 'type': 'int', 'value': 16}]",1,1
487.08992,7555,7555,7548,1001,4026531840,tsm,ip-10-100-1-217,42,connect,[],3,-114,"[{'name': 'sockfd', 'type': 'int', 'value': 229}, {'name': 'addr', 'type': 'struct sockaddr*', 'value': ""{'sa_family': 'AF_INET','sin_port': '22','sin_addr': '192.168.19.8'}""}, {'name': 'addrlen', 'type': 'int', 'value': 16}]",1,1
487.089942,7555,7555,7548,1001,4026531840,tsm,ip-10-100-1-217,42,connect,[],3,-114,"[{'name': 'sockfd', 'type': 'int', 'value': 230}, {'name': 'addr', 'type': 'struct sockaddr*', 'value': ""{'sa_family': 'AF_INET','sin_port': '22','sin_addr': '192.168.19.9'}""}, {'name': 'addrlen', 'type': 'int', 'value': 16}]",1,1
487.089964,7555,7555,7548,1001,4026531840,tsm,ip-10-100-1-217,42,connect,[],3,-114,"[{'name': 'sockfd', 'type': 'int', 'value': 231}, {'name': 'addr', 'type': 'struct sockaddr*', 'value': ""{'sin_addr': '192.168.19.10','sa_family': 'AF_INET','sin_port': '22'}""}, {'name': 'addrlen', 'type': 'int', 'value': 16}]",1,1
487.089986,7555,7555,7548,1001,4026531840,tsm,ip-10-100-1-217,42,connect,[],3,-114,"[{'name': 'sockfd', 'type': 'int', 'value': 232}, {'name': 'addr', 'type': 'struct sockaddr*', 'value': ""{'sin_addr': '192.168.19.11','sa_family': 'AF_INET','sin_port': '22'}""}, {'name': 'addrlen', 'type': 'int', 'value': 16}]",1,1
487.090008,7555,7555,7548,1001,4026531840,tsm,ip-10-100-1-217,42,connect,[],3,-114,"[{'name': 'sockfd', 'type': 'int', 'value': 233}, {'name': 'addr', 'type': 'struct sockaddr*', 'value': ""{'sa_family': 'AF_INET','sin_port': '22','sin_addr': '192.168.19.12'}""}, {'name': 'addrlen', 'type': 'int', 'value': 16}]",1,1
487.09003,7555,7555,7548,1001,4026531840,tsm,ip-10-100-1-217,42,connect,[],3,-114,"[{'name': 'sockfd', 'type': 'int', 'value': 234}, {'name': 'addr', 'type': 'struct sockaddr*', 'value': ""{'sa_family': 'AF_INET','sin_port': '22','sin_addr': '192.168.19.13'}""}, {'name': 'addrlen', 'type': 'int', 'value': 16}]",1,1
487.090052,7555,7555,7548,1001,4026531840,tsm,ip-10-100-1-217,42,connect,[],3,-114,"[{'name': 'sockfd', 'type': 'int', 'value': 235}, {'name': 'addr', 'type': 'struct sockaddr*', 'value': ""{'sin_addr': '192.168.19.14','sa_family': 'AF_INET','sin_port': '22'}""}, {'name': 'addrlen', 'type': 'int', 'value': 16}]",1,1
487.090075,7555,7555,7548,1001,4026531840,tsm,ip-10-100-1-217,42,connect,[],3,-114,"[{'name': 'sockfd', 'type': 'int', 'value': 236}, {'name': 'addr', 'type': 'struct sockaddr*', 'value': ""{'sa_family': 'AF_INET','sin_port': '22','sin_addr': '192.168.19.15'}""}, {'name': 'addrlen', 'type': 'int', 'value': 16}]",1,1
487.090096,7555,7555,7548,1001,4026531840,tsm,ip-10-100-1-217,42,connect,[],3,-114,"[{'name': 'sockfd', 'type': 'int', 'value': 237}, {'name': 'addr', 'type': 'struct sockaddr*', 'value': ""{'sa_family': 'AF_INET','sin_port': '22','sin_addr': '192.168.19.16'}""}, {'name': 'addrlen', 'type': 'int', 'value': 16}]",1,1
487.090119,7555,7555,7548,1001,4026531840,tsm,ip-10-100-1-217,42,connect,[],3,-114,"[{'name': 'sockfd', 'type': 'int', 'value': 238}, {'name': 'addr', 'type': 'struct sockaddr*', 'value': ""{'sa_family': 'AF_INET','sin_port': '22','sin_addr': '192.168.19.17'}""}, {'name': 'addrlen', 'type': 'int', 'value': 16}]",1,1
487.090154,7555,7555,7548,1001,4026531840,tsm,ip-10-100-1-217,42,connect,[],3,-114,"[{'name': 'sockfd', 'type': 'int', 'value': 239}, {'name': 'addr', 'type': 'struct sockaddr*', 'value': ""{'sa_family': 'AF_INET','sin_port': '22','sin_addr': '192.168.19.18'}""}, {'name': 'addrlen', 'type': 'int', 'value': 16}]",1,1
487.090175,7555,7555,7548,1001,4026531840,tsm,ip-10-100-1-217,42,connect,[],3,-114,"[{'name': 'sockfd', 'type': 'int', 'value': 240}, {'name': 'addr', 'type': 'struct sockaddr*', 'value': ""{'sin_port': '22','sin_addr': '192.168.19.19','sa_family': 'AF_INET'}""}, {'name': 'addrlen', 'type': 'int', 'value': 16}]",1,1
487.090196,7555,7555,7548,1001,4026531840,tsm,ip-10-100-1-217,42,connect,[],3,-114,"[{'name': 'sockfd', 'type': 'int', 'value': 241}, {'name': 'addr', 'type': 'struct sockaddr*', 'value': ""{'sa_family': 'AF_INET','sin_port': '22','sin_addr': '192.168.19.20'}""}, {'name': 'addrlen', 'type': 'int', 'value': 16}]",1,1
487.090218,7555,7555,7548,1001,4026531840,tsm,ip-10-100-1-217,42,connect,[],3,-114,"[{'name': 'sockfd', 'type': 'int', 'value': 242}, {'name': 'addr', 'type': 'struct sockaddr*', 'value': ""{'sa_family': 'AF_INET','sin_port': '22','sin_addr': '192.168.19.21'}""}, {'name': 'addrlen', 'type': 'int', 'value': 16}]",1,1
487.090239,7555,7555,7548,1001,4026531840,tsm,ip-10-100-1-217,42,connect,[],3,-114,"[{'name': 'sockfd', 'type': 'int', 'value': 243}, {'name': 'addr', 'type': 'struct sockaddr*', 'value': ""{'sa_family': 'AF_INET','sin_port': '22','sin_addr': '192.168.19.22'}""}, {'name': 'addrlen', 'type': 'int', 'value': 16}]",1,1
487.09026,7555,7555,7548,1001,4026531840,tsm,ip-10-100-1-217,42,connect,[],3,-114,"[{'name': 'sockfd', 'type': 'int', 'value': 244}, {'name': 'addr', 'type': 'struct sockaddr*', 'value': ""{'sa_family': 'AF_INET','sin_port': '22','sin_addr': '192.168.19.23'}""}, {'name': 'addrlen', 'type': 'int', 'value': 16}]",1,1
487.090281,7555,7555,7548,1001,4026531840,tsm,ip-10-100-1-217,42,connect,[],3,-114,"[{'name': 'sockfd', 'type': 'int', 'value': 245}, {'name': 'addr', 'type': 'struct sockaddr*', 'value': ""{'sa_family': 'AF_INET','sin_port': '22','sin_addr': '192.168.19.24'}""}, {'name': 'addrlen', 'type': 'int', 'value': 16}]",1,1
487.090303,7555,7555,7548,1001,4026531840,tsm,ip-10-100-1-217,42,connect,[],3,-114,"[{'name': 'sockfd', 'type': 'int', 'value': 246}, {'name': 'addr', 'type': 'struct sockaddr*', 'value': ""{'sin_port': '22','sin_addr': '192.168.19.25','sa_family': 'AF_INET'}""}, {'name': 'addrlen', 'type': 'int', 'value': 16}]",1,1
487.090324,7555,7555,7548,1001,4026531840,tsm,ip-10-100-1-217,42,connect,[],3,-114,"[{'name': 'sockfd', 'type': 'int', 'value': 247}, {'name': 'addr', 'type': 'struct sockaddr*', 'value': ""{'sa_family': 'AF_INET','sin_port': '22','sin_addr': '192.168.19.26'}""}, {'name': 'addrlen', 'type': 'int', 'value': 16}]",1,1
487.090345,7555,7555,7548,1001,4026531840,tsm,ip-10-100-1-217,42,connect,[],3,-114,"[{'name': 'sockfd', 'type': 'int', 'value': 248}, {'name': 'addr', 'type': 'struct sockaddr*', 'value': ""{'sa_family': 'AF_INET','sin_port': '22','sin_addr': '192.168.19.27'}""}, {'name': 'addrlen', 'type': 'int', 'value': 16}]",1,1
487.090366,7555,7555,7548,1001,4026531840,tsm,ip-10-100-1-217,42,connect,[],3,-114,"[{'name': 'sockfd', 'type': 'int', 'value': 249}, {'name': 'addr', 'type': 'struct sockaddr*', 'value': ""{'sa_family': 'AF_INET','sin_port': '22','sin_addr': '192.168.19.28'}""}, {'name': 'addrlen', 'type': 'int', 'value': 16}]",1,1
487.090388,7555,7555,7548,1001,4026531840,tsm,ip-10-100-1-217,42,connect,[],3,-114,"[{'name': 'sockfd', 'type': 'int', 'value': 250}, {'name': 'addr', 'type': 'struct sockaddr*', 'value': ""{'sa_family': 'AF_INET','sin_port': '22','sin_addr': '192.168.19.29'}""}, {'name': 'addrlen', 'type': 'int', 'value': 16}]",1,1
487.090409,7555,7555,7548,1001,4026531840,tsm,ip-10-100-1-217,42,connect,[],3,-114,"[{'name': 'sockfd', 'type': 'int', 'value': 251}, {'name': 'addr', 'type': 'struct sockaddr*', 'value': ""{'sa_family': 'AF_INET','sin_port': '22','sin_addr': '192.168.19.30'}""}, {'name': 'addrlen', 'type': 'int', 'value': 16}]",1,1
487.090446,7555,7555,7548,1001,4026531840,tsm,ip-10-100-1-217,42,connect,[],3,-114,"[{'name': 'sockfd', 'type': 'int', 'value': 252}, {'name': 'addr', 'type': 'struct sockaddr*', 'value': ""{'sin_port': '22','sin_addr': '192.168.19.31','sa_family': 'AF_INET'}""}, {'name': 'addrlen', 'type': 'int', 'value': 16}]",1,1
487.091907,7555,7555,7548,1001,4026531840,tsm,ip-10-100-1-217,42,connect,[],3,-114,"[{'name': 'sockfd', 'type': 'int', 'value': 253}, {'name': 'addr', 'type': 'struct sockaddr*', 'value': ""{'sa_family': 'AF_INET','sin_port': '22','sin_addr': '192.168.19.32'}""}, {'name': 'addrlen', 'type': 'int', 'value': 16}]",1,1
487.09194,7555,7555,7548,1001,4026531840,tsm,ip-10-100-1-217,42,connect,[],3,-114,"[{'name': 'sockfd', 'type': 'int', 'value': 254}, {'name': 'addr', 'type': 'struct sockaddr*', 'value': ""{'sa_family': 'AF_INET','sin_port': '22','sin_addr': '192.168.19.33'}""}, {'name': 'addrlen', 'type': 'int', 'value': 16}]",1,1
487.091963,7555,7555,7548,1001,4026531840,tsm,ip-10-100-1-217,42,connect,[],3,-114,"[{'name': 'sockfd', 'type': 'int', 'value': 255}, {'name': 'addr', 'type': 'struct sockaddr*', 'value': ""{'sin_port': '22','sin_addr': '192.168.19.34','sa_family': 'AF_INET'}""}, {'name': 'addrlen', 'type': 'int', 'value': 16}]",1,1
487.091985,7555,7555,7548,1001,4026531840,tsm,ip-10-100-1-217,42,connect,[],3,-114,"[{'name': 'sockfd', 'type': 'int', 'value': 256}, {'name': 'addr', 'type': 'struct sockaddr*', 'value': ""{'sa_family': 'AF_INET','sin_port': '22','sin_addr': '192.168.19.35'}""}, {'name': 'addrlen', 'type': 'int', 'value': 16}]",1,1
487.092007,7555,7555,7548,1001,4026531840,tsm,ip-10-100-1-217,42,connect,[],3,-114,"[{'name': 'sockfd', 'type': 'int', 'value': 257}, {'name': 'addr', 'type': 'struct sockaddr*', 'value': ""{'sa_family': 'AF_INET','sin_port': '22','sin_addr': '192.168.19.36'}""}, {'name': 'addrlen', 'type': 'int', 'value': 16}]",1,1
487.092029,7555,7555,7548,1001,4026531840,tsm,ip-10-100-1-217,42,connect,[],3,-114,"[{'name': 'sockfd', 'type': 'int', 'value': 258}, {'name': 'addr', 'type': 'struct sockaddr*', 'value': ""{'sa_family': 'AF_INET','sin_port': '22','sin_addr': '192.168.19.37'}""}, {'name': 'addrlen', 'type': 'int', 'value': 16}]",1,1
487.092073,7555,7555,7548,1001,4026531840,tsm,ip-10-100-1-217,42,connect,[],3,-114,"[{'name': 'sockfd', 'type': 'int', 'value': 259}, {'name': 'addr', 'type': 'struct sockaddr*', 'value': ""{'sa_family': 'AF_INET','sin_port': '22','sin_addr': '192.168.19.38'}""}, {'name': 'addrlen', 'type': 'int', 'value': 16}]",1,1
487.0921,7555,7555,7548,1001,4026531840,tsm,ip-10-100-1-217,42,connect,[],3,-114,"[{'name': 'sockfd', 'type': 'int', 'value': 260}, {'name': 'addr', 'type': 'struct sockaddr*', 'value': ""{'sa_family': 'AF_INET','sin_port': '22','sin_addr': '192.168.19.39'}""}, {'name': 'addrlen', 'type': 'int', 'value': 16}]",1,1
487.092126,7555,7555,7548,1001,4026531840,tsm,ip-10-100-1-217,42,connect,[],3,-114,"[{'name': 'sockfd', 'type': 'int', 'value': 261}, {'name': 'addr', 'type': 'struct sockaddr*', 'value': ""{'sa_family': 'AF_INET','sin_port': '22','sin_addr': '192.168.19.40'}""}, {'name': 'addrlen', 'type': 'int', 'value': 16}]",1,1
487.092148,7555,7555,7548,1001,4026531840,tsm,ip-10-100-1-217,42,connect,[],3,-114,"[{'name': 'sockfd', 'type': 'int', 'value': 262}, {'name': 'addr', 'type': 'struct sockaddr*', 'value': ""{'sin_port': '22','sin_addr': '192.168.19.41','sa_family': 'AF_INET'}""}, {'name': 'addrlen', 'type': 'int', 'value': 16}]",1,1
487.09217,7555,7555,7548,1001,4026531840,tsm,ip-10-100-1-217,42,connect,[],3,-114,"[{'name': 'sockfd', 'type': 'int', 'value': 263}, {'name': 'addr', 'type': 'struct sockaddr*', 'value': ""{'sa_family': 'AF_INET','sin_port': '22','sin_addr': '192.168.19.42'}""}, {'name': 'addrlen', 'type': 'int', 'value': 16}]",1,1
487.092192,7555,7555,7548,1001,4026531840,tsm,ip-10-100-1-217,42,connect,[],3,-114,"[{'name': 'sockfd', 'type': 'int', 'value': 264}, {'name': 'addr', 'type': 'struct sockaddr*', 'value': ""{'sin_addr': '192.168.19.43','sa_family': 'AF_INET','sin_port': '22'}""}, {'name': 'addrlen', 'type': 'int', 'value': 16}]",1,1
487.092215,7555,7555,7548,1001,4026531840,tsm,ip-10-100-1-217,42,connect,[],3,-114,"[{'name': 'sockfd', 'type': 'int', 'value': 265}, {'name': 'addr', 'type': 'struct sockaddr*', 'value': ""{'sa_family': 'AF_INET','sin_port': '22','sin_addr': '192.168.19.44'}""}, {'name': 'addrlen', 'type': 'int', 'value': 16}]",1,1
487.092237,7555,7555,7548,1001,4026531840,tsm,ip-10-100-1-217,42,connect,[],3,-114,"[{'name': 'sockfd', 'type': 'int', 'value': 266}, {'name': 'addr', 'type': 'struct sockaddr*', 'value': ""{'sa_family': 'AF_INET','sin_port': '22','sin_addr': '192.168.19.45'}""}, {'name': 'addrlen', 'type': 'int', 'value': 16}]",1,1
487.092259,7555,7555,7548,1001,4026531840,tsm,ip-10-100-1-217,42,connect,[],3,-114,"[{'name': 'sockfd', 'type': 'int', 'value': 267}, {'name': 'addr', 'type': 'struct sockaddr*', 'value': ""{'sin_port': '22','sin_addr': '192.168.19.46','sa_family': 'AF_INET'}""}, {'name': 'addrlen', 'type': 'int', 'value': 16}]",1,1
487.092281,7555,7555,7548,1001,4026531840,tsm,ip-10-100-1-217,42,connect,[],3,-114,"[{'name': 'sockfd', 'type': 'int', 'value': 268}, {'name': 'addr', 'type': 'struct sockaddr*', 'value': ""{'sa_family': 'AF_INET','sin_port': '22','sin_addr': '192.168.19.47'}""}, {'name': 'addrlen', 'type': 'int', 'value': 16}]",1,1
487.092303,7555,7555,7548,1001,4026531840,tsm,ip-10-100-1-217,42,connect,[],3,-114,"[{'name': 'sockfd', 'type': 'int', 'value': 269}, {'name': 'addr', 'type': 'struct sockaddr*', 'value': ""{'sa_family': 'AF_INET','sin_port': '22','sin_addr': '192.168.19.48'}""}, {'name': 'addrlen', 'type': 'int', 'value': 16}]",1,1
487.092338,7555,7555,7548,1001,4026531840,tsm,ip-10-100-1-217,42,connect,[],3,-114,"[{'name': 'sockfd', 'type': 'int', 'value': 270}, {'name': 'addr', 'type': 'struct sockaddr*', 'value': ""{'sin_port': '22','sin_addr': '192.168.19.49','sa_family': 'AF_INET'}""}, {'name': 'addrlen', 'type': 'int', 'value': 16}]",1,1
487.09236,7555,7555,7548,1001,4026531840,tsm,ip-10-100-1-217,42,connect,[],3,-114,"[{'name': 'sockfd', 'type': 'int', 'value': 271}, {'name': 'addr', 'type': 'struct sockaddr*', 'value': ""{'sa_family': 'AF_INET','sin_port': '22','sin_addr': '192.168.19.50'}""}, {'name': 'addrlen', 'type': 'int', 'value': 16}]",1,1
487.092382,7555,7555,7548,1001,4026531840,tsm,ip-10-100-1-217,42,connect,[],3,-114,"[{'name': 'sockfd', 'type': 'int', 'value': 272}, {'name': 'addr', 'type': 'struct sockaddr*', 'value': ""{'sin_port': '22','sin_addr': '192.168.19.51','sa_family': 'AF_INET'}""}, {'name': 'addrlen', 'type': 'int', 'value': 16}]",1,1
487.092404,7555,7555,7548,1001,4026531840,tsm,ip-10-100-1-217,42,connect,[],3,-114,"[{'name': 'sockfd', 'type': 'int', 'value': 273}, {'name': 'addr', 'type': 'struct sockaddr*', 'value': ""{'sa_family': 'AF_INET','sin_port': '22','sin_addr': '192.168.19.52'}""}, {'name': 'addrlen', 'type': 'int', 'value': 16}]",1,1
487.092427,7555,7555,7548,1001,4026531840,tsm,ip-10-100-1-217,42,connect,[],3,-114,"[{'name': 'sockfd', 'type': 'int', 'value': 274}, {'name': 'addr', 'type': 'struct sockaddr*', 'value': ""{'sa_family': 'AF_INET','sin_port': '22','sin_addr': '192.168.19.53'}""}, {'name': 'addrlen', 'type': 'int', 'value': 16}]",1,1
487.092449,7555,7555,7548,1001,4026531840,tsm,ip-10-100-1-217,42,connect,[],3,-114,"[{'name': 'sockfd', 'type': 'int', 'value': 275}, {'name': 'addr', 'type': 'struct sockaddr*', 'value': ""{'sa_family': 'AF_INET','sin_port': '22','sin_addr': '192.168.19.54'}""}, {'name': 'addrlen', 'type': 'int', 'value': 16}]",1,1
487.092471,7555,7555,7548,1001,4026531840,tsm,ip-10-100-1-217,42,connect,[],3,-114,"[{'name': 'sockfd', 'type': 'int', 'value': 276}, {'name': 'addr', 'type': 'struct sockaddr*', 'value': ""{'sin_addr': '192.168.19.55','sa_family': 'AF_INET','sin_port': '22'}""}, {'name': 'addrlen', 'type': 'int', 'value': 16}]",1,1
487.092493,7555,7555,7548,1001,4026531840,tsm,ip-10-100-1-217,42,connect,[],3,-114,"[{'name': 'sockfd', 'type': 'int', 'value': 277}, {'name': 'addr', 'type': 'struct sockaddr*', 'value': ""{'sa_family': 'AF_INET','sin_port': '22','sin_addr': '192.168.19.56'}""}, {'name': 'addrlen', 'type': 'int', 'value': 16}]",1,1
487.092528,7555,7555,7548,1001,4026531840,tsm,ip-10-100-1-217,42,connect,[],3,-114,"[{'name': 'sockfd', 'type': 'int', 'value': 278}, {'name': 'addr', 'type': 'struct sockaddr*', 'value': ""{'sa_family': 'AF_INET','sin_port': '22','sin_addr': '192.168.19.57'}""}, {'name': 'addrlen', 'type': 'int', 'value': 16}]",1,1
487.092549,7555,7555,7548,1001,4026531840,tsm,ip-10-100-1-217,42,connect,[],3,-114,"[{'name': 'sockfd', 'type': 'int', 'value': 279}, {'name': 'addr', 'type': 'struct sockaddr*', 'value': ""{'sin_port': '22','sin_addr': '192.168.19.58','sa_family': 'AF_INET'}""}, {'name': 'addrlen', 'type': 'int', 'value': 16}]",1,1
487.092571,7555,7555,7548,1001,4026531840,tsm,ip-10-100-1-217,42,connect,[],3,-114,"[{'name': 'sockfd', 'type': 'int', 'value': 280}, {'name': 'addr', 'type': 'struct sockaddr*', 'value': ""{'sa_family': 'AF_INET','sin_port': '22','sin_addr': '192.168.19.59'}""}, {'name': 'addrlen', 'type': 'int', 'value': 16}]",1,1
487.092592,7555,7555,7548,1001,4026531840,tsm,ip-10-100-1-217,42,connect,[],3,-114,"[{'name': 'sockfd', 'type': 'int', 'value': 281}, {'name': 'addr', 'type': 'struct sockaddr*', 'value': ""{'sa_family': 'AF_INET','sin_port': '22','sin_addr': '192.168.19.60'}""}, {'name': 'addrlen', 'type': 'int', 'value': 16}]",1,1
487.092614,7555,7555,7548,1001,4026531840,tsm,ip-10-100-1-217,42,connect,[],3,-114,"[{'name': 'sockfd', 'type': 'int', 'value': 282}, {'name': 'addr', 'type': 'struct sockaddr*', 'value': ""{'sin_port': '22','sin_addr': '192.168.19.61','sa_family': 'AF_INET'}""}, {'name': 'addrlen', 'type': 'int', 'value': 16}]",1,1
487.092635,7555,7555,7548,1001,4026531840,tsm,ip-10-100-1-217,42,connect,[],3,-114,"[{'name': 'sockfd', 'type': 'int', 'value': 283}, {'name': 'addr', 'type': 'struct sockaddr*', 'value': ""{'sa_family': 'AF_INET','sin_port': '22','sin_addr': '192.168.19.62'}""}, {'name': 'addrlen', 'type': 'int', 'value': 16}]",1,1
487.092656,7555,7555,7548,1001,4026531840,tsm,ip-10-100-1-217,42,connect,[],3,-114,"[{'name': 'sockfd', 'type': 'int', 'value': 284}, {'name': 'addr', 'type': 'struct sockaddr*', 'value': ""{'sa_family': 'AF_INET','sin_port': '22','sin_addr': '192.168.19.63'}""}, {'name': 'addrlen', 'type': 'int', 'value': 16}]",1,1
487.092678,7555,7555,7548,1001,4026531840,tsm,ip-10-100-1-217,42,connect,[],3,-114,"[{'name': 'sockfd', 'type': 'int', 'value': 285}, {'name': 'addr', 'type': 'struct sockaddr*', 'value': ""{'sa_family': 'AF_INET','sin_port': '22','sin_addr': '192.168.19.64'}""}, {'name': 'addrlen', 'type': 'int', 'value': 16}]",1,1
487.092699,7555,7555,7548,1001,4026531840,tsm,ip-10-100-1-217,42,connect,[],3,-114,"[{'name': 'sockfd', 'type': 'int', 'value': 286}, {'name': 'addr', 'type': 'struct sockaddr*', 'value': ""{'sa_family': 'AF_INET','sin_port': '22','sin_addr': '192.168.19.65'}""}, {'name': 'addrlen', 'type': 'int', 'value': 16}]",1,1
487.092733,7555,7555,7548,1001,4026531840,tsm,ip-10-100-1-217,42,connect,[],3,-114,"[{'name': 'sockfd', 'type': 'int', 'value': 287}, {'name': 'addr', 'type': 'struct sockaddr*', 'value': ""{'sa_family': 'AF_INET','sin_port': '22','sin_addr': '192.168.19.66'}""}, {'name': 'addrlen', 'type': 'int', 'value': 16}]",1,1
487.092755,7555,7555,7548,1001,4026531840,tsm,ip-10-100-1-217,42,connect,[],3,-114,"[{'name': 'sockfd', 'type': 'int', 'value': 288}, {'name': 'addr', 'type': 'struct sockaddr*', 'value': ""{'sin_port': '22','sin_addr': '192.168.19.67','sa_family': 'AF_INET'}""}, {'name': 'addrlen', 'type': 'int', 'value': 16}]",1,1
487.092778,7555,7555,7548,1001,4026531840,tsm,ip-10-100-1-217,42,connect,[],3,-114,"[{'name': 'sockfd', 'type': 'int', 'value': 289}, {'name': 'addr', 'type': 'struct sockaddr*', 'value': ""{'sa_family': 'AF_INET','sin_port': '22','sin_addr': '192.168.19.68'}""}, {'name': 'addrlen', 'type': 'int', 'value': 16}]",1,1
487.0928,7555,7555,7548,1001,4026531840,tsm,ip-10-100-1-217,42,connect,[],3,-114,"[{'name': 'sockfd', 'type': 'int', 'value': 290}, {'name': 'addr', 'type': 'struct sockaddr*', 'value': ""{'sa_family': 'AF_INET','sin_port': '22','sin_addr': '192.168.19.69'}""}, {'name': 'addrlen', 'type': 'int', 'value': 16}]",1,1
487.092822,7555,7555,7548,1001,4026531840,tsm,ip-10-100-1-217,42,connect,[],3,-114,"[{'name': 'sockfd', 'type': 'int', 'value': 291}, {'name': 'addr', 'type': 'struct sockaddr*', 'value': ""{'sin_addr': '192.168.19.70','sa_family': 'AF_INET','sin_port': '22'}""}, {'name': 'addrlen', 'type': 'int', 'value': 16}]",1,1
487.092844,7555,7555,7548,1001,4026531840,tsm,ip-10-100-1-217,42,connect,[],3,-114,"[{'name': 'sockfd', 'type': 'int', 'value': 292}, {'name': 'addr', 'type': 'struct sockaddr*', 'value': ""{'sa_family': 'AF_INET','sin_port': '22','sin_addr': '192.168.19.71'}""}, {'name': 'addrlen', 'type': 'int', 'value': 16}]",1,1
487.092866,7555,7555,7548,1001,4026531840,tsm,ip-10-100-1-217,42,connect,[],3,-114,"[{'name': 'sockfd', 'type': 'int', 'value': 293}, {'name': 'addr', 'type': 'struct sockaddr*', 'value': ""{'sa_family': 'AF_INET','sin_port': '22','sin_addr': '192.168.19.72'}""}, {'name': 'addrlen', 'type': 'int', 'value': 16}]",1,1
487.092889,7555,7555,7548,1001,4026531840,tsm,ip-10-100-1-217,42,connect,[],3,-114,"[{'name': 'sockfd', 'type': 'int', 'value': 294}, {'name': 'addr', 'type': 'struct sockaddr*', 'value': ""{'sin_addr': '192.168.19.73','sa_family': 'AF_INET','sin_port': '22'}""}, {'name': 'addrlen', 'type': 'int', 'value': 16}]",1,1
487.092911,7555,7555,7548,1001,4026531840,tsm,ip-10-100-1-217,42,connect,[],3,-114,"[{'name': 'sockfd', 'type': 'int', 'value': 295}, {'name': 'addr', 'type': 'struct sockaddr*', 'value': ""{'sa_family': 'AF_INET','sin_port': '22','sin_addr': '192.168.19.74'}""}, {'name': 'addrlen', 'type': 'int', 'value': 16}]",1,1
487.092933,7555,7555,7548,1001,4026531840,tsm,ip-10-100-1-217,42,connect,[],3,-114,"[{'name': 'sockfd', 'type': 'int', 'value': 296}, {'name': 'addr', 'type': 'struct sockaddr*', 'value': ""{'sin_port': '22','sin_addr': '192.168.19.75','sa_family': 'AF_INET'}""}, {'name': 'addrlen', 'type': 'int', 'value': 16}]",1,1
487.092955,7555,7555,7548,1001,4026531840,tsm,ip-10-100-1-217,42,connect,[],3,-114,"[{'name': 'sockfd', 'type': 'int', 'value': 297}, {'name': 'addr', 'type': 'struct sockaddr*', 'value': ""{'sa_family': 'AF_INET','sin_port': '22','sin_addr': '192.168.19.76'}""}, {'name': 'addrlen', 'type': 'int', 'value': 16}]",1,1
487.092977,7555,7555,7548,1001,4026531840,tsm,ip-10-100-1-217,42,connect,[],3,-114,"[{'name': 'sockfd', 'type': 'int', 'value': 298}, {'name': 'addr', 'type': 'struct sockaddr*', 'value': ""{'sa_family': 'AF_INET','sin_port': '22','sin_addr': '192.168.19.77'}""}, {'name': 'addrlen', 'type': 'int', 'value': 16}]",1,1
487.092999,7555,7555,7548,1001,4026531840,tsm,ip-10-100-1-217,42,connect,[],3,-114,"[{'name': 'sockfd', 'type': 'int', 'value': 299}, {'name': 'addr', 'type': 'struct sockaddr*', 'value': ""{'sin_port': '22','sin_addr': '192.168.19.78','sa_family': 'AF_INET'}""}, {'name': 'addrlen', 'type': 'int', 'value': 16}]",1,1
487.093021,7555,7555,7548,1001,4026531840,tsm,ip-10-100-1-217,42,connect,[],3,-114,"[{'name': 'sockfd', 'type': 'int', 'value': 300}, {'name': 'addr', 'type': 'struct sockaddr*', 'value': ""{'sa_family': 'AF_INET','sin_port': '22','sin_addr': '192.168.19.79'}""}, {'name': 'addrlen', 'type': 'int', 'value': 16}]",1,1
487.093043,7555,7555,7548,1001,4026531840,tsm,ip-10-100-1-217,42,connect,[],3,-114,"[{'name': 'sockfd', 'type': 'int', 'value': 301}, {'name': 'addr', 'type': 'struct sockaddr*', 'value': ""{'sin_port': '22','sin_addr': '192.168.19.80','sa_family': 'AF_INET'}""}, {'name': 'addrlen', 'type': 'int', 'value': 16}]",1,1
487.093065,7555,7555,7548,1001,4026531840,tsm,ip-10-100-1-217,42,connect,[],3,-114,"[{'name': 'sockfd', 'type': 'int', 'value': 302}, {'name': 'addr', 'type': 'struct sockaddr*', 'value': ""{'sin_port': '22','sin_addr': '192.168.19.81','sa_family': 'AF_INET'}""}, {'name': 'addrlen', 'type': 'int', 'value': 16}]",1,1
487.093088,7555,7555,7548,1001,4026531840,tsm,ip-10-100-1-217,42,connect,[],3,-114,"[{'name': 'sockfd', 'type': 'int', 'value': 303}, {'name': 'addr', 'type': 'struct sockaddr*', 'value': ""{'sin_port': '22','sin_addr': '192.168.19.82','sa_family': 'AF_INET'}""}, {'name': 'addrlen', 'type': 'int', 'value': 16}]",1,1
487.09311,7555,7555,7548,1001,4026531840,tsm,ip-10-100-1-217,42,connect,[],3,-114,"[{'name': 'sockfd', 'type': 'int', 'value': 304}, {'name': 'addr', 'type': 'struct sockaddr*', 'value': ""{'sa_family': 'AF_INET','sin_port': '22','sin_addr': '192.168.19.83'}""}, {'name': 'addrlen', 'type': 'int', 'value': 16}]",1,1
487.093132,7555,7555,7548,1001,4026531840,tsm,ip-10-100-1-217,42,connect,[],3,-114,"[{'name': 'sockfd', 'type': 'int', 'value': 305}, {'name': 'addr', 'type': 'struct sockaddr*', 'value': ""{'sin_addr': '192.168.19.84','sa_family': 'AF_INET','sin_port': '22'}""}, {'name': 'addrlen', 'type': 'int', 'value': 16}]",1,1
487.093154,7555,7555,7548,1001,4026531840,tsm,ip-10-100-1-217,42,connect,[],3,-114,"[{'name': 'sockfd', 'type': 'int', 'value': 306}, {'name': 'addr', 'type': 'struct sockaddr*', 'value': ""{'sin_addr': '192.168.19.85','sa_family': 'AF_INET','sin_port': '22'}""}, {'name': 'addrlen', 'type': 'int', 'value': 16}]",1,1
487.093176,7555,7555,7548,1001,4026531840,tsm,ip-10-100-1-217,42,connect,[],3,-114,"[{'name': 'sockfd', 'type': 'int', 'value': 307}, {'name': 'addr', 'type': 'struct sockaddr*', 'value': ""{'sin_port': '22','sin_addr': '192.168.19.86','sa_family': 'AF_INET'}""}, {'name': 'addrlen', 'type': 'int', 'value': 16}]",1,1
487.093198,7555,7555,7548,1001,4026531840,tsm,ip-10-100-1-217,42,connect,[],3,-114,"[{'name': 'sockfd', 'type': 'int', 'value': 308}, {'name': 'addr', 'type': 'struct sockaddr*', 'value': ""{'sa_family': 'AF_INET','sin_port': '22','sin_addr': '192.168.19.87'}""}, {'name': 'addrlen', 'type': 'int', 'value': 16}]",1,1
487.093223,7555,7555,7548,1001,4026531840,tsm,ip-10-100-1-217,42,connect,[],3,-114,"[{'name': 'sockfd', 'type': 'int', 'value': 309}, {'name': 'addr', 'type': 'struct sockaddr*', 'value': ""{'sa_family': 'AF_INET','sin_port': '22','sin_addr': '192.168.19.88'}""}, {'name': 'addrlen', 'type': 'int', 'value': 16}]",1,1
487.093246,7555,7555,7548,1001,4026531840,tsm,ip-10-100-1-217,42,connect,[],3,-114,"[{'name': 'sockfd', 'type': 'int', 'value': 310}, {'name': 'addr', 'type': 'struct sockaddr*', 'value': ""{'sin_port': '22','sin_addr': '192.168.19.89','sa_family': 'AF_INET'}""}, {'name': 'addrlen', 'type': 'int', 'value': 16}]",1,1
487.093268,7555,7555,7548,1001,4026531840,tsm,ip-10-100-1-217,42,connect,[],3,-114,"[{'name': 'sockfd', 'type': 'int', 'value': 311}, {'name': 'addr', 'type': 'struct sockaddr*', 'value': ""{'sin_port': '22','sin_addr': '192.168.19.90','sa_family': 'AF_INET'}""}, {'name': 'addrlen', 'type': 'int', 'value': 16}]",1,1
487.093303,7555,7555,7548,1001,4026531840,tsm,ip-10-100-1-217,42,connect,[],3,-114,"[{'name': 'sockfd', 'type': 'int', 'value': 312}, {'name': 'addr', 'type': 'struct sockaddr*', 'value': ""{'sa_family': 'AF_INET','sin_port': '22','sin_addr': '192.168.19.91'}""}, {'name': 'addrlen', 'type': 'int', 'value': 16}]",1,1
487.093338,7555,7555,7548,1001,4026531840,tsm,ip-10-100-1-217,42,connect,[],3,-114,"[{'name': 'sockfd', 'type': 'int', 'value': 313}, {'name': 'addr', 'type': 'struct sockaddr*', 'value': ""{'sa_family': 'AF_INET','sin_port': '22','sin_addr': '192.168.19.92'}""}, {'name': 'addrlen', 'type': 'int', 'value': 16}]",1,1
487.09336,7555,7555,7548,1001,4026531840,tsm,ip-10-100-1-217,42,connect,[],3,-114,"[{'name': 'sockfd', 'type': 'int', 'value': 314}, {'name': 'addr', 'type': 'struct sockaddr*', 'value': ""{'sa_family': 'AF_INET','sin_port': '22','sin_addr': '192.168.19.93'}""}, {'name': 'addrlen', 'type': 'int', 'value': 16}]",1,1
487.093382,7555,7555,7548,1001,4026531840,tsm,ip-10-100-1-217,42,connect,[],3,-114,"[{'name': 'sockfd', 'type': 'int', 'value': 315}, {'name': 'addr', 'type': 'struct sockaddr*', 'value': ""{'sa_family': 'AF_INET','sin_port': '22','sin_addr': '192.168.19.94'}""}, {'name': 'addrlen', 'type': 'int', 'value': 16}]",1,1
487.093404,7555,7555,7548,1001,4026531840,tsm,ip-10-100-1-217,42,connect,[],3,-114,"[{'name': 'sockfd', 'type': 'int', 'value': 316}, {'name': 'addr', 'type': 'struct sockaddr*', 'value': ""{'sa_family': 'AF_INET','sin_port': '22','sin_addr': '192.168.19.95'}""}, {'name': 'addrlen', 'type': 'int', 'value': 16}]",1,1
487.093426,7555,7555,7548,1001,4026531840,tsm,ip-10-100-1-217,42,connect,[],3,-114,"[{'name': 'sockfd', 'type': 'int', 'value': 317}, {'name': 'addr', 'type': 'struct sockaddr*', 'value': ""{'sa_family': 'AF_INET','sin_port': '22','sin_addr': '192.168.19.96'}""}, {'name': 'addrlen', 'type': 'int', 'value': 16}]",1,1
487.093449,7555,7555,7548,1001,4026531840,tsm,ip-10-100-1-217,42,connect,[],3,-114,"[{'name': 'sockfd', 'type': 'int', 'value': 318}, {'name': 'addr', 'type': 'struct sockaddr*', 'value': ""{'sin_addr': '192.168.19.97','sa_family': 'AF_INET','sin_port': '22'}""}, {'name': 'addrlen', 'type': 'int', 'value': 16}]",1,1
487.093471,7555,7555,7548,1001,4026531840,tsm,ip-10-100-1-217,42,connect,[],3,-114,"[{'name': 'sockfd', 'type': 'int', 'value': 319}, {'name': 'addr', 'type': 'struct sockaddr*', 'value': ""{'sin_addr': '192.168.19.98','sa_family': 'AF_INET','sin_port': '22'}""}, {'name': 'addrlen', 'type': 'int', 'value': 16}]",1,1
487.093493,7555,7555,7548,1001,4026531840,tsm,ip-10-100-1-217,42,connect,[],3,-114,"[{'name': 'sockfd', 'type': 'int', 'value': 320}, {'name': 'addr', 'type': 'struct sockaddr*', 'value': ""{'sa_family': 'AF_INET','sin_port': '22','sin_addr': '192.168.19.99'}""}, {'name': 'addrlen', 'type': 'int', 'value': 16}]",1,1
487.093515,7555,7555,7548,1001,4026531840,tsm,ip-10-100-1-217,42,connect,[],3,-114,"[{'name': 'sockfd', 'type': 'int', 'value': 321}, {'name': 'addr', 'type': 'struct sockaddr*', 'value': ""{'sa_family': 'AF_INET','sin_port': '22','sin_addr': '192.168.19.100'}""}, {'name': 'addrlen', 'type': 'int', 'value': 16}]",1,1
487.093537,7555,7555,7548,1001,4026531840,tsm,ip-10-100-1-217,42,connect,[],3,-114,"[{'name': 'sockfd', 'type': 'int', 'value': 322}, {'name': 'addr', 'type': 'struct sockaddr*', 'value': ""{'sa_family': 'AF_INET','sin_port': '22','sin_addr': '192.168.19.101'}""}, {'name': 'addrlen', 'type': 'int', 'value': 16}]",1,1
487.093559,7555,7555,7548,1001,4026531840,tsm,ip-10-100-1-217,42,connect,[],3,-114,"[{'name': 'sockfd', 'type': 'int', 'value': 323}, {'name': 'addr', 'type': 'struct sockaddr*', 'value': ""{'sin_addr': '192.168.19.102','sa_family': 'AF_INET','sin_port': '22'}""}, {'name': 'addrlen', 'type': 'int', 'value': 16}]",1,1
487.093581,7555,7555,7548,1001,4026531840,tsm,ip-10-100-1-217,42,connect,[],3,-114,"[{'name': 'sockfd', 'type': 'int', 'value': 324}, {'name': 'addr', 'type': 'struct sockaddr*', 'value': ""{'sin_addr': '192.168.19.103','sa_family': 'AF_INET','sin_port': '22'}""}, {'name': 'addrlen', 'type': 'int', 'value': 16}]",1,1
487.093604,7555,7555,7548,1001,4026531840,tsm,ip-10-100-1-217,42,connect,[],3,-114,"[{'name': 'sockfd', 'type': 'int', 'value': 325}, {'name': 'addr', 'type': 'struct sockaddr*', 'value': ""{'sa_family': 'AF_INET','sin_port': '22','sin_addr': '192.168.19.104'}""}, {'name': 'addrlen', 'type': 'int', 'value': 16}]",1,1
487.093626,7555,7555,7548,1001,4026531840,tsm,ip-10-100-1-217,42,connect,[],3,-114,"[{'name': 'sockfd', 'type': 'int', 'value': 326}, {'name': 'addr', 'type': 'struct sockaddr*', 'value': ""{'sa_family': 'AF_INET','sin_port': '22','sin_addr': '192.168.19.105'}""}, {'name': 'addrlen', 'type': 'int', 'value': 16}]",1,1
487.09366,7555,7555,7548,1001,4026531840,tsm,ip-10-100-1-217,42,connect,[],3,-114,"[{'name': 'sockfd', 'type': 'int', 'value': 327}, {'name': 'addr', 'type': 'struct sockaddr*', 'value': ""{'sa_family': 'AF_INET','sin_port': '22','sin_addr': '192.168.19.106'}""}, {'name': 'addrlen', 'type': 'int', 'value': 16}]",1,1
487.093681,7555,7555,7548,1001,4026531840,tsm,ip-10-100-1-217,42,connect,[],3,-114,"[{'name': 'sockfd', 'type': 'int', 'value': 328}, {'name': 'addr', 'type': 'struct sockaddr*', 'value': ""{'sin_addr': '192.168.19.107','sa_family': 'AF_INET','sin_port': '22'}""}, {'name': 'addrlen', 'type': 'int', 'value': 16}]",1,1
487.093703,7555,7555,7548,1001,4026531840,tsm,ip-10-100-1-217,42,connect,[],3,-114,"[{'name': 'sockfd', 'type': 'int', 'value': 329}, {'name': 'addr', 'type': 'struct sockaddr*', 'value': ""{'sa_family': 'AF_INET','sin_port': '22','sin_addr': '192.168.19.108'}""}, {'name': 'addrlen', 'type': 'int', 'value': 16}]",1,1
487.093736,7555,7555,7548,1001,4026531840,tsm,ip-10-100-1-217,42,connect,[],3,-114,"[{'name': 'sockfd', 'type': 'int', 'value': 330}, {'name': 'addr', 'type': 'struct sockaddr*', 'value': ""{'sin_addr': '192.168.19.109','sa_family': 'AF_INET','sin_port': '22'}""}, {'name': 'addrlen', 'type': 'int', 'value': 16}]",1,1
487.093758,7555,7555,7548,1001,4026531840,tsm,ip-10-100-1-217,42,connect,[],3,-114,"[{'name': 'sockfd', 'type': 'int', 'value': 331}, {'name': 'addr', 'type': 'struct sockaddr*', 'value': ""{'sa_family': 'AF_INET','sin_port': '22','sin_addr': '192.168.19.110'}""}, {'name': 'addrlen', 'type': 'int', 'value': 16}]",1,1
487.093784,7555,7555,7548,1001,4026531840,tsm,ip-10-100-1-217,42,connect,[],3,-114,"[{'name': 'sockfd', 'type': 'int', 'value': 332}, {'name': 'addr', 'type': 'struct sockaddr*', 'value': ""{'sa_family': 'AF_INET','sin_port': '22','sin_addr': '192.168.19.111'}""}, {'name': 'addrlen', 'type': 'int', 'value': 16}]",1,1
487.093806,7555,7555,7548,1001,4026531840,tsm,ip-10-100-1-217,42,connect,[],3,-114,"[{'name': 'sockfd', 'type': 'int', 'value': 333}, {'name': 'addr', 'type': 'struct sockaddr*', 'value': ""{'sa_family': 'AF_INET','sin_port': '22','sin_addr': '192.168.19.112'}""}, {'name': 'addrlen', 'type': 'int', 'value': 16}]",1,1
487.093828,7555,7555,7548,1001,4026531840,tsm,ip-10-100-1-217,42,connect,[],3,-114,"[{'name': 'sockfd', 'type': 'int', 'value': 334}, {'name': 'addr', 'type': 'struct sockaddr*', 'value': ""{'sa_family': 'AF_INET','sin_port': '22','sin_addr': '192.168.19.113'}""}, {'name': 'addrlen', 'type': 'int', 'value': 16}]",1,1
487.09385,7555,7555,7548,1001,4026531840,tsm,ip-10-100-1-217,42,connect,[],3,-114,"[{'name': 'sockfd', 'type': 'int', 'value': 335}, {'name': 'addr', 'type': 'struct sockaddr*', 'value': ""{'sa_family': 'AF_INET','sin_port': '22','sin_addr': '192.168.19.114'}""}, {'name': 'addrlen', 'type': 'int', 'value': 16}]",1,1
487.093872,7555,7555,7548,1001,4026531840,tsm,ip-10-100-1-217,42,connect,[],3,-114,"[{'name': 'sockfd', 'type': 'int', 'value': 336}, {'name': 'addr', 'type': 'struct sockaddr*', 'value': ""{'sa_family': 'AF_INET','sin_port': '22','sin_addr': '192.168.19.115'}""}, {'name': 'addrlen', 'type': 'int', 'value': 16}]",1,1
487.093894,7555,7555,7548,1001,4026531840,tsm,ip-10-100-1-217,42,connect,[],3,-114,"[{'name': 'sockfd', 'type': 'int', 'value': 337}, {'name': 'addr', 'type': 'struct sockaddr*', 'value': ""{'sa_family': 'AF_INET','sin_port': '22','sin_addr': '192.168.19.116'}""}, {'name': 'addrlen', 'type': 'int', 'value': 16}]",1,1
487.093916,7555,7555,7548,1001,4026531840,tsm,ip-10-100-1-217,42,connect,[],3,-114,"[{'name': 'sockfd', 'type': 'int', 'value': 338}, {'name': 'addr', 'type': 'struct sockaddr*', 'value': ""{'sa_family': 'AF_INET','sin_port': '22','sin_addr': '192.168.19.117'}""}, {'name': 'addrlen', 'type': 'int', 'value': 16}]",1,1
487.093938,7555,7555,7548,1001,4026531840,tsm,ip-10-100-1-217,42,connect,[],3,-114,"[{'name': 'sockfd', 'type': 'int', 'value': 339}, {'name': 'addr', 'type': 'struct sockaddr*', 'value': ""{'sin_addr': '192.168.19.118','sa_family': 'AF_INET','sin_port': '22'}""}, {'name': 'addrlen', 'type': 'int', 'value': 16}]",1,1
487.09396,7555,7555,7548,1001,4026531840,tsm,ip-10-100-1-217,42,connect,[],3,-114,"[{'name': 'sockfd', 'type': 'int', 'value': 340}, {'name': 'addr', 'type': 'struct sockaddr*', 'value': ""{'sa_family': 'AF_INET','sin_port': '22','sin_addr': '192.168.19.119'}""}, {'name': 'addrlen', 'type': 'int', 'value': 16}]",1,1
487.093982,7555,7555,7548,1001,4026531840,tsm,ip-10-100-1-217,42,connect,[],3,-114,"[{'name': 'sockfd', 'type': 'int', 'value': 341}, {'name': 'addr', 'type': 'struct sockaddr*', 'value': ""{'sa_family': 'AF_INET','sin_port': '22','sin_addr': '192.168.19.120'}""}, {'name': 'addrlen', 'type': 'int', 'value': 16}]",1,1
487.094004,7555,7555,7548,1001,4026531840,tsm,ip-10-100-1-217,42,connect,[],3,-114,"[{'name': 'sockfd', 'type': 'int', 'value': 342}, {'name': 'addr', 'type': 'struct sockaddr*', 'value': ""{'sa_family': 'AF_INET','sin_port': '22','sin_addr': '192.168.19.121'}""}, {'name': 'addrlen', 'type': 'int', 'value': 16}]",1,1
487.094026,7555,7555,7548,1001,4026531840,tsm,ip-10-100-1-217,42,connect,[],3,-114,"[{'name': 'sockfd', 'type': 'int', 'value': 343}, {'name': 'addr', 'type': 'struct sockaddr*', 'value': ""{'sa_family': 'AF_INET','sin_port': '22','sin_addr': '192.168.19.122'}""}, {'name': 'addrlen', 'type': 'int', 'value': 16}]",1,1
487.094049,7555,7555,7548,1001,4026531840,tsm,ip-10-100-1-217,42,connect,[],3,-114,"[{'name': 'sockfd', 'type': 'int', 'value': 344}, {'name': 'addr', 'type': 'struct sockaddr*', 'value': ""{'sa_family': 'AF_INET','sin_port': '22','sin_addr': '192.168.19.123'}""}, {'name': 'addrlen', 'type': 'int', 'value': 16}]",1,1
487.094071,7555,7555,7548,1001,4026531840,tsm,ip-10-100-1-217,42,connect,[],3,-114,"[{'name': 'sockfd', 'type': 'int', 'value': 345}, {'name': 'addr', 'type': 'struct sockaddr*', 'value': ""{'sa_family': 'AF_INET','sin_port': '22','sin_addr': '192.168.19.124'}""}, {'name': 'addrlen', 'type': 'int', 'value': 16}]",1,1
487.094106,7555,7555,7548,1001,4026531840,tsm,ip-10-100-1-217,42,connect,[],3,-114,"[{'name': 'sockfd', 'type': 'int', 'value': 346}, {'name': 'addr', 'type': 'struct sockaddr*', 'value': ""{'sin_addr': '192.168.19.125','sa_family': 'AF_INET','sin_port': '22'}""}, {'name': 'addrlen', 'type': 'int', 'value': 16}]",1,1
487.094127,7555,7555,7548,1001,4026531840,tsm,ip-10-100-1-217,42,connect,[],3,-114,"[{'name': 'sockfd', 'type': 'int', 'value': 347}, {'name': 'addr', 'type': 'struct sockaddr*', 'value': ""{'sa_family': 'AF_INET','sin_port': '22','sin_addr': '192.168.19.126'}""}, {'name': 'addrlen', 'type': 'int', 'value': 16}]",1,1
487.094149,7555,7555,7548,1001,4026531840,tsm,ip-10-100-1-217,42,connect,[],3,-114,"[{'name': 'sockfd', 'type': 'int', 'value': 348}, {'name': 'addr', 'type': 'struct sockaddr*', 'value': ""{'sa_family': 'AF_INET','sin_port': '22','sin_addr': '192.168.19.127'}""}, {'name': 'addrlen', 'type': 'int', 'value': 16}]",1,1
487.09417,7555,7555,7548,1001,4026531840,tsm,ip-10-100-1-217,42,connect,[],3,-114,"[{'name': 'sockfd', 'type': 'int', 'value': 349}, {'name': 'addr', 'type': 'struct sockaddr*', 'value': ""{'sa_family': 'AF_INET','sin_port': '22','sin_addr': '192.168.19.128'}""}, {'name': 'addrlen', 'type': 'int', 'value': 16}]",1,1
487.094191,7555,7555,7548,1001,4026531840,tsm,ip-10-100-1-217,42,connect,[],3,-114,"[{'name': 'sockfd', 'type': 'int', 'value': 350}, {'name': 'addr', 'type': 'struct sockaddr*', 'value': ""{'sa_family': 'AF_INET','sin_port': '22','sin_addr': '192.168.19.129'}""}, {'name': 'addrlen', 'type': 'int', 'value': 16}]",1,1
487.094224,7555,7555,7548,1001,4026531840,tsm,ip-10-100-1-217,42,connect,[],3,-114,"[{'name': 'sockfd', 'type': 'int', 'value': 351}, {'name': 'addr', 'type': 'struct sockaddr*', 'value': ""{'sa_family': 'AF_INET','sin_port': '22','sin_addr': '192.168.19.130'}""}, {'name': 'addrlen', 'type': 'int', 'value': 16}]",1,1
487.094246,7555,7555,7548,1001,4026531840,tsm,ip-10-100-1-217,42,connect,[],3,-114,"[{'name': 'sockfd', 'type': 'int', 'value': 352}, {'name': 'addr', 'type': 'struct sockaddr*', 'value': ""{'sa_family': 'AF_INET','sin_port': '22','sin_addr': '192.168.19.131'}""}, {'name': 'addrlen', 'type': 'int', 'value': 16}]",1,1
487.094268,7555,7555,7548,1001,4026531840,tsm,ip-10-100-1-217,42,connect,[],3,-114,"[{'name': 'sockfd', 'type': 'int', 'value': 353}, {'name': 'addr', 'type': 'struct sockaddr*', 'value': ""{'sa_family': 'AF_INET','sin_port': '22','sin_addr': '192.168.19.132'}""}, {'name': 'addrlen', 'type': 'int', 'value': 16}]",1,1
487.09429,7555,7555,7548,1001,4026531840,tsm,ip-10-100-1-217,42,connect,[],3,-114,"[{'name': 'sockfd', 'type': 'int', 'value': 354}, {'name': 'addr', 'type': 'struct sockaddr*', 'value': ""{'sa_family': 'AF_INET','sin_port': '22','sin_addr': '192.168.19.133'}""}, {'name': 'addrlen', 'type': 'int', 'value': 16}]",1,1
487.094312,7555,7555,7548,1001,4026531840,tsm,ip-10-100-1-217,42,connect,[],3,-114,"[{'name': 'sockfd', 'type': 'int', 'value': 355}, {'name': 'addr', 'type': 'struct sockaddr*', 'value': ""{'sa_family': 'AF_INET','sin_port': '22','sin_addr': '192.168.19.134'}""}, {'name': 'addrlen', 'type': 'int', 'value': 16}]",1,1
487.094334,7555,7555,7548,1001,4026531840,tsm,ip-10-100-1-217,42,connect,[],3,-114,"[{'name': 'sockfd', 'type': 'int', 'value': 356}, {'name': 'addr', 'type': 'struct sockaddr*', 'value': ""{'sa_family': 'AF_INET','sin_port': '22','sin_addr': '192.168.19.135'}""}, {'name': 'addrlen', 'type': 'int', 'value': 16}]",1,1
487.094356,7555,7555,7548,1001,4026531840,tsm,ip-10-100-1-217,42,connect,[],3,-114,"[{'name': 'sockfd', 'type': 'int', 'value': 357}, {'name': 'addr', 'type': 'struct sockaddr*', 'value': ""{'sa_family': 'AF_INET','sin_port': '22','sin_addr': '192.168.19.136'}""}, {'name': 'addrlen', 'type': 'int', 'value': 16}]",1,1
487.094378,7555,7555,7548,1001,4026531840,tsm,ip-10-100-1-217,42,connect,[],3,-114,"[{'name': 'sockfd', 'type': 'int', 'value': 358}, {'name': 'addr', 'type': 'struct sockaddr*', 'value': ""{'sa_family': 'AF_INET','sin_port': '22','sin_addr': '192.168.19.137'}""}, {'name': 'addrlen', 'type': 'int', 'value': 16}]",1,1
487.0944,7555,7555,7548,1001,4026531840,tsm,ip-10-100-1-217,42,connect,[],3,-114,"[{'name': 'sockfd', 'type': 'int', 'value': 359}, {'name': 'addr', 'type': 'struct sockaddr*', 'value': ""{'sa_family': 'AF_INET','sin_port': '22','sin_addr': '192.168.19.138'}""}, {'name': 'addrlen', 'type': 'int', 'value': 16}]",1,1
487.094422,7555,7555,7548,1001,4026531840,tsm,ip-10-100-1-217,42,connect,[],3,-114,"[{'name': 'sockfd', 'type': 'int', 'value': 360}, {'name': 'addr', 'type': 'struct sockaddr*', 'value': ""{'sa_family': 'AF_INET','sin_port': '22','sin_addr': '192.168.19.139'}""}, {'name': 'addrlen', 'type': 'int', 'value': 16}]",1,1
487.094445,7555,7555,7548,1001,4026531840,tsm,ip-10-100-1-217,42,connect,[],3,-114,"[{'name': 'sockfd', 'type': 'int', 'value': 361}, {'name': 'addr', 'type': 'struct sockaddr*', 'value': ""{'sa_family': 'AF_INET','sin_port': '22','sin_addr': '192.168.19.140'}""}, {'name': 'addrlen', 'type': 'int', 'value': 16}]",1,1
487.097074,7555,7555,7548,1001,4026531840,tsm,ip-10-100-1-217,42,connect,[],3,-114,"[{'name': 'sockfd', 'type': 'int', 'value': 362}, {'name': 'addr', 'type': 'struct sockaddr*', 'value': ""{'sin_port': '22','sin_addr': '192.168.19.141','sa_family': 'AF_INET'}""}, {'name': 'addrlen', 'type': 'int', 'value': 16}]",1,1
487.097128,7555,7555,7548,1001,4026531840,tsm,ip-10-100-1-217,42,connect,[],3,-114,"[{'name': 'sockfd', 'type': 'int', 'value': 363}, {'name': 'addr', 'type': 'struct sockaddr*', 'value': ""{'sin_port': '22','sin_addr': '192.168.19.142','sa_family': 'AF_INET'}""}, {'name': 'addrlen', 'type': 'int', 'value': 16}]",1,1
487.097151,7555,7555,7548,1001,4026531840,tsm,ip-10-100-1-217,42,connect,[],3,-114,"[{'name': 'sockfd', 'type': 'int', 'value': 364}, {'name': 'addr', 'type': 'struct sockaddr*', 'value': ""{'sa_family': 'AF_INET','sin_port': '22','sin_addr': '192.168.19.143'}""}, {'name': 'addrlen', 'type': 'int', 'value': 16}]",1,1
487.097176,7555,7555,7548,1001,4026531840,tsm,ip-10-100-1-217,42,connect,[],3,-114,"[{'name': 'sockfd', 'type': 'int', 'value': 365}, {'name': 'addr', 'type': 'struct sockaddr*', 'value': ""{'sin_port': '22','sin_addr': '192.168.19.144','sa_family': 'AF_INET'}""}, {'name': 'addrlen', 'type': 'int', 'value': 16}]",1,1
487.097206,7555,7555,7548,1001,4026531840,tsm,ip-10-100-1-217,42,connect,[],3,-114,"[{'name': 'sockfd', 'type': 'int', 'value': 366}, {'name': 'addr', 'type': 'struct sockaddr*', 'value': ""{'sin_addr': '192.168.19.145','sa_family': 'AF_INET','sin_port': '22'}""}, {'name': 'addrlen', 'type': 'int', 'value': 16}]",1,1
487.097231,7555,7555,7548,1001,4026531840,tsm,ip-10-100-1-217,42,connect,[],3,-114,"[{'name': 'sockfd', 'type': 'int', 'value': 367}, {'name': 'addr', 'type': 'struct sockaddr*', 'value': ""{'sa_family': 'AF_INET','sin_port': '22','sin_addr': '192.168.19.146'}""}, {'name': 'addrlen', 'type': 'int', 'value': 16}]",1,1
487.097252,7555,7555,7548,1001,4026531840,tsm,ip-10-100-1-217,42,connect,[],3,-114,"[{'name': 'sockfd', 'type': 'int', 'value': 368}, {'name': 'addr', 'type': 'struct sockaddr*', 'value': ""{'sa_family': 'AF_INET','sin_port': '22','sin_addr': '192.168.19.147'}""}, {'name': 'addrlen', 'type': 'int', 'value': 16}]",1,1
487.097273,7555,7555,7548,1001,4026531840,tsm,ip-10-100-1-217,42,connect,[],3,-114,"[{'name': 'sockfd', 'type': 'int', 'value': 369}, {'name': 'addr', 'type': 'struct sockaddr*', 'value': ""{'sin_port': '22','sin_addr': '192.168.19.148','sa_family': 'AF_INET'}""}, {'name': 'addrlen', 'type': 'int', 'value': 16}]",1,1
487.097307,7555,7555,7548,1001,4026531840,tsm,ip-10-100-1-217,42,connect,[],3,-114,"[{'name': 'sockfd', 'type': 'int', 'value': 370}, {'name': 'addr', 'type': 'struct sockaddr*', 'value': ""{'sin_port': '22','sin_addr': '192.168.19.149','sa_family': 'AF_INET'}""}, {'name': 'addrlen', 'type': 'int', 'value': 16}]",1,1
487.097329,7555,7555,7548,1001,4026531840,tsm,ip-10-100-1-217,42,connect,[],3,-114,"[{'name': 'sockfd', 'type': 'int', 'value': 371}, {'name': 'addr', 'type': 'struct sockaddr*', 'value': ""{'sa_family': 'AF_INET','sin_port': '22','sin_addr': '192.168.19.150'}""}, {'name': 'addrlen', 'type': 'int', 'value': 16}]",1,1
487.097351,7555,7555,7548,1001,4026531840,tsm,ip-10-100-1-217,42,connect,[],3,-114,"[{'name': 'sockfd', 'type': 'int', 'value': 372}, {'name': 'addr', 'type': 'struct sockaddr*', 'value': ""{'sin_port': '22','sin_addr': '192.168.19.151','sa_family': 'AF_INET'}""}, {'name': 'addrlen', 'type': 'int', 'value': 16}]",1,1
487.097376,7555,7555,7548,1001,4026531840,tsm,ip-10-100-1-217,42,connect,[],3,-114,"[{'name': 'sockfd', 'type': 'int', 'value': 373}, {'name': 'addr', 'type': 'struct sockaddr*', 'value': ""{'sa_family': 'AF_INET','sin_port': '22','sin_addr': '192.168.19.152'}""}, {'name': 'addrlen', 'type': 'int', 'value': 16}]",1,1
487.097398,7555,7555,7548,1001,4026531840,tsm,ip-10-100-1-217,42,connect,[],3,-114,"[{'name': 'sockfd', 'type': 'int', 'value': 374}, {'name': 'addr', 'type': 'struct sockaddr*', 'value': ""{'sa_family': 'AF_INET','sin_port': '22','sin_addr': '192.168.19.153'}""}, {'name': 'addrlen', 'type': 'int', 'value': 16}]",1,1
487.097421,7555,7555,7548,1001,4026531840,tsm,ip-10-100-1-217,42,connect,[],3,-114,"[{'name': 'sockfd', 'type': 'int', 'value': 375}, {'name': 'addr', 'type': 'struct sockaddr*', 'value': ""{'sa_family': 'AF_INET','sin_port': '22','sin_addr': '192.168.19.154'}""}, {'name': 'addrlen', 'type': 'int', 'value': 16}]",1,1
487.097443,7555,7555,7548,1001,4026531840,tsm,ip-10-100-1-217,42,connect,[],3,-114,"[{'name': 'sockfd', 'type': 'int', 'value': 376}, {'name': 'addr', 'type': 'struct sockaddr*', 'value': ""{'sin_addr': '192.168.19.155','sa_family': 'AF_INET','sin_port': '22'}""}, {'name': 'addrlen', 'type': 'int', 'value': 16}]",1,1
487.097465,7555,7555,7548,1001,4026531840,tsm,ip-10-100-1-217,42,connect,[],3,-114,"[{'name': 'sockfd', 'type': 'int', 'value': 377}, {'name': 'addr', 'type': 'struct sockaddr*', 'value': ""{'sa_family': 'AF_INET','sin_port': '22','sin_addr': '192.168.19.156'}""}, {'name': 'addrlen', 'type': 'int', 'value': 16}]",1,1
487.097487,7555,7555,7548,1001,4026531840,tsm,ip-10-100-1-217,42,connect,[],3,-114,"[{'name': 'sockfd', 'type': 'int', 'value': 378}, {'name': 'addr', 'type': 'struct sockaddr*', 'value': ""{'sa_family': 'AF_INET','sin_port': '22','sin_addr': '192.168.19.157'}""}, {'name': 'addrlen', 'type': 'int', 'value': 16}]",1,1
487.09751,7555,7555,7548,1001,4026531840,tsm,ip-10-100-1-217,42,connect,[],3,-114,"[{'name': 'sockfd', 'type': 'int', 'value': 379}, {'name': 'addr', 'type': 'struct sockaddr*', 'value': ""{'sa_family': 'AF_INET','sin_port': '22','sin_addr': '192.168.19.158'}""}, {'name': 'addrlen', 'type': 'int', 'value': 16}]",1,1
487.097532,7555,7555,7548,1001,4026531840,tsm,ip-10-100-1-217,42,connect,[],3,-114,"[{'name': 'sockfd', 'type': 'int', 'value': 380}, {'name': 'addr', 'type': 'struct sockaddr*', 'value': ""{'sa_family': 'AF_INET','sin_port': '22','sin_addr': '192.168.19.159'}""}, {'name': 'addrlen', 'type': 'int', 'value': 16}]",1,1
487.097554,7555,7555,7548,1001,4026531840,tsm,ip-10-100-1-217,42,connect,[],3,-114,"[{'name': 'sockfd', 'type': 'int', 'value': 381}, {'name': 'addr', 'type': 'struct sockaddr*', 'value': ""{'sin_addr': '192.168.19.160','sa_family': 'AF_INET','sin_port': '22'}""}, {'name': 'addrlen', 'type': 'int', 'value': 16}]",1,1
487.097576,7555,7555,7548,1001,4026531840,tsm,ip-10-100-1-217,42,connect,[],3,-114,"[{'name': 'sockfd', 'type': 'int', 'value': 382}, {'name': 'addr', 'type': 'struct sockaddr*', 'value': ""{'sa_family': 'AF_INET','sin_port': '22','sin_addr': '192.168.19.161'}""}, {'name': 'addrlen', 'type': 'int', 'value': 16}]",1,1
487.097598,7555,7555,7548,1001,4026531840,tsm,ip-10-100-1-217,42,connect,[],3,-114,"[{'name': 'sockfd', 'type': 'int', 'value': 383}, {'name': 'addr', 'type': 'struct sockaddr*', 'value': ""{'sa_family': 'AF_INET','sin_port': '22','sin_addr': '192.168.19.162'}""}, {'name': 'addrlen', 'type': 'int', 'value': 16}]",1,1
487.09762,7555,7555,7548,1001,4026531840,tsm,ip-10-100-1-217,42,connect,[],3,-114,"[{'name': 'sockfd', 'type': 'int', 'value': 384}, {'name': 'addr', 'type': 'struct sockaddr*', 'value': ""{'sa_family': 'AF_INET','sin_port': '22','sin_addr': '192.168.19.163'}""}, {'name': 'addrlen', 'type': 'int', 'value': 16}]",1,1
487.097642,7555,7555,7548,1001,4026531840,tsm,ip-10-100-1-217,42,connect,[],3,-114,"[{'name': 'sockfd', 'type': 'int', 'value': 385}, {'name': 'addr', 'type': 'struct sockaddr*', 'value': ""{'sin_addr': '192.168.19.164','sa_family': 'AF_INET','sin_port': '22'}""}, {'name': 'addrlen', 'type': 'int', 'value': 16}]",1,1
487.097665,7555,7555,7548,1001,4026531840,tsm,ip-10-100-1-217,42,connect,[],3,-114,"[{'name': 'sockfd', 'type': 'int', 'value': 386}, {'name': 'addr', 'type': 'struct sockaddr*', 'value': ""{'sin_addr': '192.168.19.165','sa_family': 'AF_INET','sin_port': '22'}""}, {'name': 'addrlen', 'type': 'int', 'value': 16}]",1,1
487.097687,7555,7555,7548,1001,4026531840,tsm,ip-10-100-1-217,42,connect,[],3,-114,"[{'name': 'sockfd', 'type': 'int', 'value': 387}, {'name': 'addr', 'type': 'struct sockaddr*', 'value': ""{'sin_port': '22','sin_addr': '192.168.19.166','sa_family': 'AF_INET'}""}, {'name': 'addrlen', 'type': 'int', 'value': 16}]",1,1
487.097709,7555,7555,7548,1001,4026531840,tsm,ip-10-100-1-217,42,connect,[],3,-114,"[{'name': 'sockfd', 'type': 'int', 'value': 388}, {'name': 'addr', 'type': 'struct sockaddr*', 'value': ""{'sin_addr': '192.168.19.167','sa_family': 'AF_INET','sin_port': '22'}""}, {'name': 'addrlen', 'type': 'int', 'value': 16}]",1,1
487.097731,7555,7555,7548,1001,4026531840,tsm,ip-10-100-1-217,42,connect,[],3,-114,"[{'name': 'sockfd', 'type': 'int', 'value': 389}, {'name': 'addr', 'type': 'struct sockaddr*', 'value': ""{'sin_port': '22','sin_addr': '192.168.19.168','sa_family': 'AF_INET'}""}, {'name': 'addrlen', 'type': 'int', 'value': 16}]",1,1
487.097753,7555,7555,7548,1001,4026531840,tsm,ip-10-100-1-217,42,connect,[],3,-114,"[{'name': 'sockfd', 'type': 'int', 'value': 390}, {'name': 'addr', 'type': 'struct sockaddr*', 'value': ""{'sa_family': 'AF_INET','sin_port': '22','sin_addr': '192.168.19.169'}""}, {'name': 'addrlen', 'type': 'int', 'value': 16}]",1,1
487.097775,7555,7555,7548,1001,4026531840,tsm,ip-10-100-1-217,42,connect,[],3,-114,"[{'name': 'sockfd', 'type': 'int', 'value': 391}, {'name': 'addr', 'type': 'struct sockaddr*', 'value': ""{'sa_family': 'AF_INET','sin_port': '22','sin_addr': '192.168.19.170'}""}, {'name': 'addrlen', 'type': 'int', 'value': 16}]",1,1
487.097797,7555,7555,7548,1001,4026531840,tsm,ip-10-100-1-217,42,connect,[],3,-114,"[{'name': 'sockfd', 'type': 'int', 'value': 392}, {'name': 'addr', 'type': 'struct sockaddr*', 'value': ""{'sin_port': '22','sin_addr': '192.168.19.171','sa_family': 'AF_INET'}""}, {'name': 'addrlen', 'type': 'int', 'value': 16}]",1,1
487.097822,7555,7555,7548,1001,4026531840,tsm,ip-10-100-1-217,42,connect,[],3,-114,"[{'name': 'sockfd', 'type': 'int', 'value': 393}, {'name': 'addr', 'type': 'struct sockaddr*', 'value': ""{'sa_family': 'AF_INET','sin_port': '22','sin_addr': '192.168.19.172'}""}, {'name': 'addrlen', 'type': 'int', 'value': 16}]",1,1
487.097845,7555,7555,7548,1001,4026531840,tsm,ip-10-100-1-217,42,connect,[],3,-114,"[{'name': 'sockfd', 'type': 'int', 'value': 394}, {'name': 'addr', 'type': 'struct sockaddr*', 'value': ""{'sa_family': 'AF_INET','sin_port': '22','sin_addr': '192.168.19.173'}""}, {'name': 'addrlen', 'type': 'int', 'value': 16}]",1,1
487.097867,7555,7555,7548,1001,4026531840,tsm,ip-10-100-1-217,42,connect,[],3,-114,"[{'name': 'sockfd', 'type': 'int', 'value': 395}, {'name': 'addr', 'type': 'struct sockaddr*', 'value': ""{'sa_family': 'AF_INET','sin_port': '22','sin_addr': '192.168.19.174'}""}, {'name': 'addrlen', 'type': 'int', 'value': 16}]",1,1
487.097889,7555,7555,7548,1001,4026531840,tsm,ip-10-100-1-217,42,connect,[],3,-114,"[{'name': 'sockfd', 'type': 'int', 'value': 396}, {'name': 'addr', 'type': 'struct sockaddr*', 'value': ""{'sin_port': '22','sin_addr': '192.168.19.175','sa_family': 'AF_INET'}""}, {'name': 'addrlen', 'type': 'int', 'value': 16}]",1,1
487.097911,7555,7555,7548,1001,4026531840,tsm,ip-10-100-1-217,42,connect,[],3,-114,"[{'name': 'sockfd', 'type': 'int', 'value': 397}, {'name': 'addr', 'type': 'struct sockaddr*', 'value': ""{'sa_family': 'AF_INET','sin_port': '22','sin_addr': '192.168.19.176'}""}, {'name': 'addrlen', 'type': 'int', 'value': 16}]",1,1
487.097933,7555,7555,7548,1001,4026531840,tsm,ip-10-100-1-217,42,connect,[],3,-114,"[{'name': 'sockfd', 'type': 'int', 'value': 398}, {'name': 'addr', 'type': 'struct sockaddr*', 'value': ""{'sa_family': 'AF_INET','sin_port': '22','sin_addr': '192.168.19.177'}""}, {'name': 'addrlen', 'type': 'int', 'value': 16}]",1,1
487.097956,7555,7555,7548,1001,4026531840,tsm,ip-10-100-1-217,42,connect,[],3,-114,"[{'name': 'sockfd', 'type': 'int', 'value': 399}, {'name': 'addr', 'type': 'struct sockaddr*', 'value': ""{'sa_family': 'AF_INET','sin_port': '22','sin_addr': '192.168.19.178'}""}, {'name': 'addrlen', 'type': 'int', 'value': 16}]",1,1
487.097978,7555,7555,7548,1001,4026531840,tsm,ip-10-100-1-217,42,connect,[],3,-114,"[{'name': 'sockfd', 'type': 'int', 'value': 400}, {'name': 'addr', 'type': 'struct sockaddr*', 'value': ""{'sa_family': 'AF_INET','sin_port': '22','sin_addr': '192.168.19.179'}""}, {'name': 'addrlen', 'type': 'int', 'value': 16}]",1,1
487.098,7555,7555,7548,1001,4026531840,tsm,ip-10-100-1-217,42,connect,[],3,-114,"[{'name': 'sockfd', 'type': 'int', 'value': 401}, {'name': 'addr', 'type': 'struct sockaddr*', 'value': ""{'sa_family': 'AF_INET','sin_port': '22','sin_addr': '192.168.19.180'}""}, {'name': 'addrlen', 'type': 'int', 'value': 16}]",1,1
487.098035,7555,7555,7548,1001,4026531840,tsm,ip-10-100-1-217,42,connect,[],3,-114,"[{'name': 'sockfd', 'type': 'int', 'value': 402}, {'name': 'addr', 'type': 'struct sockaddr*', 'value': ""{'sin_addr': '192.168.19.181','sa_family': 'AF_INET','sin_port': '22'}""}, {'name': 'addrlen', 'type': 'int', 'value': 16}]",1,1
487.098056,7555,7555,7548,1001,4026531840,tsm,ip-10-100-1-217,42,connect,[],3,-114,"[{'name': 'sockfd', 'type': 'int', 'value': 403}, {'name': 'addr', 'type': 'struct sockaddr*', 'value': ""{'sa_family': 'AF_INET','sin_port': '22','sin_addr': '192.168.19.182'}""}, {'name': 'addrlen', 'type': 'int', 'value': 16}]",1,1
487.098077,7555,7555,7548,1001,4026531840,tsm,ip-10-100-1-217,42,connect,[],3,-114,"[{'name': 'sockfd', 'type': 'int', 'value': 404}, {'name': 'addr', 'type': 'struct sockaddr*', 'value': ""{'sin_port': '22','sin_addr': '192.168.19.183','sa_family': 'AF_INET'}""}, {'name': 'addrlen', 'type': 'int', 'value': 16}]",1,1
487.098099,7555,7555,7548,1001,4026531840,tsm,ip-10-100-1-217,42,connect,[],3,-114,"[{'name': 'sockfd', 'type': 'int', 'value': 405}, {'name': 'addr', 'type': 'struct sockaddr*', 'value': ""{'sa_family': 'AF_INET','sin_port': '22','sin_addr': '192.168.19.184'}""}, {'name': 'addrlen', 'type': 'int', 'value': 16}]",1,1
487.09812,7555,7555,7548,1001,4026531840,tsm,ip-10-100-1-217,42,connect,[],3,-114,"[{'name': 'sockfd', 'type': 'int', 'value': 406}, {'name': 'addr', 'type': 'struct sockaddr*', 'value': ""{'sin_port': '22','sin_addr': '192.168.19.185','sa_family': 'AF_INET'}""}, {'name': 'addrlen', 'type': 'int', 'value': 16}]",1,1
487.098142,7555,7555,7548,1001,4026531840,tsm,ip-10-100-1-217,42,connect,[],3,-114,"[{'name': 'sockfd', 'type': 'int', 'value': 407}, {'name': 'addr', 'type': 'struct sockaddr*', 'value': ""{'sa_family': 'AF_INET','sin_port': '22','sin_addr': '192.168.19.186'}""}, {'name': 'addrlen', 'type': 'int', 'value': 16}]",1,1
487.098163,7555,7555,7548,1001,4026531840,tsm,ip-10-100-1-217,42,connect,[],3,-114,"[{'name': 'sockfd', 'type': 'int', 'value': 408}, {'name': 'addr', 'type': 'struct sockaddr*', 'value': ""{'sa_family': 'AF_INET','sin_port': '22','sin_addr': '192.168.19.187'}""}, {'name': 'addrlen', 'type': 'int', 'value': 16}]",1,1
487.098184,7555,7555,7548,1001,4026531840,tsm,ip-10-100-1-217,42,connect,[],3,-114,"[{'name': 'sockfd', 'type': 'int', 'value': 409}, {'name': 'addr', 'type': 'struct sockaddr*', 'value': ""{'sa_family': 'AF_INET','sin_port': '22','sin_addr': '192.168.19.188'}""}, {'name': 'addrlen', 'type': 'int', 'value': 16}]",1,1
487.098206,7555,7555,7548,1001,4026531840,tsm,ip-10-100-1-217,42,connect,[],3,-114,"[{'name': 'sockfd', 'type': 'int', 'value': 410}, {'name': 'addr', 'type': 'struct sockaddr*', 'value': ""{'sa_family': 'AF_INET','sin_port': '22','sin_addr': '192.168.19.189'}""}, {'name': 'addrlen', 'type': 'int', 'value': 16}]",1,1
487.098227,7555,7555,7548,1001,4026531840,tsm,ip-10-100-1-217,42,connect,[],3,-114,"[{'name': 'sockfd', 'type': 'int', 'value': 411}, {'name': 'addr', 'type': 'struct sockaddr*', 'value': ""{'sa_family': 'AF_INET','sin_port': '22','sin_addr': '192.168.19.190'}""}, {'name': 'addrlen', 'type': 'int', 'value': 16}]",1,1
487.098248,7555,7555,7548,1001,4026531840,tsm,ip-10-100-1-217,42,connect,[],3,-114,"[{'name': 'sockfd', 'type': 'int', 'value': 412}, {'name': 'addr', 'type': 'struct sockaddr*', 'value': ""{'sa_family': 'AF_INET','sin_port': '22','sin_addr': '192.168.19.191'}""}, {'name': 'addrlen', 'type': 'int', 'value': 16}]",1,1
487.09827,7555,7555,7548,1001,4026531840,tsm,ip-10-100-1-217,42,connect,[],3,-114,"[{'name': 'sockfd', 'type': 'int', 'value': 413}, {'name': 'addr', 'type': 'struct sockaddr*', 'value': ""{'sa_family': 'AF_INET','sin_port': '22','sin_addr': '192.168.19.192'}""}, {'name': 'addrlen', 'type': 'int', 'value': 16}]",1,1
487.098291,7555,7555,7548,1001,4026531840,tsm,ip-10-100-1-217,42,connect,[],3,-114,"[{'name': 'sockfd', 'type': 'int', 'value': 414}, {'name': 'addr', 'type': 'struct sockaddr*', 'value': ""{'sin_addr': '192.168.19.193','sa_family': 'AF_INET','sin_port': '22'}""}, {'name': 'addrlen', 'type': 'int', 'value': 16}]",1,1
487.098312,7555,7555,7548,1001,4026531840,tsm,ip-10-100-1-217,42,connect,[],3,-114,"[{'name': 'sockfd', 'type': 'int', 'value': 415}, {'name': 'addr', 'type': 'struct sockaddr*', 'value': ""{'sa_family': 'AF_INET','sin_port': '22','sin_addr': '192.168.19.194'}""}, {'name': 'addrlen', 'type': 'int', 'value': 16}]",1,1
487.098333,7555,7555,7548,1001,4026531840,tsm,ip-10-100-1-217,42,connect,[],3,-114,"[{'name': 'sockfd', 'type': 'int', 'value': 416}, {'name': 'addr', 'type': 'struct sockaddr*', 'value': ""{'sa_family': 'AF_INET','sin_port': '22','sin_addr': '192.168.19.195'}""}, {'name': 'addrlen', 'type': 'int', 'value': 16}]",1,1
487.098355,7555,7555,7548,1001,4026531840,tsm,ip-10-100-1-217,42,connect,[],3,-114,"[{'name': 'sockfd', 'type': 'int', 'value': 417}, {'name': 'addr', 'type': 'struct sockaddr*', 'value': ""{'sa_family': 'AF_INET','sin_port': '22','sin_addr': '192.168.19.196'}""}, {'name': 'addrlen', 'type': 'int', 'value': 16}]",1,1
487.098376,7555,7555,7548,1001,4026531840,tsm,ip-10-100-1-217,42,connect,[],3,-114,"[{'name': 'sockfd', 'type': 'int', 'value': 418}, {'name': 'addr', 'type': 'struct sockaddr*', 'value': ""{'sin_port': '22','sin_addr': '192.168.19.197','sa_family': 'AF_INET'}""}, {'name': 'addrlen', 'type': 'int', 'value': 16}]",1,1
487.098397,7555,7555,7548,1001,4026531840,tsm,ip-10-100-1-217,42,connect,[],3,-114,"[{'name': 'sockfd', 'type': 'int', 'value': 419}, {'name': 'addr', 'type': 'struct sockaddr*', 'value': ""{'sin_addr': '192.168.19.198','sa_family': 'AF_INET','sin_port': '22'}""}, {'name': 'addrlen', 'type': 'int', 'value': 16}]",1,1
487.098418,7555,7555,7548,1001,4026531840,tsm,ip-10-100-1-217,42,connect,[],3,-114,"[{'name': 'sockfd', 'type': 'int', 'value': 420}, {'name': 'addr', 'type': 'struct sockaddr*', 'value': ""{'sin_port': '22','sin_addr': '192.168.19.199','sa_family': 'AF_INET'}""}, {'name': 'addrlen', 'type': 'int', 'value': 16}]",1,1
487.098452,7555,7555,7548,1001,4026531840,tsm,ip-10-100-1-217,42,connect,[],3,-114,"[{'name': 'sockfd', 'type': 'int', 'value': 421}, {'name': 'addr', 'type': 'struct sockaddr*', 'value': ""{'sa_family': 'AF_INET','sin_port': '22','sin_addr': '192.168.19.200'}""}, {'name': 'addrlen', 'type': 'int', 'value': 16}]",1,1
487.099926,7555,7555,7548,1001,4026531840,tsm,ip-10-100-1-217,42,connect,[],3,-114,"[{'name': 'sockfd', 'type': 'int', 'value': 422}, {'name': 'addr', 'type': 'struct sockaddr*', 'value': ""{'sa_family': 'AF_INET','sin_port': '22','sin_addr': '192.168.19.201'}""}, {'name': 'addrlen', 'type': 'int', 'value': 16}]",1,1
487.099954,7555,7555,7548,1001,4026531840,tsm,ip-10-100-1-217,42,connect,[],3,-114,"[{'name': 'sockfd', 'type': 'int', 'value': 423}, {'name': 'addr', 'type': 'struct sockaddr*', 'value': ""{'sin_addr': '192.168.19.202','sa_family': 'AF_INET','sin_port': '22'}""}, {'name': 'addrlen', 'type': 'int', 'value': 16}]",1,1
487.099977,7555,7555,7548,1001,4026531840,tsm,ip-10-100-1-217,42,connect,[],3,-114,"[{'name': 'sockfd', 'type': 'int', 'value': 424}, {'name': 'addr', 'type': 'struct sockaddr*', 'value': ""{'sa_family': 'AF_INET','sin_port': '22','sin_addr': '192.168.19.203'}""}, {'name': 'addrlen', 'type': 'int', 'value': 16}]",1,1
487.099999,7555,7555,7548,1001,4026531840,tsm,ip-10-100-1-217,42,connect,[],3,-114,"[{'name': 'sockfd', 'type': 'int', 'value': 425}, {'name': 'addr', 'type': 'struct sockaddr*', 'value': ""{'sa_family': 'AF_INET','sin_port': '22','sin_addr': '192.168.19.204'}""}, {'name': 'addrlen', 'type': 'int', 'value': 16}]",1,1
487.100021,7555,7555,7548,1001,4026531840,tsm,ip-10-100-1-217,42,connect,[],3,-114,"[{'name': 'sockfd', 'type': 'int', 'value': 426}, {'name': 'addr', 'type': 'struct sockaddr*', 'value': ""{'sa_family': 'AF_INET','sin_port': '22','sin_addr': '192.168.19.205'}""}, {'name': 'addrlen', 'type': 'int', 'value': 16}]",1,1
487.100043,7555,7555,7548,1001,4026531840,tsm,ip-10-100-1-217,42,connect,[],3,-114,"[{'name': 'sockfd', 'type': 'int', 'value': 427}, {'name': 'addr', 'type': 'struct sockaddr*', 'value': ""{'sa_family': 'AF_INET','sin_port': '22','sin_addr': '192.168.19.206'}""}, {'name': 'addrlen', 'type': 'int', 'value': 16}]",1,1
487.100065,7555,7555,7548,1001,4026531840,tsm,ip-10-100-1-217,42,connect,[],3,-114,"[{'name': 'sockfd', 'type': 'int', 'value': 428}, {'name': 'addr', 'type': 'struct sockaddr*', 'value': ""{'sin_addr': '192.168.19.207','sa_family': 'AF_INET','sin_port': '22'}""}, {'name': 'addrlen', 'type': 'int', 'value': 16}]",1,1
487.100087,7555,7555,7548,1001,4026531840,tsm,ip-10-100-1-217,42,connect,[],3,-114,"[{'name': 'sockfd', 'type': 'int', 'value': 429}, {'name': 'addr', 'type': 'struct sockaddr*', 'value': ""{'sin_addr': '192.168.19.208','sa_family': 'AF_INET','sin_port': '22'}""}, {'name': 'addrlen', 'type': 'int', 'value': 16}]",1,1
487.10011,7555,7555,7548,1001,4026531840,tsm,ip-10-100-1-217,42,connect,[],3,-114,"[{'name': 'sockfd', 'type': 'int', 'value': 430}, {'name': 'addr', 'type': 'struct sockaddr*', 'value': ""{'sa_family': 'AF_INET','sin_port': '22','sin_addr': '192.168.19.209'}""}, {'name': 'addrlen', 'type': 'int', 'value': 16}]",1,1
487.100134,7555,7555,7548,1001,4026531840,tsm,ip-10-100-1-217,42,connect,[],3,-114,"[{'name': 'sockfd', 'type': 'int', 'value': 431}, {'name': 'addr', 'type': 'struct sockaddr*', 'value': ""{'sin_addr': '192.168.19.210','sa_family': 'AF_INET','sin_port': '22'}""}, {'name': 'addrlen', 'type': 'int', 'value': 16}]",1,1
487.100157,7555,7555,7548,1001,4026531840,tsm,ip-10-100-1-217,42,connect,[],3,-114,"[{'name': 'sockfd', 'type': 'int', 'value': 432}, {'name': 'addr', 'type': 'struct sockaddr*', 'value': ""{'sa_family': 'AF_INET','sin_port': '22','sin_addr': '192.168.19.211'}""}, {'name': 'addrlen', 'type': 'int', 'value': 16}]",1,1
487.100179,7555,7555,7548,1001,4026531840,tsm,ip-10-100-1-217,42,connect,[],3,-114,"[{'name': 'sockfd', 'type': 'int', 'value': 433}, {'name': 'addr', 'type': 'struct sockaddr*', 'value': ""{'sin_port': '22','sin_addr': '192.168.19.212','sa_family': 'AF_INET'}""}, {'name': 'addrlen', 'type': 'int', 'value': 16}]",1,1
487.100201,7555,7555,7548,1001,4026531840,tsm,ip-10-100-1-217,42,connect,[],3,-114,"[{'name': 'sockfd', 'type': 'int', 'value': 434}, {'name': 'addr', 'type': 'struct sockaddr*', 'value': ""{'sa_family': 'AF_INET','sin_port': '22','sin_addr': '192.168.19.213'}""}, {'name': 'addrlen', 'type': 'int', 'value': 16}]",1,1
487.100223,7555,7555,7548,1001,4026531840,tsm,ip-10-100-1-217,42,connect,[],3,-114,"[{'name': 'sockfd', 'type': 'int', 'value': 435}, {'name': 'addr', 'type': 'struct sockaddr*', 'value': ""{'sin_addr': '192.168.19.214','sa_family': 'AF_INET','sin_port': '22'}""}, {'name': 'addrlen', 'type': 'int', 'value': 16}]",1,1
487.100245,7555,7555,7548,1001,4026531840,tsm,ip-10-100-1-217,42,connect,[],3,-114,"[{'name': 'sockfd', 'type': 'int', 'value': 436}, {'name': 'addr', 'type': 'struct sockaddr*', 'value': ""{'sa_family': 'AF_INET','sin_port': '22','sin_addr': '192.168.19.215'}""}, {'name': 'addrlen', 'type': 'int', 'value': 16}]",1,1
487.100267,7555,7555,7548,1001,4026531840,tsm,ip-10-100-1-217,42,connect,[],3,-114,"[{'name': 'sockfd', 'type': 'int', 'value': 437}, {'name': 'addr', 'type': 'struct sockaddr*', 'value': ""{'sin_addr': '192.168.19.216','sa_family': 'AF_INET','sin_port': '22'}""}, {'name': 'addrlen', 'type': 'int', 'value': 16}]",1,1
487.100289,7555,7555,7548,1001,4026531840,tsm,ip-10-100-1-217,42,connect,[],3,-114,"[{'name': 'sockfd', 'type': 'int', 'value': 438}, {'name': 'addr', 'type': 'struct sockaddr*', 'value': ""{'sa_family': 'AF_INET','sin_port': '22','sin_addr': '192.168.19.217'}""}, {'name': 'addrlen', 'type': 'int', 'value': 16}]",1,1
487.100311,7555,7555,7548,1001,4026531840,tsm,ip-10-100-1-217,42,connect,[],3,-114,"[{'name': 'sockfd', 'type': 'int', 'value': 439}, {'name': 'addr', 'type': 'struct sockaddr*', 'value': ""{'sa_family': 'AF_INET','sin_port': '22','sin_addr': '192.168.19.218'}""}, {'name': 'addrlen', 'type': 'int', 'value': 16}]",1,1
487.100333,7555,7555,7548,1001,4026531840,tsm,ip-10-100-1-217,42,connect,[],3,-114,"[{'name': 'sockfd', 'type': 'int', 'value': 440}, {'name': 'addr', 'type': 'struct sockaddr*', 'value': ""{'sin_port': '22','sin_addr': '192.168.19.219','sa_family': 'AF_INET'}""}, {'name': 'addrlen', 'type': 'int', 'value': 16}]",1,1
487.100356,7555,7555,7548,1001,4026531840,tsm,ip-10-100-1-217,42,connect,[],3,-114,"[{'name': 'sockfd', 'type': 'int', 'value': 441}, {'name': 'addr', 'type': 'struct sockaddr*', 'value': ""{'sin_addr': '192.168.19.220','sa_family': 'AF_INET','sin_port': '22'}""}, {'name': 'addrlen', 'type': 'int', 'value': 16}]",1,1
487.100378,7555,7555,7548,1001,4026531840,tsm,ip-10-100-1-217,42,connect,[],3,-114,"[{'name': 'sockfd', 'type': 'int', 'value': 442}, {'name': 'addr', 'type': 'struct sockaddr*', 'value': ""{'sa_family': 'AF_INET','sin_port': '22','sin_addr': '192.168.19.221'}""}, {'name': 'addrlen', 'type': 'int', 'value': 16}]",1,1
487.1004,7555,7555,7548,1001,4026531840,tsm,ip-10-100-1-217,42,connect,[],3,-114,"[{'name': 'sockfd', 'type': 'int', 'value': 443}, {'name': 'addr', 'type': 'struct sockaddr*', 'value': ""{'sa_family': 'AF_INET','sin_port': '22','sin_addr': '192.168.19.222'}""}, {'name': 'addrlen', 'type': 'int', 'value': 16}]",1,1
487.100422,7555,7555,7548,1001,4026531840,tsm,ip-10-100-1-217,42,connect,[],3,-114,"[{'name': 'sockfd', 'type': 'int', 'value': 444}, {'name': 'addr', 'type': 'struct sockaddr*', 'value': ""{'sa_family': 'AF_INET','sin_port': '22','sin_addr': '192.168.19.223'}""}, {'name': 'addrlen', 'type': 'int', 'value': 16}]",1,1
487.100444,7555,7555,7548,1001,4026531840,tsm,ip-10-100-1-217,42,connect,[],3,-114,"[{'name': 'sockfd', 'type': 'int', 'value': 445}, {'name': 'addr', 'type': 'struct sockaddr*', 'value': ""{'sa_family': 'AF_INET','sin_port': '22','sin_addr': '192.168.19.224'}""}, {'name': 'addrlen', 'type': 'int', 'value': 16}]",1,1
487.100466,7555,7555,7548,1001,4026531840,tsm,ip-10-100-1-217,42,connect,[],3,-114,"[{'name': 'sockfd', 'type': 'int', 'value': 446}, {'name': 'addr', 'type': 'struct sockaddr*', 'value': ""{'sa_family': 'AF_INET','sin_port': '22','sin_addr': '192.168.19.225'}""}, {'name': 'addrlen', 'type': 'int', 'value': 16}]",1,1
487.100488,7555,7555,7548,1001,4026531840,tsm,ip-10-100-1-217,42,connect,[],3,-114,"[{'name': 'sockfd', 'type': 'int', 'value': 447}, {'name': 'addr', 'type': 'struct sockaddr*', 'value': ""{'sa_family': 'AF_INET','sin_port': '22','sin_addr': '192.168.19.226'}""}, {'name': 'addrlen', 'type': 'int', 'value': 16}]",1,1
487.10051,7555,7555,7548,1001,4026531840,tsm,ip-10-100-1-217,42,connect,[],3,-114,"[{'name': 'sockfd', 'type': 'int', 'value': 448}, {'name': 'addr', 'type': 'struct sockaddr*', 'value': ""{'sa_family': 'AF_INET','sin_port': '22','sin_addr': '192.168.19.227'}""}, {'name': 'addrlen', 'type': 'int', 'value': 16}]",1,1
487.100532,7555,7555,7548,1001,4026531840,tsm,ip-10-100-1-217,42,connect,[],3,-114,"[{'name': 'sockfd', 'type': 'int', 'value': 449}, {'name': 'addr', 'type': 'struct sockaddr*', 'value': ""{'sin_port': '22','sin_addr': '192.168.19.228','sa_family': 'AF_INET'}""}, {'name': 'addrlen', 'type': 'int', 'value': 16}]",1,1
487.100554,7555,7555,7548,1001,4026531840,tsm,ip-10-100-1-217,42,connect,[],3,-114,"[{'name': 'sockfd', 'type': 'int', 'value': 450}, {'name': 'addr', 'type': 'struct sockaddr*', 'value': ""{'sa_family': 'AF_INET','sin_port': '22','sin_addr': '192.168.19.229'}""}, {'name': 'addrlen', 'type': 'int', 'value': 16}]",1,1
487.100576,7555,7555,7548,1001,4026531840,tsm,ip-10-100-1-217,42,connect,[],3,-114,"[{'name': 'sockfd', 'type': 'int', 'value': 451}, {'name': 'addr', 'type': 'struct sockaddr*', 'value': ""{'sa_family': 'AF_INET','sin_port': '22','sin_addr': '192.168.19.230'}""}, {'name': 'addrlen', 'type': 'int', 'value': 16}]",1,1
487.100598,7555,7555,7548,1001,4026531840,tsm,ip-10-100-1-217,42,connect,[],3,-114,"[{'name': 'sockfd', 'type': 'int', 'value': 452}, {'name': 'addr', 'type': 'struct sockaddr*', 'value': ""{'sa_family': 'AF_INET','sin_port': '22','sin_addr': '192.168.19.231'}""}, {'name': 'addrlen', 'type': 'int', 'value': 16}]",1,1
487.100621,7555,7555,7548,1001,4026531840,tsm,ip-10-100-1-217,42,connect,[],3,-114,"[{'name': 'sockfd', 'type': 'int', 'value': 453}, {'name': 'addr', 'type': 'struct sockaddr*', 'value': ""{'sa_family': 'AF_INET','sin_port': '22','sin_addr': '192.168.19.232'}""}, {'name': 'addrlen', 'type': 'int', 'value': 16}]",1,1
487.100643,7555,7555,7548,1001,4026531840,tsm,ip-10-100-1-217,42,connect,[],3,-114,"[{'name': 'sockfd', 'type': 'int', 'value': 454}, {'name': 'addr', 'type': 'struct sockaddr*', 'value': ""{'sa_family': 'AF_INET','sin_port': '22','sin_addr': '192.168.19.233'}""}, {'name': 'addrlen', 'type': 'int', 'value': 16}]",1,1
487.100665,7555,7555,7548,1001,4026531840,tsm,ip-10-100-1-217,42,connect,[],3,-114,"[{'name': 'sockfd', 'type': 'int', 'value': 455}, {'name': 'addr', 'type': 'struct sockaddr*', 'value': ""{'sin_addr': '192.168.19.234','sa_family': 'AF_INET','sin_port': '22'}""}, {'name': 'addrlen', 'type': 'int', 'value': 16}]",1,1
487.100687,7555,7555,7548,1001,4026531840,tsm,ip-10-100-1-217,42,connect,[],3,-114,"[{'name': 'sockfd', 'type': 'int', 'value': 456}, {'name': 'addr', 'type': 'struct sockaddr*', 'value': ""{'sa_family': 'AF_INET','sin_port': '22','sin_addr': '192.168.19.235'}""}, {'name': 'addrlen', 'type': 'int', 'value': 16}]",1,1
487.100709,7555,7555,7548,1001,4026531840,tsm,ip-10-100-1-217,42,connect,[],3,-114,"[{'name': 'sockfd', 'type': 'int', 'value': 457}, {'name': 'addr', 'type': 'struct sockaddr*', 'value': ""{'sa_family': 'AF_INET','sin_port': '22','sin_addr': '192.168.19.236'}""}, {'name': 'addrlen', 'type': 'int', 'value': 16}]",1,1
487.100731,7555,7555,7548,1001,4026531840,tsm,ip-10-100-1-217,42,connect,[],3,-114,"[{'name': 'sockfd', 'type': 'int', 'value': 458}, {'name': 'addr', 'type': 'struct sockaddr*', 'value': ""{'sa_family': 'AF_INET','sin_port': '22','sin_addr': '192.168.19.237'}""}, {'name': 'addrlen', 'type': 'int', 'value': 16}]",1,1
487.100753,7555,7555,7548,1001,4026531840,tsm,ip-10-100-1-217,42,connect,[],3,-114,"[{'name': 'sockfd', 'type': 'int', 'value': 459}, {'name': 'addr', 'type': 'struct sockaddr*', 'value': ""{'sa_family': 'AF_INET','sin_port': '22','sin_addr': '192.168.19.238'}""}, {'name': 'addrlen', 'type': 'int', 'value': 16}]",1,1
487.100775,7555,7555,7548,1001,4026531840,tsm,ip-10-100-1-217,42,connect,[],3,-114,"[{'name': 'sockfd', 'type': 'int', 'value': 460}, {'name': 'addr', 'type': 'struct sockaddr*', 'value': ""{'sa_family': 'AF_INET','sin_port': '22','sin_addr': '192.168.19.239'}""}, {'name': 'addrlen', 'type': 'int', 'value': 16}]",1,1
487.100797,7555,7555,7548,1001,4026531840,tsm,ip-10-100-1-217,42,connect,[],3,-114,"[{'name': 'sockfd', 'type': 'int', 'value': 461}, {'name': 'addr', 'type': 'struct sockaddr*', 'value': ""{'sin_addr': '192.168.19.240','sa_family': 'AF_INET','sin_port': '22'}""}, {'name': 'addrlen', 'type': 'int', 'value': 16}]",1,1
487.10082,7555,7555,7548,1001,4026531840,tsm,ip-10-100-1-217,42,connect,[],3,-114,"[{'name': 'sockfd', 'type': 'int', 'value': 462}, {'name': 'addr', 'type': 'struct sockaddr*', 'value': ""{'sa_family': 'AF_INET','sin_port': '22','sin_addr': '192.168.19.241'}""}, {'name': 'addrlen', 'type': 'int', 'value': 16}]",1,1
487.100842,7555,7555,7548,1001,4026531840,tsm,ip-10-100-1-217,42,connect,[],3,-114,"[{'name': 'sockfd', 'type': 'int', 'value': 463}, {'name': 'addr', 'type': 'struct sockaddr*', 'value': ""{'sin_addr': '192.168.19.242','sa_family': 'AF_INET','sin_port': '22'}""}, {'name': 'addrlen', 'type': 'int', 'value': 16}]",1,1
487.100864,7555,7555,7548,1001,4026531840,tsm,ip-10-100-1-217,42,connect,[],3,-114,"[{'name': 'sockfd', 'type': 'int', 'value': 464}, {'name': 'addr', 'type': 'struct sockaddr*', 'value': ""{'sin_port': '22','sin_addr': '192.168.19.243','sa_family': 'AF_INET'}""}, {'name': 'addrlen', 'type': 'int', 'value': 16}]",1,1
487.100886,7555,7555,7548,1001,4026531840,tsm,ip-10-100-1-217,42,connect,[],3,-114,"[{'name': 'sockfd', 'type': 'int', 'value': 465}, {'name': 'addr', 'type': 'struct sockaddr*', 'value': ""{'sa_family': 'AF_INET','sin_port': '22','sin_addr': '192.168.19.244'}""}, {'name': 'addrlen', 'type': 'int', 'value': 16}]",1,1
487.100908,7555,7555,7548,1001,4026531840,tsm,ip-10-100-1-217,42,connect,[],3,-114,"[{'name': 'sockfd', 'type': 'int', 'value': 466}, {'name': 'addr', 'type': 'struct sockaddr*', 'value': ""{'sa_family': 'AF_INET','sin_port': '22','sin_addr': '192.168.19.245'}""}, {'name': 'addrlen', 'type': 'int', 'value': 16}]",1,1
487.10093,7555,7555,7548,1001,4026531840,tsm,ip-10-100-1-217,42,connect,[],3,-114,"[{'name': 'sockfd', 'type': 'int', 'value': 467}, {'name': 'addr', 'type': 'struct sockaddr*', 'value': ""{'sa_family': 'AF_INET','sin_port': '22','sin_addr': '192.168.19.246'}""}, {'name': 'addrlen', 'type': 'int', 'value': 16}]",1,1
487.100952,7555,7555,7548,1001,4026531840,tsm,ip-10-100-1-217,42,connect,[],3,-114,"[{'name': 'sockfd', 'type': 'int', 'value': 468}, {'name': 'addr', 'type': 'struct sockaddr*', 'value': ""{'sa_family': 'AF_INET','sin_port': '22','sin_addr': '192.168.19.247'}""}, {'name': 'addrlen', 'type': 'int', 'value': 16}]",1,1
487.100974,7555,7555,7548,1001,4026531840,tsm,ip-10-100-1-217,42,connect,[],3,-114,"[{'name': 'sockfd', 'type': 'int', 'value': 469}, {'name': 'addr', 'type': 'struct sockaddr*', 'value': ""{'sa_family': 'AF_INET','sin_port': '22','sin_addr': '192.168.19.248'}""}, {'name': 'addrlen', 'type': 'int', 'value': 16}]",1,1
487.100996,7555,7555,7548,1001,4026531840,tsm,ip-10-100-1-217,42,connect,[],3,-114,"[{'name': 'sockfd', 'type': 'int', 'value': 470}, {'name': 'addr', 'type': 'struct sockaddr*', 'value': ""{'sa_family': 'AF_INET','sin_port': '22','sin_addr': '192.168.19.249'}""}, {'name': 'addrlen', 'type': 'int', 'value': 16}]",1,1
487.101018,7555,7555,7548,1001,4026531840,tsm,ip-10-100-1-217,42,connect,[],3,-114,"[{'name': 'sockfd', 'type': 'int', 'value': 471}, {'name': 'addr', 'type': 'struct sockaddr*', 'value': ""{'sa_family': 'AF_INET','sin_port': '22','sin_addr': '192.168.19.250'}""}, {'name': 'addrlen', 'type': 'int', 'value': 16}]",1,1
487.10104,7555,7555,7548,1001,4026531840,tsm,ip-10-100-1-217,42,connect,[],3,-114,"[{'name': 'sockfd', 'type': 'int', 'value': 472}, {'name': 'addr', 'type': 'struct sockaddr*', 'value': ""{'sa_family': 'AF_INET','sin_port': '22','sin_addr': '192.168.19.251'}""}, {'name': 'addrlen', 'type': 'int', 'value': 16}]",1,1
487.101062,7555,7555,7548,1001,4026531840,tsm,ip-10-100-1-217,42,connect,[],3,-114,"[{'name': 'sockfd', 'type': 'int', 'value': 473}, {'name': 'addr', 'type': 'struct sockaddr*', 'value': ""{'sa_family': 'AF_INET','sin_port': '22','sin_addr': '192.168.19.252'}""}, {'name': 'addrlen', 'type': 'int', 'value': 16}]",1,1
487.101085,7555,7555,7548,1001,4026531840,tsm,ip-10-100-1-217,42,connect,[],3,-114,"[{'name': 'sockfd', 'type': 'int', 'value': 474}, {'name': 'addr', 'type': 'struct sockaddr*', 'value': ""{'sa_family': 'AF_INET','sin_port': '22','sin_addr': '192.168.19.253'}""}, {'name': 'addrlen', 'type': 'int', 'value': 16}]",1,1
487.101107,7555,7555,7548,1001,4026531840,tsm,ip-10-100-1-217,42,connect,[],3,-114,"[{'name': 'sockfd', 'type': 'int', 'value': 475}, {'name': 'addr', 'type': 'struct sockaddr*', 'value': ""{'sa_family': 'AF_INET','sin_port': '22','sin_addr': '192.168.19.254'}""}, {'name': 'addrlen', 'type': 'int', 'value': 16}]",1,1
487.101129,7555,7555,7548,1001,4026531840,tsm,ip-10-100-1-217,42,connect,[],3,-114,"[{'name': 'sockfd', 'type': 'int', 'value': 476}, {'name': 'addr', 'type': 'struct sockaddr*', 'value': ""{'sa_family': 'AF_INET','sin_port': '22','sin_addr': '192.168.20.0'}""}, {'name': 'addrlen', 'type': 'int', 'value': 16}]",1,1
487.101151,7555,7555,7548,1001,4026531840,tsm,ip-10-100-1-217,42,connect,[],3,-114,"[{'name': 'sockfd', 'type': 'int', 'value': 477}, {'name': 'addr', 'type': 'struct sockaddr*', 'value': ""{'sin_addr': '192.168.20.1','sa_family': 'AF_INET','sin_port': '22'}""}, {'name': 'addrlen', 'type': 'int', 'value': 16}]",1,1
487.101173,7555,7555,7548,1001,4026531840,tsm,ip-10-100-1-217,42,connect,[],3,-114,"[{'name': 'sockfd', 'type': 'int', 'value': 478}, {'name': 'addr', 'type': 'struct sockaddr*', 'value': ""{'sa_family': 'AF_INET','sin_port': '22','sin_addr': '192.168.20.2'}""}, {'name': 'addrlen', 'type': 'int', 'value': 16}]",1,1
487.101195,7555,7555,7548,1001,4026531840,tsm,ip-10-100-1-217,42,connect,[],3,-114,"[{'name': 'sockfd', 'type': 'int', 'value': 479}, {'name': 'addr', 'type': 'struct sockaddr*', 'value': ""{'sa_family': 'AF_INET','sin_port': '22','sin_addr': '192.168.20.3'}""}, {'name': 'addrlen', 'type': 'int', 'value': 16}]",1,1
487.101217,7555,7555,7548,1001,4026531840,tsm,ip-10-100-1-217,42,connect,[],3,-114,"[{'name': 'sockfd', 'type': 'int', 'value': 480}, {'name': 'addr', 'type': 'struct sockaddr*', 'value': ""{'sa_family': 'AF_INET','sin_port': '22','sin_addr': '192.168.20.4'}""}, {'name': 'addrlen', 'type': 'int', 'value': 16}]",1,1
487.101239,7555,7555,7548,1001,4026531840,tsm,ip-10-100-1-217,42,connect,[],3,-114,"[{'name': 'sockfd', 'type': 'int', 'value': 481}, {'name': 'addr', 'type': 'struct sockaddr*', 'value': ""{'sa_family': 'AF_INET','sin_port': '22','sin_addr': '192.168.20.5'}""}, {'name': 'addrlen', 'type': 'int', 'value': 16}]",1,1
487.101261,7555,7555,7548,1001,4026531840,tsm,ip-10-100-1-217,42,connect,[],3,-114,"[{'name': 'sockfd', 'type': 'int', 'value': 482}, {'name': 'addr', 'type': 'struct sockaddr*', 'value': ""{'sin_addr': '192.168.20.6','sa_family': 'AF_INET','sin_port': '22'}""}, {'name': 'addrlen', 'type': 'int', 'value': 16}]",1,1
487.101283,7555,7555,7548,1001,4026531840,tsm,ip-10-100-1-217,42,connect,[],3,-114,"[{'name': 'sockfd', 'type': 'int', 'value': 483}, {'name': 'addr', 'type': 'struct sockaddr*', 'value': ""{'sa_family': 'AF_INET','sin_port': '22','sin_addr': '192.168.20.7'}""}, {'name': 'addrlen', 'type': 'int', 'value': 16}]",1,1
487.101305,7555,7555,7548,1001,4026531840,tsm,ip-10-100-1-217,42,connect,[],3,-114,"[{'name': 'sockfd', 'type': 'int', 'value': 484}, {'name': 'addr', 'type': 'struct sockaddr*', 'value': ""{'sa_family': 'AF_INET','sin_port': '22','sin_addr': '192.168.20.8'}""}, {'name': 'addrlen', 'type': 'int', 'value': 16}]",1,1
487.101327,7555,7555,7548,1001,4026531840,tsm,ip-10-100-1-217,42,connect,[],3,-114,"[{'name': 'sockfd', 'type': 'int', 'value': 485}, {'name': 'addr', 'type': 'struct sockaddr*', 'value': ""{'sa_family': 'AF_INET','sin_port': '22','sin_addr': '192.168.20.9'}""}, {'name': 'addrlen', 'type': 'int', 'value': 16}]",1,1
487.101349,7555,7555,7548,1001,4026531840,tsm,ip-10-100-1-217,42,connect,[],3,-114,"[{'name': 'sockfd', 'type': 'int', 'value': 486}, {'name': 'addr', 'type': 'struct sockaddr*', 'value': ""{'sa_family': 'AF_INET','sin_port': '22','sin_addr': '192.168.20.10'}""}, {'name': 'addrlen', 'type': 'int', 'value': 16}]",1,1
487.101371,7555,7555,7548,1001,4026531840,tsm,ip-10-100-1-217,42,connect,[],3,-114,"[{'name': 'sockfd', 'type': 'int', 'value': 487}, {'name': 'addr', 'type': 'struct sockaddr*', 'value': ""{'sin_port': '22','sin_addr': '192.168.20.11','sa_family': 'AF_INET'}""}, {'name': 'addrlen', 'type': 'int', 'value': 16}]",1,1
487.101393,7555,7555,7548,1001,4026531840,tsm,ip-10-100-1-217,42,connect,[],3,-114,"[{'name': 'sockfd', 'type': 'int', 'value': 488}, {'name': 'addr', 'type': 'struct sockaddr*', 'value': ""{'sa_family': 'AF_INET','sin_port': '22','sin_addr': '192.168.20.12'}""}, {'name': 'addrlen', 'type': 'int', 'value': 16}]",1,1
487.101415,7555,7555,7548,1001,4026531840,tsm,ip-10-100-1-217,42,connect,[],3,-114,"[{'name': 'sockfd', 'type': 'int', 'value': 489}, {'name': 'addr', 'type': 'struct sockaddr*', 'value': ""{'sa_family': 'AF_INET','sin_port': '22','sin_addr': '192.168.20.13'}""}, {'name': 'addrlen', 'type': 'int', 'value': 16}]",1,1
487.101437,7555,7555,7548,1001,4026531840,tsm,ip-10-100-1-217,42,connect,[],3,-114,"[{'name': 'sockfd', 'type': 'int', 'value': 490}, {'name': 'addr', 'type': 'struct sockaddr*', 'value': ""{'sa_family': 'AF_INET','sin_port': '22','sin_addr': '192.168.20.14'}""}, {'name': 'addrlen', 'type': 'int', 'value': 16}]",1,1
487.101459,7555,7555,7548,1001,4026531840,tsm,ip-10-100-1-217,42,connect,[],3,-114,"[{'name': 'sockfd', 'type': 'int', 'value': 491}, {'name': 'addr', 'type': 'struct sockaddr*', 'value': ""{'sa_family': 'AF_INET','sin_port': '22','sin_addr': '192.168.20.15'}""}, {'name': 'addrlen', 'type': 'int', 'value': 16}]",1,1
487.101481,7555,7555,7548,1001,4026531840,tsm,ip-10-100-1-217,42,connect,[],3,-114,"[{'name': 'sockfd', 'type': 'int', 'value': 492}, {'name': 'addr', 'type': 'struct sockaddr*', 'value': ""{'sa_family': 'AF_INET','sin_port': '22','sin_addr': '192.168.20.16'}""}, {'name': 'addrlen', 'type': 'int', 'value': 16}]",1,1
487.101503,7555,7555,7548,1001,4026531840,tsm,ip-10-100-1-217,42,connect,[],3,-114,"[{'name': 'sockfd', 'type': 'int', 'value': 493}, {'name': 'addr', 'type': 'struct sockaddr*', 'value': ""{'sa_family': 'AF_INET','sin_port': '22','sin_addr': '192.168.20.17'}""}, {'name': 'addrlen', 'type': 'int', 'value': 16}]",1,1
487.101527,7555,7555,7548,1001,4026531840,tsm,ip-10-100-1-217,42,connect,[],3,-114,"[{'name': 'sockfd', 'type': 'int', 'value': 494}, {'name': 'addr', 'type': 'struct sockaddr*', 'value': ""{'sa_family': 'AF_INET','sin_port': '22','sin_addr': '192.168.20.18'}""}, {'name': 'addrlen', 'type': 'int', 'value': 16}]",1,1
487.101549,7555,7555,7548,1001,4026531840,tsm,ip-10-100-1-217,42,connect,[],3,-114,"[{'name': 'sockfd', 'type': 'int', 'value': 495}, {'name': 'addr', 'type': 'struct sockaddr*', 'value': ""{'sa_family': 'AF_INET','sin_port': '22','sin_addr': '192.168.20.19'}""}, {'name': 'addrlen', 'type': 'int', 'value': 16}]",1,1
487.101571,7555,7555,7548,1001,4026531840,tsm,ip-10-100-1-217,42,connect,[],3,-114,"[{'name': 'sockfd', 'type': 'int', 'value': 496}, {'name': 'addr', 'type': 'struct sockaddr*', 'value': ""{'sin_port': '22','sin_addr': '192.168.20.20','sa_family': 'AF_INET'}""}, {'name': 'addrlen', 'type': 'int', 'value': 16}]",1,1
487.101593,7555,7555,7548,1001,4026531840,tsm,ip-10-100-1-217,42,connect,[],3,-114,"[{'name': 'sockfd', 'type': 'int', 'value': 497}, {'name': 'addr', 'type': 'struct sockaddr*', 'value': ""{'sin_port': '22','sin_addr': '192.168.20.21','sa_family': 'AF_INET'}""}, {'name': 'addrlen', 'type': 'int', 'value': 16}]",1,1
487.101615,7555,7555,7548,1001,4026531840,tsm,ip-10-100-1-217,42,connect,[],3,-114,"[{'name': 'sockfd', 'type': 'int', 'value': 498}, {'name': 'addr', 'type': 'struct sockaddr*', 'value': ""{'sa_family': 'AF_INET','sin_port': '22','sin_addr': '192.168.20.22'}""}, {'name': 'addrlen', 'type': 'int', 'value': 16}]",1,1
487.101638,7555,7555,7548,1001,4026531840,tsm,ip-10-100-1-217,42,connect,[],3,-114,"[{'name': 'sockfd', 'type': 'int', 'value': 499}, {'name': 'addr', 'type': 'struct sockaddr*', 'value': ""{'sa_family': 'AF_INET','sin_port': '22','sin_addr': '192.168.20.23'}""}, {'name': 'addrlen', 'type': 'int', 'value': 16}]",1,1
487.10166,7555,7555,7548,1001,4026531840,tsm,ip-10-100-1-217,42,connect,[],3,-114,"[{'name': 'sockfd', 'type': 'int', 'value': 500}, {'name': 'addr', 'type': 'struct sockaddr*', 'value': ""{'sa_family': 'AF_INET','sin_port': '22','sin_addr': '192.168.20.24'}""}, {'name': 'addrlen', 'type': 'int', 'value': 16}]",1,1
487.101682,7555,7555,7548,1001,4026531840,tsm,ip-10-100-1-217,42,connect,[],3,-114,"[{'name': 'sockfd', 'type': 'int', 'value': 501}, {'name': 'addr', 'type': 'struct sockaddr*', 'value': ""{'sin_addr': '192.168.20.25','sa_family': 'AF_INET','sin_port': '22'}""}, {'name': 'addrlen', 'type': 'int', 'value': 16}]",1,1
487.101704,7555,7555,7548,1001,4026531840,tsm,ip-10-100-1-217,42,connect,[],3,-114,"[{'name': 'sockfd', 'type': 'int', 'value': 502}, {'name': 'addr', 'type': 'struct sockaddr*', 'value': ""{'sa_family': 'AF_INET','sin_port': '22','sin_addr': '192.168.20.26'}""}, {'name': 'addrlen', 'type': 'int', 'value': 16}]",1,1
487.101726,7555,7555,7548,1001,4026531840,tsm,ip-10-100-1-217,42,connect,[],3,-114,"[{'name': 'sockfd', 'type': 'int', 'value': 503}, {'name': 'addr', 'type': 'struct sockaddr*', 'value': ""{'sin_port': '22','sin_addr': '192.168.20.27','sa_family': 'AF_INET'}""}, {'name': 'addrlen', 'type': 'int', 'value': 16}]",1,1
487.101748,7555,7555,7548,1001,4026531840,tsm,ip-10-100-1-217,42,connect,[],3,-114,"[{'name': 'sockfd', 'type': 'int', 'value': 504}, {'name': 'addr', 'type': 'struct sockaddr*', 'value': ""{'sa_family': 'AF_INET','sin_port': '22','sin_addr': '192.168.20.28'}""}, {'name': 'addrlen', 'type': 'int', 'value': 16}]",1,1
487.101771,7555,7555,7548,1001,4026531840,tsm,ip-10-100-1-217,42,connect,[],3,-114,"[{'name': 'sockfd', 'type': 'int', 'value': 505}, {'name': 'addr', 'type': 'struct sockaddr*', 'value': ""{'sa_family': 'AF_INET','sin_port': '22','sin_addr': '192.168.20.29'}""}, {'name': 'addrlen', 'type': 'int', 'value': 16}]",1,1
487.101793,7555,7555,7548,1001,4026531840,tsm,ip-10-100-1-217,42,connect,[],3,-114,"[{'name': 'sockfd', 'type': 'int', 'value': 506}, {'name': 'addr', 'type': 'struct sockaddr*', 'value': ""{'sa_family': 'AF_INET','sin_port': '22','sin_addr': '192.168.20.30'}""}, {'name': 'addrlen', 'type': 'int', 'value': 16}]",1,1
487.101815,7555,7555,7548,1001,4026531840,tsm,ip-10-100-1-217,42,connect,[],3,-114,"[{'name': 'sockfd', 'type': 'int', 'value': 507}, {'name': 'addr', 'type': 'struct sockaddr*', 'value': ""{'sa_family': 'AF_INET','sin_port': '22','sin_addr': '192.168.20.31'}""}, {'name': 'addrlen', 'type': 'int', 'value': 16}]",1,1
487.101837,7555,7555,7548,1001,4026531840,tsm,ip-10-100-1-217,42,connect,[],3,-114,"[{'name': 'sockfd', 'type': 'int', 'value': 508}, {'name': 'addr', 'type': 'struct sockaddr*', 'value': ""{'sin_port': '22','sin_addr': '192.168.20.32','sa_family': 'AF_INET'}""}, {'name': 'addrlen', 'type': 'int', 'value': 16}]",1,1
487.101859,7555,7555,7548,1001,4026531840,tsm,ip-10-100-1-217,42,connect,[],3,-114,"[{'name': 'sockfd', 'type': 'int', 'value': 509}, {'name': 'addr', 'type': 'struct sockaddr*', 'value': ""{'sa_family': 'AF_INET','sin_port': '22','sin_addr': '192.168.20.33'}""}, {'name': 'addrlen', 'type': 'int', 'value': 16}]",1,1
487.101884,7555,7555,7548,1001,4026531840,tsm,ip-10-100-1-217,42,connect,[],3,-114,"[{'name': 'sockfd', 'type': 'int', 'value': 510}, {'name': 'addr', 'type': 'struct sockaddr*', 'value': ""{'sa_family': 'AF_INET','sin_port': '22','sin_addr': '192.168.20.34'}""}, {'name': 'addrlen', 'type': 'int', 'value': 16}]",1,1
487.101907,7555,7555,7548,1001,4026531840,tsm,ip-10-100-1-217,42,connect,[],3,-114,"[{'name': 'sockfd', 'type': 'int', 'value': 511}, {'name': 'addr', 'type': 'struct sockaddr*', 'value': ""{'sin_port': '22','sin_addr': '192.168.20.35','sa_family': 'AF_INET'}""}, {'name': 'addrlen', 'type': 'int', 'value': 16}]",1,1
487.101928,7555,7555,7548,1001,4026531840,tsm,ip-10-100-1-217,42,connect,[],3,-114,"[{'name': 'sockfd', 'type': 'int', 'value': 512}, {'name': 'addr', 'type': 'struct sockaddr*', 'value': ""{'sa_family': 'AF_INET','sin_port': '22','sin_addr': '192.168.20.36'}""}, {'name': 'addrlen', 'type': 'int', 'value': 16}]",1,1
487.101951,7555,7555,7548,1001,4026531840,tsm,ip-10-100-1-217,42,connect,[],3,-114,"[{'name': 'sockfd', 'type': 'int', 'value': 513}, {'name': 'addr', 'type': 'struct sockaddr*', 'value': ""{'sa_family': 'AF_INET','sin_port': '22','sin_addr': '192.168.20.37'}""}, {'name': 'addrlen', 'type': 'int', 'value': 16}]",1,1
487.101972,7555,7555,7548,1001,4026531840,tsm,ip-10-100-1-217,42,connect,[],3,-114,"[{'name': 'sockfd', 'type': 'int', 'value': 514}, {'name': 'addr', 'type': 'struct sockaddr*', 'value': ""{'sa_family': 'AF_INET','sin_port': '22','sin_addr': '192.168.20.38'}""}, {'name': 'addrlen', 'type': 'int', 'value': 16}]",1,1
487.101994,7555,7555,7548,1001,4026531840,tsm,ip-10-100-1-217,42,connect,[],3,-114,"[{'name': 'sockfd', 'type': 'int', 'value': 515}, {'name': 'addr', 'type': 'struct sockaddr*', 'value': ""{'sa_family': 'AF_INET','sin_port': '22','sin_addr': '192.168.20.39'}""}, {'name': 'addrlen', 'type': 'int', 'value': 16}]",1,1
487.102016,7555,7555,7548,1001,4026531840,tsm,ip-10-100-1-217,42,connect,[],3,-114,"[{'name': 'sockfd', 'type': 'int', 'value': 516}, {'name': 'addr', 'type': 'struct sockaddr*', 'value': ""{'sa_family': 'AF_INET','sin_port': '22','sin_addr': '192.168.20.40'}""}, {'name': 'addrlen', 'type': 'int', 'value': 16}]",1,1
487.102039,7555,7555,7548,1001,4026531840,tsm,ip-10-100-1-217,42,connect,[],3,-114,"[{'name': 'sockfd', 'type': 'int', 'value': 517}, {'name': 'addr', 'type': 'struct sockaddr*', 'value': ""{'sin_port': '22','sin_addr': '192.168.20.41','sa_family': 'AF_INET'}""}, {'name': 'addrlen', 'type': 'int', 'value': 16}]",1,1
487.102061,7555,7555,7548,1001,4026531840,tsm,ip-10-100-1-217,42,connect,[],3,-114,"[{'name': 'sockfd', 'type': 'int', 'value': 518}, {'name': 'addr', 'type': 'struct sockaddr*', 'value': ""{'sa_family': 'AF_INET','sin_port': '22','sin_addr': '192.168.20.42'}""}, {'name': 'addrlen', 'type': 'int', 'value': 16}]",1,1
487.102083,7555,7555,7548,1001,4026531840,tsm,ip-10-100-1-217,42,connect,[],3,-114,"[{'name': 'sockfd', 'type': 'int', 'value': 519}, {'name': 'addr', 'type': 'struct sockaddr*', 'value': ""{'sa_family': 'AF_INET','sin_port': '22','sin_addr': '192.168.20.43'}""}, {'name': 'addrlen', 'type': 'int', 'value': 16}]",1,1
487.102105,7555,7555,7548,1001,4026531840,tsm,ip-10-100-1-217,42,connect,[],3,-114,"[{'name': 'sockfd', 'type': 'int', 'value': 520}, {'name': 'addr', 'type': 'struct sockaddr*', 'value': ""{'sa_family': 'AF_INET','sin_port': '22','sin_addr': '192.168.20.44'}""}, {'name': 'addrlen', 'type': 'int', 'value': 16}]",1,1
487.102127,7555,7555,7548,1001,4026531840,tsm,ip-10-100-1-217,42,connect,[],3,-114,"[{'name': 'sockfd', 'type': 'int', 'value': 521}, {'name': 'addr', 'type': 'struct sockaddr*', 'value': ""{'sin_port': '22','sin_addr': '192.168.20.45','sa_family': 'AF_INET'}""}, {'name': 'addrlen', 'type': 'int', 'value': 16}]",1,1
487.102149,7555,7555,7548,1001,4026531840,tsm,ip-10-100-1-217,42,connect,[],3,-114,"[{'name': 'sockfd', 'type': 'int', 'value': 522}, {'name': 'addr', 'type': 'struct sockaddr*', 'value': ""{'sa_family': 'AF_INET','sin_port': '22','sin_addr': '192.168.20.46'}""}, {'name': 'addrlen', 'type': 'int', 'value': 16}]",1,1
487.102171,7555,7555,7548,1001,4026531840,tsm,ip-10-100-1-217,42,connect,[],3,-114,"[{'name': 'sockfd', 'type': 'int', 'value': 523}, {'name': 'addr', 'type': 'struct sockaddr*', 'value': ""{'sa_family': 'AF_INET','sin_port': '22','sin_addr': '192.168.20.47'}""}, {'name': 'addrlen', 'type': 'int', 'value': 16}]",1,1
487.102193,7555,7555,7548,1001,4026531840,tsm,ip-10-100-1-217,42,connect,[],3,-114,"[{'name': 'sockfd', 'type': 'int', 'value': 524}, {'name': 'addr', 'type': 'struct sockaddr*', 'value': ""{'sa_family': 'AF_INET','sin_port': '22','sin_addr': '192.168.20.48'}""}, {'name': 'addrlen', 'type': 'int', 'value': 16}]",1,1
487.102215,7555,7555,7548,1001,4026531840,tsm,ip-10-100-1-217,42,connect,[],3,-114,"[{'name': 'sockfd', 'type': 'int', 'value': 525}, {'name': 'addr', 'type': 'struct sockaddr*', 'value': ""{'sa_family': 'AF_INET','sin_port': '22','sin_addr': '192.168.20.49'}""}, {'name': 'addrlen', 'type': 'int', 'value': 16}]",1,1
487.102237,7555,7555,7548,1001,4026531840,tsm,ip-10-100-1-217,42,connect,[],3,-114,"[{'name': 'sockfd', 'type': 'int', 'value': 526}, {'name': 'addr', 'type': 'struct sockaddr*', 'value': ""{'sa_family': 'AF_INET','sin_port': '22','sin_addr': '192.168.20.50'}""}, {'name': 'addrlen', 'type': 'int', 'value': 16}]",1,1
487.102259,7555,7555,7548,1001,4026531840,tsm,ip-10-100-1-217,42,connect,[],3,-114,"[{'name': 'sockfd', 'type': 'int', 'value': 527}, {'name': 'addr', 'type': 'struct sockaddr*', 'value': ""{'sa_family': 'AF_INET','sin_port': '22','sin_addr': '192.168.20.51'}""}, {'name': 'addrlen', 'type': 'int', 'value': 16}]",1,1
487.102281,7555,7555,7548,1001,4026531840,tsm,ip-10-100-1-217,42,connect,[],3,-114,"[{'name': 'sockfd', 'type': 'int', 'value': 528}, {'name': 'addr', 'type': 'struct sockaddr*', 'value': ""{'sa_family': 'AF_INET','sin_port': '22','sin_addr': '192.168.20.52'}""}, {'name': 'addrlen', 'type': 'int', 'value': 16}]",1,1
487.102303,7555,7555,7548,1001,4026531840,tsm,ip-10-100-1-217,42,connect,[],3,-114,"[{'name': 'sockfd', 'type': 'int', 'value': 529}, {'name': 'addr', 'type': 'struct sockaddr*', 'value': ""{'sin_addr': '192.168.20.53','sa_family': 'AF_INET','sin_port': '22'}""}, {'name': 'addrlen', 'type': 'int', 'value': 16}]",1,1
487.102325,7555,7555,7548,1001,4026531840,tsm,ip-10-100-1-217,42,connect,[],3,-114,"[{'name': 'sockfd', 'type': 'int', 'value': 530}, {'name': 'addr', 'type': 'struct sockaddr*', 'value': ""{'sa_family': 'AF_INET','sin_port': '22','sin_addr': '192.168.20.54'}""}, {'name': 'addrlen', 'type': 'int', 'value': 16}]",1,1
487.102348,7555,7555,7548,1001,4026531840,tsm,ip-10-100-1-217,42,connect,[],3,-114,"[{'name': 'sockfd', 'type': 'int', 'value': 531}, {'name': 'addr', 'type': 'struct sockaddr*', 'value': ""{'sin_addr': '192.168.20.55','sa_family': 'AF_INET','sin_port': '22'}""}, {'name': 'addrlen', 'type': 'int', 'value': 16}]",1,1
487.10237,7555,7555,7548,1001,4026531840,tsm,ip-10-100-1-217,42,connect,[],3,-114,"[{'name': 'sockfd', 'type': 'int', 'value': 532}, {'name': 'addr', 'type': 'struct sockaddr*', 'value': ""{'sa_family': 'AF_INET','sin_port': '22','sin_addr': '192.168.20.56'}""}, {'name': 'addrlen', 'type': 'int', 'value': 16}]",1,1
487.102392,7555,7555,7548,1001,4026531840,tsm,ip-10-100-1-217,42,connect,[],3,-114,"[{'name': 'sockfd', 'type': 'int', 'value': 533}, {'name': 'addr', 'type': 'struct sockaddr*', 'value': ""{'sa_family': 'AF_INET','sin_port': '22','sin_addr': '192.168.20.57'}""}, {'name': 'addrlen', 'type': 'int', 'value': 16}]",1,1
487.102414,7555,7555,7548,1001,4026531840,tsm,ip-10-100-1-217,42,connect,[],3,-114,"[{'name': 'sockfd', 'type': 'int', 'value': 534}, {'name': 'addr', 'type': 'struct sockaddr*', 'value': ""{'sa_family': 'AF_INET','sin_port': '22','sin_addr': '192.168.20.58'}""}, {'name': 'addrlen', 'type': 'int', 'value': 16}]",1,1
487.102436,7555,7555,7548,1001,4026531840,tsm,ip-10-100-1-217,42,connect,[],3,-114,"[{'name': 'sockfd', 'type': 'int', 'value': 535}, {'name': 'addr', 'type': 'struct sockaddr*', 'value': ""{'sin_addr': '192.168.20.59','sa_family': 'AF_INET','sin_port': '22'}""}, {'name': 'addrlen', 'type': 'int', 'value': 16}]",1,1
487.105033,7555,7555,7548,1001,4026531840,tsm,ip-10-100-1-217,42,connect,[],3,-114,"[{'name': 'sockfd', 'type': 'int', 'value': 536}, {'name': 'addr', 'type': 'struct sockaddr*', 'value': ""{'sa_family': 'AF_INET','sin_port': '22','sin_addr': '192.168.20.60'}""}, {'name': 'addrlen', 'type': 'int', 'value': 16}]",1,1
487.105067,7555,7555,7548,1001,4026531840,tsm,ip-10-100-1-217,42,connect,[],3,-114,"[{'name': 'sockfd', 'type': 'int', 'value': 537}, {'name': 'addr', 'type': 'struct sockaddr*', 'value': ""{'sa_family': 'AF_INET','sin_port': '22','sin_addr': '192.168.20.61'}""}, {'name': 'addrlen', 'type': 'int', 'value': 16}]",1,1
487.10509,7555,7555,7548,1001,4026531840,tsm,ip-10-100-1-217,42,connect,[],3,-114,"[{'name': 'sockfd', 'type': 'int', 'value': 538}, {'name': 'addr', 'type': 'struct sockaddr*', 'value': ""{'sin_addr': '192.168.20.62','sa_family': 'AF_INET','sin_port': '22'}""}, {'name': 'addrlen', 'type': 'int', 'value': 16}]",1,1
487.105112,7555,7555,7548,1001,4026531840,tsm,ip-10-100-1-217,42,connect,[],3,-114,"[{'name': 'sockfd', 'type': 'int', 'value': 539}, {'name': 'addr', 'type': 'struct sockaddr*', 'value': ""{'sa_family': 'AF_INET','sin_port': '22','sin_addr': '192.168.20.63'}""}, {'name': 'addrlen', 'type': 'int', 'value': 16}]",1,1
487.105134,7555,7555,7548,1001,4026531840,tsm,ip-10-100-1-217,42,connect,[],3,-114,"[{'name': 'sockfd', 'type': 'int', 'value': 540}, {'name': 'addr', 'type': 'struct sockaddr*', 'value': ""{'sa_family': 'AF_INET','sin_port': '22','sin_addr': '192.168.20.64'}""}, {'name': 'addrlen', 'type': 'int', 'value': 16}]",1,1
487.105156,7555,7555,7548,1001,4026531840,tsm,ip-10-100-1-217,42,connect,[],3,-114,"[{'name': 'sockfd', 'type': 'int', 'value': 541}, {'name': 'addr', 'type': 'struct sockaddr*', 'value': ""{'sa_family': 'AF_INET','sin_port': '22','sin_addr': '192.168.20.65'}""}, {'name': 'addrlen', 'type': 'int', 'value': 16}]",1,1
487.105178,7555,7555,7548,1001,4026531840,tsm,ip-10-100-1-217,42,connect,[],3,-114,"[{'name': 'sockfd', 'type': 'int', 'value': 542}, {'name': 'addr', 'type': 'struct sockaddr*', 'value': ""{'sin_port': '22','sin_addr': '192.168.20.66','sa_family': 'AF_INET'}""}, {'name': 'addrlen', 'type': 'int', 'value': 16}]",1,1
487.1052,7555,7555,7548,1001,4026531840,tsm,ip-10-100-1-217,42,connect,[],3,-114,"[{'name': 'sockfd', 'type': 'int', 'value': 543}, {'name': 'addr', 'type': 'struct sockaddr*', 'value': ""{'sa_family': 'AF_INET','sin_port': '22','sin_addr': '192.168.20.67'}""}, {'name': 'addrlen', 'type': 'int', 'value': 16}]",1,1
487.105247,7555,7555,7548,1001,4026531840,tsm,ip-10-100-1-217,42,connect,[],3,-114,"[{'name': 'sockfd', 'type': 'int', 'value': 544}, {'name': 'addr', 'type': 'struct sockaddr*', 'value': ""{'sa_family': 'AF_INET','sin_port': '22','sin_addr': '192.168.20.68'}""}, {'name': 'addrlen', 'type': 'int', 'value': 16}]",1,1
487.10527,7555,7555,7548,1001,4026531840,tsm,ip-10-100-1-217,42,connect,[],3,-114,"[{'name': 'sockfd', 'type': 'int', 'value': 545}, {'name': 'addr', 'type': 'struct sockaddr*', 'value': ""{'sa_family': 'AF_INET','sin_port': '22','sin_addr': '192.168.20.69'}""}, {'name': 'addrlen', 'type': 'int', 'value': 16}]",1,1
487.105296,7555,7555,7548,1001,4026531840,tsm,ip-10-100-1-217,42,connect,[],3,-114,"[{'name': 'sockfd', 'type': 'int', 'value': 546}, {'name': 'addr', 'type': 'struct sockaddr*', 'value': ""{'sa_family': 'AF_INET','sin_port': '22','sin_addr': '192.168.20.70'}""}, {'name': 'addrlen', 'type': 'int', 'value': 16}]",1,1
487.105318,7555,7555,7548,1001,4026531840,tsm,ip-10-100-1-217,42,connect,[],3,-114,"[{'name': 'sockfd', 'type': 'int', 'value': 547}, {'name': 'addr', 'type': 'struct sockaddr*', 'value': ""{'sa_family': 'AF_INET','sin_port': '22','sin_addr': '192.168.20.71'}""}, {'name': 'addrlen', 'type': 'int', 'value': 16}]",1,1
487.10534,7555,7555,7548,1001,4026531840,tsm,ip-10-100-1-217,42,connect,[],3,-114,"[{'name': 'sockfd', 'type': 'int', 'value': 548}, {'name': 'addr', 'type': 'struct sockaddr*', 'value': ""{'sa_family': 'AF_INET','sin_port': '22','sin_addr': '192.168.20.72'}""}, {'name': 'addrlen', 'type': 'int', 'value': 16}]",1,1
487.105362,7555,7555,7548,1001,4026531840,tsm,ip-10-100-1-217,42,connect,[],3,-114,"[{'name': 'sockfd', 'type': 'int', 'value': 549}, {'name': 'addr', 'type': 'struct sockaddr*', 'value': ""{'sin_addr': '192.168.20.73','sa_family': 'AF_INET','sin_port': '22'}""}, {'name': 'addrlen', 'type': 'int', 'value': 16}]",1,1
487.105384,7555,7555,7548,1001,4026531840,tsm,ip-10-100-1-217,42,connect,[],3,-114,"[{'name': 'sockfd', 'type': 'int', 'value': 550}, {'name': 'addr', 'type': 'struct sockaddr*', 'value': ""{'sin_addr': '192.168.20.74','sa_family': 'AF_INET','sin_port': '22'}""}, {'name': 'addrlen', 'type': 'int', 'value': 16}]",1,1
487.105406,7555,7555,7548,1001,4026531840,tsm,ip-10-100-1-217,42,connect,[],3,-114,"[{'name': 'sockfd', 'type': 'int', 'value': 551}, {'name': 'addr', 'type': 'struct sockaddr*', 'value': ""{'sa_family': 'AF_INET','sin_port': '22','sin_addr': '192.168.20.75'}""}, {'name': 'addrlen', 'type': 'int', 'value': 16}]",1,1
487.105429,7555,7555,7548,1001,4026531840,tsm,ip-10-100-1-217,42,connect,[],3,-114,"[{'name': 'sockfd', 'type': 'int', 'value': 552}, {'name': 'addr', 'type': 'struct sockaddr*', 'value': ""{'sa_family': 'AF_INET','sin_port': '22','sin_addr': '192.168.20.76'}""}, {'name': 'addrlen', 'type': 'int', 'value': 16}]",1,1
487.105451,7555,7555,7548,1001,4026531840,tsm,ip-10-100-1-217,42,connect,[],3,-114,"[{'name': 'sockfd', 'type': 'int', 'value': 553}, {'name': 'addr', 'type': 'struct sockaddr*', 'value': ""{'sa_family': 'AF_INET','sin_port': '22','sin_addr': '192.168.20.77'}""}, {'name': 'addrlen', 'type': 'int', 'value': 16}]",1,1
487.105473,7555,7555,7548,1001,4026531840,tsm,ip-10-100-1-217,42,connect,[],3,-114,"[{'name': 'sockfd', 'type': 'int', 'value': 554}, {'name': 'addr', 'type': 'struct sockaddr*', 'value': ""{'sin_port': '22','sin_addr': '192.168.20.78','sa_family': 'AF_INET'}""}, {'name': 'addrlen', 'type': 'int', 'value': 16}]",1,1
487.105495,7555,7555,7548,1001,4026531840,tsm,ip-10-100-1-217,42,connect,[],3,-114,"[{'name': 'sockfd', 'type': 'int', 'value': 555}, {'name': 'addr', 'type': 'struct sockaddr*', 'value': ""{'sa_family': 'AF_INET','sin_port': '22','sin_addr': '192.168.20.79'}""}, {'name': 'addrlen', 'type': 'int', 'value': 16}]",1,1
487.105517,7555,7555,7548,1001,4026531840,tsm,ip-10-100-1-217,42,connect,[],3,-114,"[{'name': 'sockfd', 'type': 'int', 'value': 556}, {'name': 'addr', 'type': 'struct sockaddr*', 'value': ""{'sa_family': 'AF_INET','sin_port': '22','sin_addr': '192.168.20.80'}""}, {'name': 'addrlen', 'type': 'int', 'value': 16}]",1,1
487.105539,7555,7555,7548,1001,4026531840,tsm,ip-10-100-1-217,42,connect,[],3,-114,"[{'name': 'sockfd', 'type': 'int', 'value': 557}, {'name': 'addr', 'type': 'struct sockaddr*', 'value': ""{'sa_family': 'AF_INET','sin_port': '22','sin_addr': '192.168.20.81'}""}, {'name': 'addrlen', 'type': 'int', 'value': 16}]",1,1
487.105562,7555,7555,7548,1001,4026531840,tsm,ip-10-100-1-217,42,connect,[],3,-114,"[{'name': 'sockfd', 'type': 'int', 'value': 558}, {'name': 'addr', 'type': 'struct sockaddr*', 'value': ""{'sa_family': 'AF_INET','sin_port': '22','sin_addr': '192.168.20.82'}""}, {'name': 'addrlen', 'type': 'int', 'value': 16}]",1,1
487.105584,7555,7555,7548,1001,4026531840,tsm,ip-10-100-1-217,42,connect,[],3,-114,"[{'name': 'sockfd', 'type': 'int', 'value': 559}, {'name': 'addr', 'type': 'struct sockaddr*', 'value': ""{'sa_family': 'AF_INET','sin_port': '22','sin_addr': '192.168.20.83'}""}, {'name': 'addrlen', 'type': 'int', 'value': 16}]",1,1
487.105606,7555,7555,7548,1001,4026531840,tsm,ip-10-100-1-217,42,connect,[],3,-114,"[{'name': 'sockfd', 'type': 'int', 'value': 560}, {'name': 'addr', 'type': 'struct sockaddr*', 'value': ""{'sa_family': 'AF_INET','sin_port': '22','sin_addr': '192.168.20.84'}""}, {'name': 'addrlen', 'type': 'int', 'value': 16}]",1,1
487.105628,7555,7555,7548,1001,4026531840,tsm,ip-10-100-1-217,42,connect,[],3,-114,"[{'name': 'sockfd', 'type': 'int', 'value': 561}, {'name': 'addr', 'type': 'struct sockaddr*', 'value': ""{'sa_family': 'AF_INET','sin_port': '22','sin_addr': '192.168.20.85'}""}, {'name': 'addrlen', 'type': 'int', 'value': 16}]",1,1
487.10565,7555,7555,7548,1001,4026531840,tsm,ip-10-100-1-217,42,connect,[],3,-114,"[{'name': 'sockfd', 'type': 'int', 'value': 562}, {'name': 'addr', 'type': 'struct sockaddr*', 'value': ""{'sa_family': 'AF_INET','sin_port': '22','sin_addr': '192.168.20.86'}""}, {'name': 'addrlen', 'type': 'int', 'value': 16}]",1,1
487.105675,7555,7555,7548,1001,4026531840,tsm,ip-10-100-1-217,42,connect,[],3,-114,"[{'name': 'sockfd', 'type': 'int', 'value': 563}, {'name': 'addr', 'type': 'struct sockaddr*', 'value': ""{'sa_family': 'AF_INET','sin_port': '22','sin_addr': '192.168.20.87'}""}, {'name': 'addrlen', 'type': 'int', 'value': 16}]",1,1
487.105697,7555,7555,7548,1001,4026531840,tsm,ip-10-100-1-217,42,connect,[],3,-114,"[{'name': 'sockfd', 'type': 'int', 'value': 564}, {'name': 'addr', 'type': 'struct sockaddr*', 'value': ""{'sa_family': 'AF_INET','sin_port': '22','sin_addr': '192.168.20.88'}""}, {'name': 'addrlen', 'type': 'int', 'value': 16}]",1,1
487.105719,7555,7555,7548,1001,4026531840,tsm,ip-10-100-1-217,42,connect,[],3,-114,"[{'name': 'sockfd', 'type': 'int', 'value': 565}, {'name': 'addr', 'type': 'struct sockaddr*', 'value': ""{'sa_family': 'AF_INET','sin_port': '22','sin_addr': '192.168.20.89'}""}, {'name': 'addrlen', 'type': 'int', 'value': 16}]",1,1
487.105741,7555,7555,7548,1001,4026531840,tsm,ip-10-100-1-217,42,connect,[],3,-114,"[{'name': 'sockfd', 'type': 'int', 'value': 566}, {'name': 'addr', 'type': 'struct sockaddr*', 'value': ""{'sa_family': 'AF_INET','sin_port': '22','sin_addr': '192.168.20.90'}""}, {'name': 'addrlen', 'type': 'int', 'value': 16}]",1,1
487.105764,7555,7555,7548,1001,4026531840,tsm,ip-10-100-1-217,42,connect,[],3,-114,"[{'name': 'sockfd', 'type': 'int', 'value': 567}, {'name': 'addr', 'type': 'struct sockaddr*', 'value': ""{'sa_family': 'AF_INET','sin_port': '22','sin_addr': '192.168.20.91'}""}, {'name': 'addrlen', 'type': 'int', 'value': 16}]",1,1
487.105786,7555,7555,7548,1001,4026531840,tsm,ip-10-100-1-217,42,connect,[],3,-114,"[{'name': 'sockfd', 'type': 'int', 'value': 568}, {'name': 'addr', 'type': 'struct sockaddr*', 'value': ""{'sin_addr': '192.168.20.92','sa_family': 'AF_INET','sin_port': '22'}""}, {'name': 'addrlen', 'type': 'int', 'value': 16}]",1,1
487.105808,7555,7555,7548,1001,4026531840,tsm,ip-10-100-1-217,42,connect,[],3,-114,"[{'name': 'sockfd', 'type': 'int', 'value': 569}, {'name': 'addr', 'type': 'struct sockaddr*', 'value': ""{'sa_family': 'AF_INET','sin_port': '22','sin_addr': '192.168.20.93'}""}, {'name': 'addrlen', 'type': 'int', 'value': 16}]",1,1
487.10583,7555,7555,7548,1001,4026531840,tsm,ip-10-100-1-217,42,connect,[],3,-114,"[{'name': 'sockfd', 'type': 'int', 'value': 570}, {'name': 'addr', 'type': 'struct sockaddr*', 'value': ""{'sin_port': '22','sin_addr': '192.168.20.94','sa_family': 'AF_INET'}""}, {'name': 'addrlen', 'type': 'int', 'value': 16}]",1,1
487.105852,7555,7555,7548,1001,4026531840,tsm,ip-10-100-1-217,42,connect,[],3,-114,"[{'name': 'sockfd', 'type': 'int', 'value': 571}, {'name': 'addr', 'type': 'struct sockaddr*', 'value': ""{'sa_family': 'AF_INET','sin_port': '22','sin_addr': '192.168.20.95'}""}, {'name': 'addrlen', 'type': 'int', 'value': 16}]",1,1
487.105874,7555,7555,7548,1001,4026531840,tsm,ip-10-100-1-217,42,connect,[],3,-114,"[{'name': 'sockfd', 'type': 'int', 'value': 572}, {'name': 'addr', 'type': 'struct sockaddr*', 'value': ""{'sa_family': 'AF_INET','sin_port': '22','sin_addr': '192.168.20.96'}""}, {'name': 'addrlen', 'type': 'int', 'value': 16}]",1,1
487.105896,7555,7555,7548,1001,4026531840,tsm,ip-10-100-1-217,42,connect,[],3,-114,"[{'name': 'sockfd', 'type': 'int', 'value': 573}, {'name': 'addr', 'type': 'struct sockaddr*', 'value': ""{'sin_port': '22','sin_addr': '192.168.20.97','sa_family': 'AF_INET'}""}, {'name': 'addrlen', 'type': 'int', 'value': 16}]",1,1
487.105919,7555,7555,7548,1001,4026531840,tsm,ip-10-100-1-217,42,connect,[],3,-114,"[{'name': 'sockfd', 'type': 'int', 'value': 574}, {'name': 'addr', 'type': 'struct sockaddr*', 'value': ""{'sa_family': 'AF_INET','sin_port': '22','sin_addr': '192.168.20.98'}""}, {'name': 'addrlen', 'type': 'int', 'value': 16}]",1,1
487.105943,7555,7555,7548,1001,4026531840,tsm,ip-10-100-1-217,42,connect,[],3,-114,"[{'name': 'sockfd', 'type': 'int', 'value': 575}, {'name': 'addr', 'type': 'struct sockaddr*', 'value': ""{'sa_family': 'AF_INET','sin_port': '22','sin_addr': '192.168.20.99'}""}, {'name': 'addrlen', 'type': 'int', 'value': 16}]",1,1
487.105966,7555,7555,7548,1001,4026531840,tsm,ip-10-100-1-217,42,connect,[],3,-114,"[{'name': 'sockfd', 'type': 'int', 'value': 576}, {'name': 'addr', 'type': 'struct sockaddr*', 'value': ""{'sa_family': 'AF_INET','sin_port': '22','sin_addr': '192.168.20.100'}""}, {'name': 'addrlen', 'type': 'int', 'value': 16}]",1,1
487.105988,7555,7555,7548,1001,4026531840,tsm,ip-10-100-1-217,42,connect,[],3,-114,"[{'name': 'sockfd', 'type': 'int', 'value': 577}, {'name': 'addr', 'type': 'struct sockaddr*', 'value': ""{'sa_family': 'AF_INET','sin_port': '22','sin_addr': '192.168.20.101'}""}, {'name': 'addrlen', 'type': 'int', 'value': 16}]",1,1
487.10601,7555,7555,7548,1001,4026531840,tsm,ip-10-100-1-217,42,connect,[],3,-114,"[{'name': 'sockfd', 'type': 'int', 'value': 578}, {'name': 'addr', 'type': 'struct sockaddr*', 'value': ""{'sa_family': 'AF_INET','sin_port': '22','sin_addr': '192.168.20.102'}""}, {'name': 'addrlen', 'type': 'int', 'value': 16}]",1,1
487.106045,7555,7555,7548,1001,4026531840,tsm,ip-10-100-1-217,42,connect,[],3,-114,"[{'name': 'sockfd', 'type': 'int', 'value': 579}, {'name': 'addr', 'type': 'struct sockaddr*', 'value': ""{'sa_family': 'AF_INET','sin_port': '22','sin_addr': '192.168.20.103'}""}, {'name': 'addrlen', 'type': 'int', 'value': 16}]",1,1
487.106067,7555,7555,7548,1001,4026531840,tsm,ip-10-100-1-217,42,connect,[],3,-114,"[{'name': 'sockfd', 'type': 'int', 'value': 580}, {'name': 'addr', 'type': 'struct sockaddr*', 'value': ""{'sa_family': 'AF_INET','sin_port': '22','sin_addr': '192.168.20.104'}""}, {'name': 'addrlen', 'type': 'int', 'value': 16}]",1,1
487.106088,7555,7555,7548,1001,4026531840,tsm,ip-10-100-1-217,42,connect,[],3,-114,"[{'name': 'sockfd', 'type': 'int', 'value': 581}, {'name': 'addr', 'type': 'struct sockaddr*', 'value': ""{'sa_family': 'AF_INET','sin_port': '22','sin_addr': '192.168.20.105'}""}, {'name': 'addrlen', 'type': 'int', 'value': 16}]",1,1
487.106109,7555,7555,7548,1001,4026531840,tsm,ip-10-100-1-217,42,connect,[],3,-114,"[{'name': 'sockfd', 'type': 'int', 'value': 582}, {'name': 'addr', 'type': 'struct sockaddr*', 'value': ""{'sa_family': 'AF_INET','sin_port': '22','sin_addr': '192.168.20.106'}""}, {'name': 'addrlen', 'type': 'int', 'value': 16}]",1,1
487.10613,7555,7555,7548,1001,4026531840,tsm,ip-10-100-1-217,42,connect,[],3,-114,"[{'name': 'sockfd', 'type': 'int', 'value': 583}, {'name': 'addr', 'type': 'struct sockaddr*', 'value': ""{'sa_family': 'AF_INET','sin_port': '22','sin_addr': '192.168.20.107'}""}, {'name': 'addrlen', 'type': 'int', 'value': 16}]",1,1
487.106152,7555,7555,7548,1001,4026531840,tsm,ip-10-100-1-217,42,connect,[],3,-114,"[{'name': 'sockfd', 'type': 'int', 'value': 584}, {'name': 'addr', 'type': 'struct sockaddr*', 'value': ""{'sa_family': 'AF_INET','sin_port': '22','sin_addr': '192.168.20.108'}""}, {'name': 'addrlen', 'type': 'int', 'value': 16}]",1,1
487.106173,7555,7555,7548,1001,4026531840,tsm,ip-10-100-1-217,42,connect,[],3,-114,"[{'name': 'sockfd', 'type': 'int', 'value': 585}, {'name': 'addr', 'type': 'struct sockaddr*', 'value': ""{'sa_family': 'AF_INET','sin_port': '22','sin_addr': '192.168.20.109'}""}, {'name': 'addrlen', 'type': 'int', 'value': 16}]",1,1
487.106194,7555,7555,7548,1001,4026531840,tsm,ip-10-100-1-217,42,connect,[],3,-114,"[{'name': 'sockfd', 'type': 'int', 'value': 586}, {'name': 'addr', 'type': 'struct sockaddr*', 'value': ""{'sa_family': 'AF_INET','sin_port': '22','sin_addr': '192.168.20.110'}""}, {'name': 'addrlen', 'type': 'int', 'value': 16}]",1,1
487.106216,7555,7555,7548,1001,4026531840,tsm,ip-10-100-1-217,42,connect,[],3,-114,"[{'name': 'sockfd', 'type': 'int', 'value': 587}, {'name': 'addr', 'type': 'struct sockaddr*', 'value': ""{'sin_port': '22','sin_addr': '192.168.20.111','sa_family': 'AF_INET'}""}, {'name': 'addrlen', 'type': 'int', 'value': 16}]",1,1
487.106237,7555,7555,7548,1001,4026531840,tsm,ip-10-100-1-217,42,connect,[],3,-114,"[{'name': 'sockfd', 'type': 'int', 'value': 588}, {'name': 'addr', 'type': 'struct sockaddr*', 'value': ""{'sa_family': 'AF_INET','sin_port': '22','sin_addr': '192.168.20.112'}""}, {'name': 'addrlen', 'type': 'int', 'value': 16}]",1,1
487.106258,7555,7555,7548,1001,4026531840,tsm,ip-10-100-1-217,42,connect,[],3,-114,"[{'name': 'sockfd', 'type': 'int', 'value': 589}, {'name': 'addr', 'type': 'struct sockaddr*', 'value': ""{'sa_family': 'AF_INET','sin_port': '22','sin_addr': '192.168.20.113'}""}, {'name': 'addrlen', 'type': 'int', 'value': 16}]",1,1
487.10628,7555,7555,7548,1001,4026531840,tsm,ip-10-100-1-217,42,connect,[],3,-114,"[{'name': 'sockfd', 'type': 'int', 'value': 590}, {'name': 'addr', 'type': 'struct sockaddr*', 'value': ""{'sa_family': 'AF_INET','sin_port': '22','sin_addr': '192.168.20.114'}""}, {'name': 'addrlen', 'type': 'int', 'value': 16}]",1,1
487.106301,7555,7555,7548,1001,4026531840,tsm,ip-10-100-1-217,42,connect,[],3,-114,"[{'name': 'sockfd', 'type': 'int', 'value': 591}, {'name': 'addr', 'type': 'struct sockaddr*', 'value': ""{'sin_addr': '192.168.20.115','sa_family': 'AF_INET','sin_port': '22'}""}, {'name': 'addrlen', 'type': 'int', 'value': 16}]",1,1
487.106322,7555,7555,7548,1001,4026531840,tsm,ip-10-100-1-217,42,connect,[],3,-114,"[{'name': 'sockfd', 'type': 'int', 'value': 592}, {'name': 'addr', 'type': 'struct sockaddr*', 'value': ""{'sin_addr': '192.168.20.116','sa_family': 'AF_INET','sin_port': '22'}""}, {'name': 'addrlen', 'type': 'int', 'value': 16}]",1,1
487.106343,7555,7555,7548,1001,4026531840,tsm,ip-10-100-1-217,42,connect,[],3,-114,"[{'name': 'sockfd', 'type': 'int', 'value': 593}, {'name': 'addr', 'type': 'struct sockaddr*', 'value': ""{'sa_family': 'AF_INET','sin_port': '22','sin_addr': '192.168.20.117'}""}, {'name': 'addrlen', 'type': 'int', 'value': 16}]",1,1
487.106365,7555,7555,7548,1001,4026531840,tsm,ip-10-100-1-217,42,connect,[],3,-114,"[{'name': 'sockfd', 'type': 'int', 'value': 594}, {'name': 'addr', 'type': 'struct sockaddr*', 'value': ""{'sin_addr': '192.168.20.118','sa_family': 'AF_INET','sin_port': '22'}""}, {'name': 'addrlen', 'type': 'int', 'value': 16}]",1,1
487.106386,7555,7555,7548,1001,4026531840,tsm,ip-10-100-1-217,42,connect,[],3,-114,"[{'name': 'sockfd', 'type': 'int', 'value': 595}, {'name': 'addr', 'type': 'struct sockaddr*', 'value': ""{'sa_family': 'AF_INET','sin_port': '22','sin_addr': '192.168.20.119'}""}, {'name': 'addrlen', 'type': 'int', 'value': 16}]",1,1
487.106407,7555,7555,7548,1001,4026531840,tsm,ip-10-100-1-217,42,connect,[],3,-114,"[{'name': 'sockfd', 'type': 'int', 'value': 596}, {'name': 'addr', 'type': 'struct sockaddr*', 'value': ""{'sin_addr': '192.168.20.120','sa_family': 'AF_INET','sin_port': '22'}""}, {'name': 'addrlen', 'type': 'int', 'value': 16}]",1,1
487.106429,7555,7555,7548,1001,4026531840,tsm,ip-10-100-1-217,42,connect,[],3,-114,"[{'name': 'sockfd', 'type': 'int', 'value': 597}, {'name': 'addr', 'type': 'struct sockaddr*', 'value': ""{'sa_family': 'AF_INET','sin_port': '22','sin_addr': '192.168.20.121'}""}, {'name': 'addrlen', 'type': 'int', 'value': 16}]",1,1
487.10645,7555,7555,7548,1001,4026531840,tsm,ip-10-100-1-217,42,connect,[],3,-114,"[{'name': 'sockfd', 'type': 'int', 'value': 598}, {'name': 'addr', 'type': 'struct sockaddr*', 'value': ""{'sa_family': 'AF_INET','sin_port': '22','sin_addr': '192.168.20.122'}""}, {'name': 'addrlen', 'type': 'int', 'value': 16}]",1,1
487.106482,7555,7555,7548,1001,4026531840,tsm,ip-10-100-1-217,42,connect,[],3,-114,"[{'name': 'sockfd', 'type': 'int', 'value': 599}, {'name': 'addr', 'type': 'struct sockaddr*', 'value': ""{'sa_family': 'AF_INET','sin_port': '22','sin_addr': '192.168.20.123'}""}, {'name': 'addrlen', 'type': 'int', 'value': 16}]",1,1
487.106504,7555,7555,7548,1001,4026531840,tsm,ip-10-100-1-217,42,connect,[],3,-114,"[{'name': 'sockfd', 'type': 'int', 'value': 600}, {'name': 'addr', 'type': 'struct sockaddr*', 'value': ""{'sa_family': 'AF_INET','sin_port': '22','sin_addr': '192.168.20.124'}""}, {'name': 'addrlen', 'type': 'int', 'value': 16}]",1,1
487.106525,7555,7555,7548,1001,4026531840,tsm,ip-10-100-1-217,42,connect,[],3,-114,"[{'name': 'sockfd', 'type': 'int', 'value': 601}, {'name': 'addr', 'type': 'struct sockaddr*', 'value': ""{'sin_addr': '192.168.20.125','sa_family': 'AF_INET','sin_port': '22'}""}, {'name': 'addrlen', 'type': 'int', 'value': 16}]",1,1
487.106546,7555,7555,7548,1001,4026531840,tsm,ip-10-100-1-217,42,connect,[],3,-114,"[{'name': 'sockfd', 'type': 'int', 'value': 602}, {'name': 'addr', 'type': 'struct sockaddr*', 'value': ""{'sa_family': 'AF_INET','sin_port': '22','sin_addr': '192.168.20.126'}""}, {'name': 'addrlen', 'type': 'int', 'value': 16}]",1,1
487.10658,7555,7555,7548,1001,4026531840,tsm,ip-10-100-1-217,42,connect,[],3,-114,"[{'name': 'sockfd', 'type': 'int', 'value': 603}, {'name': 'addr', 'type': 'struct sockaddr*', 'value': ""{'sa_family': 'AF_INET','sin_port': '22','sin_addr': '192.168.20.127'}""}, {'name': 'addrlen', 'type': 'int', 'value': 16}]",1,1
487.106602,7555,7555,7548,1001,4026531840,tsm,ip-10-100-1-217,42,connect,[],3,-114,"[{'name': 'sockfd', 'type': 'int', 'value': 604}, {'name': 'addr', 'type': 'struct sockaddr*', 'value': ""{'sa_family': 'AF_INET','sin_port': '22','sin_addr': '192.168.20.128'}""}, {'name': 'addrlen', 'type': 'int', 'value': 16}]",1,1
487.106624,7555,7555,7548,1001,4026531840,tsm,ip-10-100-1-217,42,connect,[],3,-114,"[{'name': 'sockfd', 'type': 'int', 'value': 605}, {'name': 'addr', 'type': 'struct sockaddr*', 'value': ""{'sin_addr': '192.168.20.129','sa_family': 'AF_INET','sin_port': '22'}""}, {'name': 'addrlen', 'type': 'int', 'value': 16}]",1,1
487.106646,7555,7555,7548,1001,4026531840,tsm,ip-10-100-1-217,42,connect,[],3,-114,"[{'name': 'sockfd', 'type': 'int', 'value': 606}, {'name': 'addr', 'type': 'struct sockaddr*', 'value': ""{'sa_family': 'AF_INET','sin_port': '22','sin_addr': '192.168.20.130'}""}, {'name': 'addrlen', 'type': 'int', 'value': 16}]",1,1
487.106668,7555,7555,7548,1001,4026531840,tsm,ip-10-100-1-217,42,connect,[],3,-114,"[{'name': 'sockfd', 'type': 'int', 'value': 607}, {'name': 'addr', 'type': 'struct sockaddr*', 'value': ""{'sa_family': 'AF_INET','sin_port': '22','sin_addr': '192.168.20.131'}""}, {'name': 'addrlen', 'type': 'int', 'value': 16}]",1,1
487.106691,7555,7555,7548,1001,4026531840,tsm,ip-10-100-1-217,42,connect,[],3,-114,"[{'name': 'sockfd', 'type': 'int', 'value': 608}, {'name': 'addr', 'type': 'struct sockaddr*', 'value': ""{'sin_addr': '192.168.20.132','sa_family': 'AF_INET','sin_port': '22'}""}, {'name': 'addrlen', 'type': 'int', 'value': 16}]",1,1
487.106712,7555,7555,7548,1001,4026531840,tsm,ip-10-100-1-217,42,connect,[],3,-114,"[{'name': 'sockfd', 'type': 'int', 'value': 609}, {'name': 'addr', 'type': 'struct sockaddr*', 'value': ""{'sin_port': '22','sin_addr': '192.168.20.133','sa_family': 'AF_INET'}""}, {'name': 'addrlen', 'type': 'int', 'value': 16}]",1,1
487.106735,7555,7555,7548,1001,4026531840,tsm,ip-10-100-1-217,42,connect,[],3,-114,"[{'name': 'sockfd', 'type': 'int', 'value': 610}, {'name': 'addr', 'type': 'struct sockaddr*', 'value': ""{'sa_family': 'AF_INET','sin_port': '22','sin_addr': '192.168.20.134'}""}, {'name': 'addrlen', 'type': 'int', 'value': 16}]",1,1
487.106757,7555,7555,7548,1001,4026531840,tsm,ip-10-100-1-217,42,connect,[],3,-114,"[{'name': 'sockfd', 'type': 'int', 'value': 611}, {'name': 'addr', 'type': 'struct sockaddr*', 'value': ""{'sa_family': 'AF_INET','sin_port': '22','sin_addr': '192.168.20.135'}""}, {'name': 'addrlen', 'type': 'int', 'value': 16}]",1,1
487.106779,7555,7555,7548,1001,4026531840,tsm,ip-10-100-1-217,42,connect,[],3,-114,"[{'name': 'sockfd', 'type': 'int', 'value': 612}, {'name': 'addr', 'type': 'struct sockaddr*', 'value': ""{'sa_family': 'AF_INET','sin_port': '22','sin_addr': '192.168.20.136'}""}, {'name': 'addrlen', 'type': 'int', 'value': 16}]",1,1
487.106801,7555,7555,7548,1001,4026531840,tsm,ip-10-100-1-217,42,connect,[],3,-114,"[{'name': 'sockfd', 'type': 'int', 'value': 613}, {'name': 'addr', 'type': 'struct sockaddr*', 'value': ""{'sin_addr': '192.168.20.137','sa_family': 'AF_INET','sin_port': '22'}""}, {'name': 'addrlen', 'type': 'int', 'value': 16}]",1,1
487.106823,7555,7555,7548,1001,4026531840,tsm,ip-10-100-1-217,42,connect,[],3,-114,"[{'name': 'sockfd', 'type': 'int', 'value': 614}, {'name': 'addr', 'type': 'struct sockaddr*', 'value': ""{'sa_family': 'AF_INET','sin_port': '22','sin_addr': '192.168.20.138'}""}, {'name': 'addrlen', 'type': 'int', 'value': 16}]",1,1
487.106845,7555,7555,7548,1001,4026531840,tsm,ip-10-100-1-217,42,connect,[],3,-114,"[{'name': 'sockfd', 'type': 'int', 'value': 615}, {'name': 'addr', 'type': 'struct sockaddr*', 'value': ""{'sa_family': 'AF_INET','sin_port': '22','sin_addr': '192.168.20.139'}""}, {'name': 'addrlen', 'type': 'int', 'value': 16}]",1,1
487.106867,7555,7555,7548,1001,4026531840,tsm,ip-10-100-1-217,42,connect,[],3,-114,"[{'name': 'sockfd', 'type': 'int', 'value': 616}, {'name': 'addr', 'type': 'struct sockaddr*', 'value': ""{'sa_family': 'AF_INET','sin_port': '22','sin_addr': '192.168.20.140'}""}, {'name': 'addrlen', 'type': 'int', 'value': 16}]",1,1
487.106889,7555,7555,7548,1001,4026531840,tsm,ip-10-100-1-217,42,connect,[],3,-114,"[{'name': 'sockfd', 'type': 'int', 'value': 617}, {'name': 'addr', 'type': 'struct sockaddr*', 'value': ""{'sin_port': '22','sin_addr': '192.168.20.141','sa_family': 'AF_INET'}""}, {'name': 'addrlen', 'type': 'int', 'value': 16}]",1,1
487.106911,7555,7555,7548,1001,4026531840,tsm,ip-10-100-1-217,42,connect,[],3,-114,"[{'name': 'sockfd', 'type': 'int', 'value': 618}, {'name': 'addr', 'type': 'struct sockaddr*', 'value': ""{'sin_addr': '192.168.20.142','sa_family': 'AF_INET','sin_port': '22'}""}, {'name': 'addrlen', 'type': 'int', 'value': 16}]",1,1
487.106934,7555,7555,7548,1001,4026531840,tsm,ip-10-100-1-217,42,connect,[],3,-114,"[{'name': 'sockfd', 'type': 'int', 'value': 619}, {'name': 'addr', 'type': 'struct sockaddr*', 'value': ""{'sa_family': 'AF_INET','sin_port': '22','sin_addr': '192.168.20.143'}""}, {'name': 'addrlen', 'type': 'int', 'value': 16}]",1,1
487.106956,7555,7555,7548,1001,4026531840,tsm,ip-10-100-1-217,42,connect,[],3,-114,"[{'name': 'sockfd', 'type': 'int', 'value': 620}, {'name': 'addr', 'type': 'struct sockaddr*', 'value': ""{'sa_family': 'AF_INET','sin_port': '22','sin_addr': '192.168.20.144'}""}, {'name': 'addrlen', 'type': 'int', 'value': 16}]",1,1
487.106978,7555,7555,7548,1001,4026531840,tsm,ip-10-100-1-217,42,connect,[],3,-114,"[{'name': 'sockfd', 'type': 'int', 'value': 621}, {'name': 'addr', 'type': 'struct sockaddr*', 'value': ""{'sa_family': 'AF_INET','sin_port': '22','sin_addr': '192.168.20.145'}""}, {'name': 'addrlen', 'type': 'int', 'value': 16}]",1,1
487.107,7555,7555,7548,1001,4026531840,tsm,ip-10-100-1-217,42,connect,[],3,-114,"[{'name': 'sockfd', 'type': 'int', 'value': 622}, {'name': 'addr', 'type': 'struct sockaddr*', 'value': ""{'sa_family': 'AF_INET','sin_port': '22','sin_addr': '192.168.20.146'}""}, {'name': 'addrlen', 'type': 'int', 'value': 16}]",1,1
487.107022,7555,7555,7548,1001,4026531840,tsm,ip-10-100-1-217,42,connect,[],3,-114,"[{'name': 'sockfd', 'type': 'int', 'value': 623}, {'name': 'addr', 'type': 'struct sockaddr*', 'value': ""{'sa_family': 'AF_INET','sin_port': '22','sin_addr': '192.168.20.147'}""}, {'name': 'addrlen', 'type': 'int', 'value': 16}]",1,1
487.107044,7555,7555,7548,1001,4026531840,tsm,ip-10-100-1-217,42,connect,[],3,-114,"[{'name': 'sockfd', 'type': 'int', 'value': 624}, {'name': 'addr', 'type': 'struct sockaddr*', 'value': ""{'sin_port': '22','sin_addr': '192.168.20.148','sa_family': 'AF_INET'}""}, {'name': 'addrlen', 'type': 'int', 'value': 16}]",1,1
487.107068,7555,7555,7548,1001,4026531840,tsm,ip-10-100-1-217,42,connect,[],3,-114,"[{'name': 'sockfd', 'type': 'int', 'value': 625}, {'name': 'addr', 'type': 'struct sockaddr*', 'value': ""{'sa_family': 'AF_INET','sin_port': '22','sin_addr': '192.168.20.149'}""}, {'name': 'addrlen', 'type': 'int', 'value': 16}]",1,1
487.107091,7555,7555,7548,1001,4026531840,tsm,ip-10-100-1-217,42,connect,[],3,-114,"[{'name': 'sockfd', 'type': 'int', 'value': 626}, {'name': 'addr', 'type': 'struct sockaddr*', 'value': ""{'sa_family': 'AF_INET','sin_port': '22','sin_addr': '192.168.20.150'}""}, {'name': 'addrlen', 'type': 'int', 'value': 16}]",1,1
487.107112,7555,7555,7548,1001,4026531840,tsm,ip-10-100-1-217,42,connect,[],3,-114,"[{'name': 'sockfd', 'type': 'int', 'value': 627}, {'name': 'addr', 'type': 'struct sockaddr*', 'value': ""{'sin_addr': '192.168.20.151','sa_family': 'AF_INET','sin_port': '22'}""}, {'name': 'addrlen', 'type': 'int', 'value': 16}]",1,1
487.107134,7555,7555,7548,1001,4026531840,tsm,ip-10-100-1-217,42,connect,[],3,-114,"[{'name': 'sockfd', 'type': 'int', 'value': 628}, {'name': 'addr', 'type': 'struct sockaddr*', 'value': ""{'sa_family': 'AF_INET','sin_port': '22','sin_addr': '192.168.20.152'}""}, {'name': 'addrlen', 'type': 'int', 'value': 16}]",1,1
487.107156,7555,7555,7548,1001,4026531840,tsm,ip-10-100-1-217,42,connect,[],3,-114,"[{'name': 'sockfd', 'type': 'int', 'value': 629}, {'name': 'addr', 'type': 'struct sockaddr*', 'value': ""{'sa_family': 'AF_INET','sin_port': '22','sin_addr': '192.168.20.153'}""}, {'name': 'addrlen', 'type': 'int', 'value': 16}]",1,1
487.107178,7555,7555,7548,1001,4026531840,tsm,ip-10-100-1-217,42,connect,[],3,-114,"[{'name': 'sockfd', 'type': 'int', 'value': 630}, {'name': 'addr', 'type': 'struct sockaddr*', 'value': ""{'sa_family': 'AF_INET','sin_port': '22','sin_addr': '192.168.20.154'}""}, {'name': 'addrlen', 'type': 'int', 'value': 16}]",1,1
487.107201,7555,7555,7548,1001,4026531840,tsm,ip-10-100-1-217,42,connect,[],3,-114,"[{'name': 'sockfd', 'type': 'int', 'value': 631}, {'name': 'addr', 'type': 'struct sockaddr*', 'value': ""{'sin_addr': '192.168.20.155','sa_family': 'AF_INET','sin_port': '22'}""}, {'name': 'addrlen', 'type': 'int', 'value': 16}]",1,1
487.107223,7555,7555,7548,1001,4026531840,tsm,ip-10-100-1-217,42,connect,[],3,-114,"[{'name': 'sockfd', 'type': 'int', 'value': 632}, {'name': 'addr', 'type': 'struct sockaddr*', 'value': ""{'sa_family': 'AF_INET','sin_port': '22','sin_addr': '192.168.20.156'}""}, {'name': 'addrlen', 'type': 'int', 'value': 16}]",1,1
487.107245,7555,7555,7548,1001,4026531840,tsm,ip-10-100-1-217,42,connect,[],3,-114,"[{'name': 'sockfd', 'type': 'int', 'value': 633}, {'name': 'addr', 'type': 'struct sockaddr*', 'value': ""{'sa_family': 'AF_INET','sin_port': '22','sin_addr': '192.168.20.157'}""}, {'name': 'addrlen', 'type': 'int', 'value': 16}]",1,1
487.107267,7555,7555,7548,1001,4026531840,tsm,ip-10-100-1-217,42,connect,[],3,-114,"[{'name': 'sockfd', 'type': 'int', 'value': 634}, {'name': 'addr', 'type': 'struct sockaddr*', 'value': ""{'sa_family': 'AF_INET','sin_port': '22','sin_addr': '192.168.20.158'}""}, {'name': 'addrlen', 'type': 'int', 'value': 16}]",1,1
487.107289,7555,7555,7548,1001,4026531840,tsm,ip-10-100-1-217,42,connect,[],3,-114,"[{'name': 'sockfd', 'type': 'int', 'value': 635}, {'name': 'addr', 'type': 'struct sockaddr*', 'value': ""{'sa_family': 'AF_INET','sin_port': '22','sin_addr': '192.168.20.159'}""}, {'name': 'addrlen', 'type': 'int', 'value': 16}]",1,1
487.107311,7555,7555,7548,1001,4026531840,tsm,ip-10-100-1-217,42,connect,[],3,-114,"[{'name': 'sockfd', 'type': 'int', 'value': 636}, {'name': 'addr', 'type': 'struct sockaddr*', 'value': ""{'sa_family': 'AF_INET','sin_port': '22','sin_addr': '192.168.20.160'}""}, {'name': 'addrlen', 'type': 'int', 'value': 16}]",1,1
487.107333,7555,7555,7548,1001,4026531840,tsm,ip-10-100-1-217,42,connect,[],3,-114,"[{'name': 'sockfd', 'type': 'int', 'value': 637}, {'name': 'addr', 'type': 'struct sockaddr*', 'value': ""{'sa_family': 'AF_INET','sin_port': '22','sin_addr': '192.168.20.161'}""}, {'name': 'addrlen', 'type': 'int', 'value': 16}]",1,1
487.107355,7555,7555,7548,1001,4026531840,tsm,ip-10-100-1-217,42,connect,[],3,-114,"[{'name': 'sockfd', 'type': 'int', 'value': 638}, {'name': 'addr', 'type': 'struct sockaddr*', 'value': ""{'sin_addr': '192.168.20.162','sa_family': 'AF_INET','sin_port': '22'}""}, {'name': 'addrlen', 'type': 'int', 'value': 16}]",1,1
487.107377,7555,7555,7548,1001,4026531840,tsm,ip-10-100-1-217,42,connect,[],3,-114,"[{'name': 'sockfd', 'type': 'int', 'value': 639}, {'name': 'addr', 'type': 'struct sockaddr*', 'value': ""{'sin_port': '22','sin_addr': '192.168.20.163','sa_family': 'AF_INET'}""}, {'name': 'addrlen', 'type': 'int', 'value': 16}]",1,1
487.107399,7555,7555,7548,1001,4026531840,tsm,ip-10-100-1-217,42,connect,[],3,-114,"[{'name': 'sockfd', 'type': 'int', 'value': 640}, {'name': 'addr', 'type': 'struct sockaddr*', 'value': ""{'sa_family': 'AF_INET','sin_port': '22','sin_addr': '192.168.20.164'}""}, {'name': 'addrlen', 'type': 'int', 'value': 16}]",1,1
487.107421,7555,7555,7548,1001,4026531840,tsm,ip-10-100-1-217,42,connect,[],3,-114,"[{'name': 'sockfd', 'type': 'int', 'value': 641}, {'name': 'addr', 'type': 'struct sockaddr*', 'value': ""{'sa_family': 'AF_INET','sin_port': '22','sin_addr': '192.168.20.165'}""}, {'name': 'addrlen', 'type': 'int', 'value': 16}]",1,1
487.107443,7555,7555,7548,1001,4026531840,tsm,ip-10-100-1-217,42,connect,[],3,-114,"[{'name': 'sockfd', 'type': 'int', 'value': 642}, {'name': 'addr', 'type': 'struct sockaddr*', 'value': ""{'sa_family': 'AF_INET','sin_port': '22','sin_addr': '192.168.20.166'}""}, {'name': 'addrlen', 'type': 'int', 'value': 16}]",1,1
487.107479,7555,7555,7548,1001,4026531840,tsm,ip-10-100-1-217,42,connect,[],3,-114,"[{'name': 'sockfd', 'type': 'int', 'value': 643}, {'name': 'addr', 'type': 'struct sockaddr*', 'value': ""{'sa_family': 'AF_INET','sin_port': '22','sin_addr': '192.168.20.167'}""}, {'name': 'addrlen', 'type': 'int', 'value': 16}]",1,1
487.1075,7555,7555,7548,1001,4026531840,tsm,ip-10-100-1-217,42,connect,[],3,-114,"[{'name': 'sockfd', 'type': 'int', 'value': 644}, {'name': 'addr', 'type': 'struct sockaddr*', 'value': ""{'sin_addr': '192.168.20.168','sa_family': 'AF_INET','sin_port': '22'}""}, {'name': 'addrlen', 'type': 'int', 'value': 16}]",1,1
487.107521,7555,7555,7548,1001,4026531840,tsm,ip-10-100-1-217,42,connect,[],3,-114,"[{'name': 'sockfd', 'type': 'int', 'value': 645}, {'name': 'addr', 'type': 'struct sockaddr*', 'value': ""{'sa_family': 'AF_INET','sin_port': '22','sin_addr': '192.168.20.169'}""}, {'name': 'addrlen', 'type': 'int', 'value': 16}]",1,1
487.107555,7555,7555,7548,1001,4026531840,tsm,ip-10-100-1-217,42,connect,[],3,-114,"[{'name': 'sockfd', 'type': 'int', 'value': 646}, {'name': 'addr', 'type': 'struct sockaddr*', 'value': ""{'sa_family': 'AF_INET','sin_port': '22','sin_addr': '192.168.20.170'}""}, {'name': 'addrlen', 'type': 'int', 'value': 16}]",1,1
487.107577,7555,7555,7548,1001,4026531840,tsm,ip-10-100-1-217,42,connect,[],3,-114,"[{'name': 'sockfd', 'type': 'int', 'value': 647}, {'name': 'addr', 'type': 'struct sockaddr*', 'value': ""{'sa_family': 'AF_INET','sin_port': '22','sin_addr': '192.168.20.171'}""}, {'name': 'addrlen', 'type': 'int', 'value': 16}]",1,1
487.107599,7555,7555,7548,1001,4026531840,tsm,ip-10-100-1-217,42,connect,[],3,-114,"[{'name': 'sockfd', 'type': 'int', 'value': 648}, {'name': 'addr', 'type': 'struct sockaddr*', 'value': ""{'sa_family': 'AF_INET','sin_port': '22','sin_addr': '192.168.20.172'}""}, {'name': 'addrlen', 'type': 'int', 'value': 16}]",1,1
487.107621,7555,7555,7548,1001,4026531840,tsm,ip-10-100-1-217,42,connect,[],3,-114,"[{'name': 'sockfd', 'type': 'int', 'value': 649}, {'name': 'addr', 'type': 'struct sockaddr*', 'value': ""{'sa_family': 'AF_INET','sin_port': '22','sin_addr': '192.168.20.173'}""}, {'name': 'addrlen', 'type': 'int', 'value': 16}]",1,1
487.107643,7555,7555,7548,1001,4026531840,tsm,ip-10-100-1-217,42,connect,[],3,-114,"[{'name': 'sockfd', 'type': 'int', 'value': 650}, {'name': 'addr', 'type': 'struct sockaddr*', 'value': ""{'sin_port': '22','sin_addr': '192.168.20.174','sa_family': 'AF_INET'}""}, {'name': 'addrlen', 'type': 'int', 'value': 16}]",1,1
487.107665,7555,7555,7548,1001,4026531840,tsm,ip-10-100-1-217,42,connect,[],3,-114,"[{'name': 'sockfd', 'type': 'int', 'value': 651}, {'name': 'addr', 'type': 'struct sockaddr*', 'value': ""{'sin_port': '22','sin_addr': '192.168.20.175','sa_family': 'AF_INET'}""}, {'name': 'addrlen', 'type': 'int', 'value': 16}]",1,1
487.107687,7555,7555,7548,1001,4026531840,tsm,ip-10-100-1-217,42,connect,[],3,-114,"[{'name': 'sockfd', 'type': 'int', 'value': 652}, {'name': 'addr', 'type': 'struct sockaddr*', 'value': ""{'sin_addr': '192.168.20.176','sa_family': 'AF_INET','sin_port': '22'}""}, {'name': 'addrlen', 'type': 'int', 'value': 16}]",1,1
487.10771,7555,7555,7548,1001,4026531840,tsm,ip-10-100-1-217,42,connect,[],3,-114,"[{'name': 'sockfd', 'type': 'int', 'value': 653}, {'name': 'addr', 'type': 'struct sockaddr*', 'value': ""{'sa_family': 'AF_INET','sin_port': '22','sin_addr': '192.168.20.177'}""}, {'name': 'addrlen', 'type': 'int', 'value': 16}]",1,1
487.107732,7555,7555,7548,1001,4026531840,tsm,ip-10-100-1-217,42,connect,[],3,-114,"[{'name': 'sockfd', 'type': 'int', 'value': 654}, {'name': 'addr', 'type': 'struct sockaddr*', 'value': ""{'sa_family': 'AF_INET','sin_port': '22','sin_addr': '192.168.20.178'}""}, {'name': 'addrlen', 'type': 'int', 'value': 16}]",1,1
487.107754,7555,7555,7548,1001,4026531840,tsm,ip-10-100-1-217,42,connect,[],3,-114,"[{'name': 'sockfd', 'type': 'int', 'value': 655}, {'name': 'addr', 'type': 'struct sockaddr*', 'value': ""{'sa_family': 'AF_INET','sin_port': '22','sin_addr': '192.168.20.179'}""}, {'name': 'addrlen', 'type': 'int', 'value': 16}]",1,1
487.107777,7555,7555,7548,1001,4026531840,tsm,ip-10-100-1-217,42,connect,[],3,-114,"[{'name': 'sockfd', 'type': 'int', 'value': 656}, {'name': 'addr', 'type': 'struct sockaddr*', 'value': ""{'sa_family': 'AF_INET','sin_port': '22','sin_addr': '192.168.20.180'}""}, {'name': 'addrlen', 'type': 'int', 'value': 16}]",1,1
487.107799,7555,7555,7548,1001,4026531840,tsm,ip-10-100-1-217,42,connect,[],3,-114,"[{'name': 'sockfd', 'type': 'int', 'value': 657}, {'name': 'addr', 'type': 'struct sockaddr*', 'value': ""{'sa_family': 'AF_INET','sin_port': '22','sin_addr': '192.168.20.181'}""}, {'name': 'addrlen', 'type': 'int', 'value': 16}]",1,1
487.107821,7555,7555,7548,1001,4026531840,tsm,ip-10-100-1-217,42,connect,[],3,-114,"[{'name': 'sockfd', 'type': 'int', 'value': 658}, {'name': 'addr', 'type': 'struct sockaddr*', 'value': ""{'sin_addr': '192.168.20.182','sa_family': 'AF_INET','sin_port': '22'}""}, {'name': 'addrlen', 'type': 'int', 'value': 16}]",1,1
487.107843,7555,7555,7548,1001,4026531840,tsm,ip-10-100-1-217,42,connect,[],3,-114,"[{'name': 'sockfd', 'type': 'int', 'value': 659}, {'name': 'addr', 'type': 'struct sockaddr*', 'value': ""{'sa_family': 'AF_INET','sin_port': '22','sin_addr': '192.168.20.183'}""}, {'name': 'addrlen', 'type': 'int', 'value': 16}]",1,1
487.107865,7555,7555,7548,1001,4026531840,tsm,ip-10-100-1-217,42,connect,[],3,-114,"[{'name': 'sockfd', 'type': 'int', 'value': 660}, {'name': 'addr', 'type': 'struct sockaddr*', 'value': ""{'sa_family': 'AF_INET','sin_port': '22','sin_addr': '192.168.20.184'}""}, {'name': 'addrlen', 'type': 'int', 'value': 16}]",1,1
487.107888,7555,7555,7548,1001,4026531840,tsm,ip-10-100-1-217,42,connect,[],3,-114,"[{'name': 'sockfd', 'type': 'int', 'value': 661}, {'name': 'addr', 'type': 'struct sockaddr*', 'value': ""{'sa_family': 'AF_INET','sin_port': '22','sin_addr': '192.168.20.185'}""}, {'name': 'addrlen', 'type': 'int', 'value': 16}]",1,1
487.10791,7555,7555,7548,1001,4026531840,tsm,ip-10-100-1-217,42,connect,[],3,-114,"[{'name': 'sockfd', 'type': 'int', 'value': 662}, {'name': 'addr', 'type': 'struct sockaddr*', 'value': ""{'sa_family': 'AF_INET','sin_port': '22','sin_addr': '192.168.20.186'}""}, {'name': 'addrlen', 'type': 'int', 'value': 16}]",1,1
487.107932,7555,7555,7548,1001,4026531840,tsm,ip-10-100-1-217,42,connect,[],3,-114,"[{'name': 'sockfd', 'type': 'int', 'value': 663}, {'name': 'addr', 'type': 'struct sockaddr*', 'value': ""{'sa_family': 'AF_INET','sin_port': '22','sin_addr': '192.168.20.187'}""}, {'name': 'addrlen', 'type': 'int', 'value': 16}]",1,1
487.107954,7555,7555,7548,1001,4026531840,tsm,ip-10-100-1-217,42,connect,[],3,-114,"[{'name': 'sockfd', 'type': 'int', 'value': 664}, {'name': 'addr', 'type': 'struct sockaddr*', 'value': ""{'sa_family': 'AF_INET','sin_port': '22','sin_addr': '192.168.20.188'}""}, {'name': 'addrlen', 'type': 'int', 'value': 16}]",1,1
487.107976,7555,7555,7548,1001,4026531840,tsm,ip-10-100-1-217,42,connect,[],3,-114,"[{'name': 'sockfd', 'type': 'int', 'value': 665}, {'name': 'addr', 'type': 'struct sockaddr*', 'value': ""{'sa_family': 'AF_INET','sin_port': '22','sin_addr': '192.168.20.189'}""}, {'name': 'addrlen', 'type': 'int', 'value': 16}]",1,1
487.107998,7555,7555,7548,1001,4026531840,tsm,ip-10-100-1-217,42,connect,[],3,-114,"[{'name': 'sockfd', 'type': 'int', 'value': 666}, {'name': 'addr', 'type': 'struct sockaddr*', 'value': ""{'sa_family': 'AF_INET','sin_port': '22','sin_addr': '192.168.20.190'}""}, {'name': 'addrlen', 'type': 'int', 'value': 16}]",1,1
487.10802,7555,7555,7548,1001,4026531840,tsm,ip-10-100-1-217,42,connect,[],3,-114,"[{'name': 'sockfd', 'type': 'int', 'value': 667}, {'name': 'addr', 'type': 'struct sockaddr*', 'value': ""{'sin_port': '22','sin_addr': '192.168.20.191','sa_family': 'AF_INET'}""}, {'name': 'addrlen', 'type': 'int', 'value': 16}]",1,1
487.108042,7555,7555,7548,1001,4026531840,tsm,ip-10-100-1-217,42,connect,[],3,-114,"[{'name': 'sockfd', 'type': 'int', 'value': 668}, {'name': 'addr', 'type': 'struct sockaddr*', 'value': ""{'sin_port': '22','sin_addr': '192.168.20.192','sa_family': 'AF_INET'}""}, {'name': 'addrlen', 'type': 'int', 'value': 16}]",1,1
487.108064,7555,7555,7548,1001,4026531840,tsm,ip-10-100-1-217,42,connect,[],3,-114,"[{'name': 'sockfd', 'type': 'int', 'value': 669}, {'name': 'addr', 'type': 'struct sockaddr*', 'value': ""{'sa_family': 'AF_INET','sin_port': '22','sin_addr': '192.168.20.193'}""}, {'name': 'addrlen', 'type': 'int', 'value': 16}]",1,1
487.108087,7555,7555,7548,1001,4026531840,tsm,ip-10-100-1-217,42,connect,[],3,-114,"[{'name': 'sockfd', 'type': 'int', 'value': 670}, {'name': 'addr', 'type': 'struct sockaddr*', 'value': ""{'sa_family': 'AF_INET','sin_port': '22','sin_addr': '192.168.20.194'}""}, {'name': 'addrlen', 'type': 'int', 'value': 16}]",1,1
487.108109,7555,7555,7548,1001,4026531840,tsm,ip-10-100-1-217,42,connect,[],3,-114,"[{'name': 'sockfd', 'type': 'int', 'value': 671}, {'name': 'addr', 'type': 'struct sockaddr*', 'value': ""{'sa_family': 'AF_INET','sin_port': '22','sin_addr': '192.168.20.195'}""}, {'name': 'addrlen', 'type': 'int', 'value': 16}]",1,1
487.108131,7555,7555,7548,1001,4026531840,tsm,ip-10-100-1-217,42,connect,[],3,-114,"[{'name': 'sockfd', 'type': 'int', 'value': 672}, {'name': 'addr', 'type': 'struct sockaddr*', 'value': ""{'sa_family': 'AF_INET','sin_port': '22','sin_addr': '192.168.20.196'}""}, {'name': 'addrlen', 'type': 'int', 'value': 16}]",1,1
487.108153,7555,7555,7548,1001,4026531840,tsm,ip-10-100-1-217,42,connect,[],3,-114,"[{'name': 'sockfd', 'type': 'int', 'value': 673}, {'name': 'addr', 'type': 'struct sockaddr*', 'value': ""{'sin_port': '22','sin_addr': '192.168.20.197','sa_family': 'AF_INET'}""}, {'name': 'addrlen', 'type': 'int', 'value': 16}]",1,1
487.108175,7555,7555,7548,1001,4026531840,tsm,ip-10-100-1-217,42,connect,[],3,-114,"[{'name': 'sockfd', 'type': 'int', 'value': 674}, {'name': 'addr', 'type': 'struct sockaddr*', 'value': ""{'sa_family': 'AF_INET','sin_port': '22','sin_addr': '192.168.20.198'}""}, {'name': 'addrlen', 'type': 'int', 'value': 16}]",1,1
487.108197,7555,7555,7548,1001,4026531840,tsm,ip-10-100-1-217,42,connect,[],3,-114,"[{'name': 'sockfd', 'type': 'int', 'value': 675}, {'name': 'addr', 'type': 'struct sockaddr*', 'value': ""{'sa_family': 'AF_INET','sin_port': '22','sin_addr': '192.168.20.199'}""}, {'name': 'addrlen', 'type': 'int', 'value': 16}]",1,1
487.108219,7555,7555,7548,1001,4026531840,tsm,ip-10-100-1-217,42,connect,[],3,-114,"[{'name': 'sockfd', 'type': 'int', 'value': 676}, {'name': 'addr', 'type': 'struct sockaddr*', 'value': ""{'sa_family': 'AF_INET','sin_port': '22','sin_addr': '192.168.20.200'}""}, {'name': 'addrlen', 'type': 'int', 'value': 16}]",1,1
487.108241,7555,7555,7548,1001,4026531840,tsm,ip-10-100-1-217,42,connect,[],3,-114,"[{'name': 'sockfd', 'type': 'int', 'value': 677}, {'name': 'addr', 'type': 'struct sockaddr*', 'value': ""{'sa_family': 'AF_INET','sin_port': '22','sin_addr': '192.168.20.201'}""}, {'name': 'addrlen', 'type': 'int', 'value': 16}]",1,1
487.108263,7555,7555,7548,1001,4026531840,tsm,ip-10-100-1-217,42,connect,[],3,-114,"[{'name': 'sockfd', 'type': 'int', 'value': 678}, {'name': 'addr', 'type': 'struct sockaddr*', 'value': ""{'sin_port': '22','sin_addr': '192.168.20.202','sa_family': 'AF_INET'}""}, {'name': 'addrlen', 'type': 'int', 'value': 16}]",1,1
487.108285,7555,7555,7548,1001,4026531840,tsm,ip-10-100-1-217,42,connect,[],3,-114,"[{'name': 'sockfd', 'type': 'int', 'value': 679}, {'name': 'addr', 'type': 'struct sockaddr*', 'value': ""{'sa_family': 'AF_INET','sin_port': '22','sin_addr': '192.168.20.203'}""}, {'name': 'addrlen', 'type': 'int', 'value': 16}]",1,1
487.108307,7555,7555,7548,1001,4026531840,tsm,ip-10-100-1-217,42,connect,[],3,-114,"[{'name': 'sockfd', 'type': 'int', 'value': 680}, {'name': 'addr', 'type': 'struct sockaddr*', 'value': ""{'sa_family': 'AF_INET','sin_port': '22','sin_addr': '192.168.20.204'}""}, {'name': 'addrlen', 'type': 'int', 'value': 16}]",1,1
487.10833,7555,7555,7548,1001,4026531840,tsm,ip-10-100-1-217,42,connect,[],3,-114,"[{'name': 'sockfd', 'type': 'int', 'value': 681}, {'name': 'addr', 'type': 'struct sockaddr*', 'value': ""{'sa_family': 'AF_INET','sin_port': '22','sin_addr': '192.168.20.205'}""}, {'name': 'addrlen', 'type': 'int', 'value': 16}]",1,1
487.108352,7555,7555,7548,1001,4026531840,tsm,ip-10-100-1-217,42,connect,[],3,-114,"[{'name': 'sockfd', 'type': 'int', 'value': 682}, {'name': 'addr', 'type': 'struct sockaddr*', 'value': ""{'sa_family': 'AF_INET','sin_port': '22','sin_addr': '192.168.20.206'}""}, {'name': 'addrlen', 'type': 'int', 'value': 16}]",1,1
487.108374,7555,7555,7548,1001,4026531840,tsm,ip-10-100-1-217,42,connect,[],3,-114,"[{'name': 'sockfd', 'type': 'int', 'value': 683}, {'name': 'addr', 'type': 'struct sockaddr*', 'value': ""{'sa_family': 'AF_INET','sin_port': '22','sin_addr': '192.168.20.207'}""}, {'name': 'addrlen', 'type': 'int', 'value': 16}]",1,1
487.108396,7555,7555,7548,1001,4026531840,tsm,ip-10-100-1-217,42,connect,[],3,-114,"[{'name': 'sockfd', 'type': 'int', 'value': 684}, {'name': 'addr', 'type': 'struct sockaddr*', 'value': ""{'sin_addr': '192.168.20.208','sa_family': 'AF_INET','sin_port': '22'}""}, {'name': 'addrlen', 'type': 'int', 'value': 16}]",1,1
487.108418,7555,7555,7548,1001,4026531840,tsm,ip-10-100-1-217,42,connect,[],3,-114,"[{'name': 'sockfd', 'type': 'int', 'value': 685}, {'name': 'addr', 'type': 'struct sockaddr*', 'value': ""{'sa_family': 'AF_INET','sin_port': '22','sin_addr': '192.168.20.209'}""}, {'name': 'addrlen', 'type': 'int', 'value': 16}]",1,1
487.108442,7555,7555,7548,1001,4026531840,tsm,ip-10-100-1-217,42,connect,[],3,-114,"[{'name': 'sockfd', 'type': 'int', 'value': 686}, {'name': 'addr', 'type': 'struct sockaddr*', 'value': ""{'sa_family': 'AF_INET','sin_port': '22','sin_addr': '192.168.20.210'}""}, {'name': 'addrlen', 'type': 'int', 'value': 16}]",1,1
487.108465,7555,7555,7548,1001,4026531840,tsm,ip-10-100-1-217,42,connect,[],3,-114,"[{'name': 'sockfd', 'type': 'int', 'value': 687}, {'name': 'addr', 'type': 'struct sockaddr*', 'value': ""{'sa_family': 'AF_INET','sin_port': '22','sin_addr': '192.168.20.211'}""}, {'name': 'addrlen', 'type': 'int', 'value': 16}]",1,1
487.108487,7555,7555,7548,1001,4026531840,tsm,ip-10-100-1-217,42,connect,[],3,-114,"[{'name': 'sockfd', 'type': 'int', 'value': 688}, {'name': 'addr', 'type': 'struct sockaddr*', 'value': ""{'sa_family': 'AF_INET','sin_port': '22','sin_addr': '192.168.20.212'}""}, {'name': 'addrlen', 'type': 'int', 'value': 16}]",1,1
487.108509,7555,7555,7548,1001,4026531840,tsm,ip-10-100-1-217,42,connect,[],3,-114,"[{'name': 'sockfd', 'type': 'int', 'value': 689}, {'name': 'addr', 'type': 'struct sockaddr*', 'value': ""{'sa_family': 'AF_INET','sin_port': '22','sin_addr': '192.168.20.213'}""}, {'name': 'addrlen', 'type': 'int', 'value': 16}]",1,1
487.108531,7555,7555,7548,1001,4026531840,tsm,ip-10-100-1-217,42,connect,[],3,-114,"[{'name': 'sockfd', 'type': 'int', 'value': 690}, {'name': 'addr', 'type': 'struct sockaddr*', 'value': ""{'sin_port': '22','sin_addr': '192.168.20.214','sa_family': 'AF_INET'}""}, {'name': 'addrlen', 'type': 'int', 'value': 16}]",1,1
487.108553,7555,7555,7548,1001,4026531840,tsm,ip-10-100-1-217,42,connect,[],3,-114,"[{'name': 'sockfd', 'type': 'int', 'value': 691}, {'name': 'addr', 'type': 'struct sockaddr*', 'value': ""{'sin_port': '22','sin_addr': '192.168.20.215','sa_family': 'AF_INET'}""}, {'name': 'addrlen', 'type': 'int', 'value': 16}]",1,1
487.108575,7555,7555,7548,1001,4026531840,tsm,ip-10-100-1-217,42,connect,[],3,-114,"[{'name': 'sockfd', 'type': 'int', 'value': 692}, {'name': 'addr', 'type': 'struct sockaddr*', 'value': ""{'sa_family': 'AF_INET','sin_port': '22','sin_addr': '192.168.20.216'}""}, {'name': 'addrlen', 'type': 'int', 'value': 16}]",1,1
487.108597,7555,7555,7548,1001,4026531840,tsm,ip-10-100-1-217,42,connect,[],3,-114,"[{'name': 'sockfd', 'type': 'int', 'value': 693}, {'name': 'addr', 'type': 'struct sockaddr*', 'value': ""{'sin_addr': '192.168.20.217','sa_family': 'AF_INET','sin_port': '22'}""}, {'name': 'addrlen', 'type': 'int', 'value': 16}]",1,1
487.108619,7555,7555,7548,1001,4026531840,tsm,ip-10-100-1-217,42,connect,[],3,-114,"[{'name': 'sockfd', 'type': 'int', 'value': 694}, {'name': 'addr', 'type': 'struct sockaddr*', 'value': ""{'sin_port': '22','sin_addr': '192.168.20.218','sa_family': 'AF_INET'}""}, {'name': 'addrlen', 'type': 'int', 'value': 16}]",1,1
487.108642,7555,7555,7548,1001,4026531840,tsm,ip-10-100-1-217,42,connect,[],3,-114,"[{'name': 'sockfd', 'type': 'int', 'value': 695}, {'name': 'addr', 'type': 'struct sockaddr*', 'value': ""{'sa_family': 'AF_INET','sin_port': '22','sin_addr': '192.168.20.219'}""}, {'name': 'addrlen', 'type': 'int', 'value': 16}]",1,1
487.108664,7555,7555,7548,1001,4026531840,tsm,ip-10-100-1-217,42,connect,[],3,-114,"[{'name': 'sockfd', 'type': 'int', 'value': 696}, {'name': 'addr', 'type': 'struct sockaddr*', 'value': ""{'sa_family': 'AF_INET','sin_port': '22','sin_addr': '192.168.20.220'}""}, {'name': 'addrlen', 'type': 'int', 'value': 16}]",1,1
487.108686,7555,7555,7548,1001,4026531840,tsm,ip-10-100-1-217,42,connect,[],3,-114,"[{'name': 'sockfd', 'type': 'int', 'value': 697}, {'name': 'addr', 'type': 'struct sockaddr*', 'value': ""{'sa_family': 'AF_INET','sin_port': '22','sin_addr': '192.168.20.221'}""}, {'name': 'addrlen', 'type': 'int', 'value': 16}]",1,1
487.108708,7555,7555,7548,1001,4026531840,tsm,ip-10-100-1-217,42,connect,[],3,-114,"[{'name': 'sockfd', 'type': 'int', 'value': 698}, {'name': 'addr', 'type': 'struct sockaddr*', 'value': ""{'sin_port': '22','sin_addr': '192.168.20.222','sa_family': 'AF_INET'}""}, {'name': 'addrlen', 'type': 'int', 'value': 16}]",1,1
487.10873,7555,7555,7548,1001,4026531840,tsm,ip-10-100-1-217,42,connect,[],3,-114,"[{'name': 'sockfd', 'type': 'int', 'value': 699}, {'name': 'addr', 'type': 'struct sockaddr*', 'value': ""{'sa_family': 'AF_INET','sin_port': '22','sin_addr': '192.168.20.223'}""}, {'name': 'addrlen', 'type': 'int', 'value': 16}]",1,1
487.108752,7555,7555,7548,1001,4026531840,tsm,ip-10-100-1-217,42,connect,[],3,-114,"[{'name': 'sockfd', 'type': 'int', 'value': 700}, {'name': 'addr', 'type': 'struct sockaddr*', 'value': ""{'sa_family': 'AF_INET','sin_port': '22','sin_addr': '192.168.20.224'}""}, {'name': 'addrlen', 'type': 'int', 'value': 16}]",1,1
487.108775,7555,7555,7548,1001,4026531840,tsm,ip-10-100-1-217,42,connect,[],3,-114,"[{'name': 'sockfd', 'type': 'int', 'value': 701}, {'name': 'addr', 'type': 'struct sockaddr*', 'value': ""{'sa_family': 'AF_INET','sin_port': '22','sin_addr': '192.168.20.225'}""}, {'name': 'addrlen', 'type': 'int', 'value': 16}]",1,1
487.108797,7555,7555,7548,1001,4026531840,tsm,ip-10-100-1-217,42,connect,[],3,-114,"[{'name': 'sockfd', 'type': 'int', 'value': 702}, {'name': 'addr', 'type': 'struct sockaddr*', 'value': ""{'sin_addr': '192.168.20.226','sa_family': 'AF_INET','sin_port': '22'}""}, {'name': 'addrlen', 'type': 'int', 'value': 16}]",1,1
487.108819,7555,7555,7548,1001,4026531840,tsm,ip-10-100-1-217,42,connect,[],3,-114,"[{'name': 'sockfd', 'type': 'int', 'value': 703}, {'name': 'addr', 'type': 'struct sockaddr*', 'value': ""{'sin_port': '22','sin_addr': '192.168.20.227','sa_family': 'AF_INET'}""}, {'name': 'addrlen', 'type': 'int', 'value': 16}]",1,1
487.108841,7555,7555,7548,1001,4026531840,tsm,ip-10-100-1-217,42,connect,[],3,-114,"[{'name': 'sockfd', 'type': 'int', 'value': 704}, {'name': 'addr', 'type': 'struct sockaddr*', 'value': ""{'sa_family': 'AF_INET','sin_port': '22','sin_addr': '192.168.20.228'}""}, {'name': 'addrlen', 'type': 'int', 'value': 16}]",1,1
487.108863,7555,7555,7548,1001,4026531840,tsm,ip-10-100-1-217,42,connect,[],3,-114,"[{'name': 'sockfd', 'type': 'int', 'value': 705}, {'name': 'addr', 'type': 'struct sockaddr*', 'value': ""{'sa_family': 'AF_INET','sin_port': '22','sin_addr': '192.168.20.229'}""}, {'name': 'addrlen', 'type': 'int', 'value': 16}]",1,1
487.108885,7555,7555,7548,1001,4026531840,tsm,ip-10-100-1-217,42,connect,[],3,-114,"[{'name': 'sockfd', 'type': 'int', 'value': 706}, {'name': 'addr', 'type': 'struct sockaddr*', 'value': ""{'sa_family': 'AF_INET','sin_port': '22','sin_addr': '192.168.20.230'}""}, {'name': 'addrlen', 'type': 'int', 'value': 16}]",1,1
487.108908,7555,7555,7548,1001,4026531840,tsm,ip-10-100-1-217,42,connect,[],3,-114,"[{'name': 'sockfd', 'type': 'int', 'value': 707}, {'name': 'addr', 'type': 'struct sockaddr*', 'value': ""{'sa_family': 'AF_INET','sin_port': '22','sin_addr': '192.168.20.231'}""}, {'name': 'addrlen', 'type': 'int', 'value': 16}]",1,1
487.10893,7555,7555,7548,1001,4026531840,tsm,ip-10-100-1-217,42,connect,[],3,-114,"[{'name': 'sockfd', 'type': 'int', 'value': 708}, {'name': 'addr', 'type': 'struct sockaddr*', 'value': ""{'sa_family': 'AF_INET','sin_port': '22','sin_addr': '192.168.20.232'}""}, {'name': 'addrlen', 'type': 'int', 'value': 16}]",1,1
487.108952,7555,7555,7548,1001,4026531840,tsm,ip-10-100-1-217,42,connect,[],3,-114,"[{'name': 'sockfd', 'type': 'int', 'value': 709}, {'name': 'addr', 'type': 'struct sockaddr*', 'value': ""{'sa_family': 'AF_INET','sin_port': '22','sin_addr': '192.168.20.233'}""}, {'name': 'addrlen', 'type': 'int', 'value': 16}]",1,1
487.108974,7555,7555,7548,1001,4026531840,tsm,ip-10-100-1-217,42,connect,[],3,-114,"[{'name': 'sockfd', 'type': 'int', 'value': 710}, {'name': 'addr', 'type': 'struct sockaddr*', 'value': ""{'sin_port': '22','sin_addr': '192.168.20.234','sa_family': 'AF_INET'}""}, {'name': 'addrlen', 'type': 'int', 'value': 16}]",1,1
487.108996,7555,7555,7548,1001,4026531840,tsm,ip-10-100-1-217,42,connect,[],3,-114,"[{'name': 'sockfd', 'type': 'int', 'value': 711}, {'name': 'addr', 'type': 'struct sockaddr*', 'value': ""{'sin_addr': '192.168.20.235','sa_family': 'AF_INET','sin_port': '22'}""}, {'name': 'addrlen', 'type': 'int', 'value': 16}]",1,1
487.109018,7555,7555,7548,1001,4026531840,tsm,ip-10-100-1-217,42,connect,[],3,-114,"[{'name': 'sockfd', 'type': 'int', 'value': 712}, {'name': 'addr', 'type': 'struct sockaddr*', 'value': ""{'sin_port': '22','sin_addr': '192.168.20.236','sa_family': 'AF_INET'}""}, {'name': 'addrlen', 'type': 'int', 'value': 16}]",1,1
487.10904,7555,7555,7548,1001,4026531840,tsm,ip-10-100-1-217,42,connect,[],3,-114,"[{'name': 'sockfd', 'type': 'int', 'value': 713}, {'name': 'addr', 'type': 'struct sockaddr*', 'value': ""{'sa_family': 'AF_INET','sin_port': '22','sin_addr': '192.168.20.237'}""}, {'name': 'addrlen', 'type': 'int', 'value': 16}]",1,1
487.109062,7555,7555,7548,1001,4026531840,tsm,ip-10-100-1-217,42,connect,[],3,-114,"[{'name': 'sockfd', 'type': 'int', 'value': 714}, {'name': 'addr', 'type': 'struct sockaddr*', 'value': ""{'sin_port': '22','sin_addr': '192.168.20.238','sa_family': 'AF_INET'}""}, {'name': 'addrlen', 'type': 'int', 'value': 16}]",1,1
487.109084,7555,7555,7548,1001,4026531840,tsm,ip-10-100-1-217,42,connect,[],3,-114,"[{'name': 'sockfd', 'type': 'int', 'value': 715}, {'name': 'addr', 'type': 'struct sockaddr*', 'value': ""{'sin_addr': '192.168.20.239','sa_family': 'AF_INET','sin_port': '22'}""}, {'name': 'addrlen', 'type': 'int', 'value': 16}]",1,1
487.109106,7555,7555,7548,1001,4026531840,tsm,ip-10-100-1-217,42,connect,[],3,-114,"[{'name': 'sockfd', 'type': 'int', 'value': 716}, {'name': 'addr', 'type': 'struct sockaddr*', 'value': ""{'sa_family': 'AF_INET','sin_port': '22','sin_addr': '192.168.20.240'}""}, {'name': 'addrlen', 'type': 'int', 'value': 16}]",1,1
487.109129,7555,7555,7548,1001,4026531840,tsm,ip-10-100-1-217,42,connect,[],3,-114,"[{'name': 'sockfd', 'type': 'int', 'value': 717}, {'name': 'addr', 'type': 'struct sockaddr*', 'value': ""{'sin_addr': '192.168.20.241','sa_family': 'AF_INET','sin_port': '22'}""}, {'name': 'addrlen', 'type': 'int', 'value': 16}]",1,1
487.109151,7555,7555,7548,1001,4026531840,tsm,ip-10-100-1-217,42,connect,[],3,-114,"[{'name': 'sockfd', 'type': 'int', 'value': 718}, {'name': 'addr', 'type': 'struct sockaddr*', 'value': ""{'sa_family': 'AF_INET','sin_port': '22','sin_addr': '192.168.20.242'}""}, {'name': 'addrlen', 'type': 'int', 'value': 16}]",1,1
487.109173,7555,7555,7548,1001,4026531840,tsm,ip-10-100-1-217,42,connect,[],3,-114,"[{'name': 'sockfd', 'type': 'int', 'value': 719}, {'name': 'addr', 'type': 'struct sockaddr*', 'value': ""{'sa_family': 'AF_INET','sin_port': '22','sin_addr': '192.168.20.243'}""}, {'name': 'addrlen', 'type': 'int', 'value': 16}]",1,1
487.109195,7555,7555,7548,1001,4026531840,tsm,ip-10-100-1-217,42,connect,[],3,-114,"[{'name': 'sockfd', 'type': 'int', 'value': 720}, {'name': 'addr', 'type': 'struct sockaddr*', 'value': ""{'sa_family': 'AF_INET','sin_port': '22','sin_addr': '192.168.20.244'}""}, {'name': 'addrlen', 'type': 'int', 'value': 16}]",1,1
487.109217,7555,7555,7548,1001,4026531840,tsm,ip-10-100-1-217,42,connect,[],3,-114,"[{'name': 'sockfd', 'type': 'int', 'value': 721}, {'name': 'addr', 'type': 'struct sockaddr*', 'value': ""{'sin_port': '22','sin_addr': '192.168.20.245','sa_family': 'AF_INET'}""}, {'name': 'addrlen', 'type': 'int', 'value': 16}]",1,1
487.10924,7555,7555,7548,1001,4026531840,tsm,ip-10-100-1-217,42,connect,[],3,-114,"[{'name': 'sockfd', 'type': 'int', 'value': 722}, {'name': 'addr', 'type': 'struct sockaddr*', 'value': ""{'sa_family': 'AF_INET','sin_port': '22','sin_addr': '192.168.20.246'}""}, {'name': 'addrlen', 'type': 'int', 'value': 16}]",1,1
487.109262,7555,7555,7548,1001,4026531840,tsm,ip-10-100-1-217,42,connect,[],3,-114,"[{'name': 'sockfd', 'type': 'int', 'value': 723}, {'name': 'addr', 'type': 'struct sockaddr*', 'value': ""{'sa_family': 'AF_INET','sin_port': '22','sin_addr': '192.168.20.247'}""}, {'name': 'addrlen', 'type': 'int', 'value': 16}]",1,1
487.109284,7555,7555,7548,1001,4026531840,tsm,ip-10-100-1-217,42,connect,[],3,-114,"[{'name': 'sockfd', 'type': 'int', 'value': 724}, {'name': 'addr', 'type': 'struct sockaddr*', 'value': ""{'sa_family': 'AF_INET','sin_port': '22','sin_addr': '192.168.20.248'}""}, {'name': 'addrlen', 'type': 'int', 'value': 16}]",1,1
487.109306,7555,7555,7548,1001,4026531840,tsm,ip-10-100-1-217,42,connect,[],3,-114,"[{'name': 'sockfd', 'type': 'int', 'value': 725}, {'name': 'addr', 'type': 'struct sockaddr*', 'value': ""{'sin_port': '22','sin_addr': '192.168.20.249','sa_family': 'AF_INET'}""}, {'name': 'addrlen', 'type': 'int', 'value': 16}]",1,1
487.109328,7555,7555,7548,1001,4026531840,tsm,ip-10-100-1-217,42,connect,[],3,-114,"[{'name': 'sockfd', 'type': 'int', 'value': 726}, {'name': 'addr', 'type': 'struct sockaddr*', 'value': ""{'sin_port': '22','sin_addr': '192.168.20.250','sa_family': 'AF_INET'}""}, {'name': 'addrlen', 'type': 'int', 'value': 16}]",1,1
487.10935,7555,7555,7548,1001,4026531840,tsm,ip-10-100-1-217,42,connect,[],3,-114,"[{'name': 'sockfd', 'type': 'int', 'value': 727}, {'name': 'addr', 'type': 'struct sockaddr*', 'value': ""{'sa_family': 'AF_INET','sin_port': '22','sin_addr': '192.168.20.251'}""}, {'name': 'addrlen', 'type': 'int', 'value': 16}]",1,1
487.109372,7555,7555,7548,1001,4026531840,tsm,ip-10-100-1-217,42,connect,[],3,-114,"[{'name': 'sockfd', 'type': 'int', 'value': 728}, {'name': 'addr', 'type': 'struct sockaddr*', 'value': ""{'sa_family': 'AF_INET','sin_port': '22','sin_addr': '192.168.20.252'}""}, {'name': 'addrlen', 'type': 'int', 'value': 16}]",1,1
487.109395,7555,7555,7548,1001,4026531840,tsm,ip-10-100-1-217,42,connect,[],3,-114,"[{'name': 'sockfd', 'type': 'int', 'value': 729}, {'name': 'addr', 'type': 'struct sockaddr*', 'value': ""{'sa_family': 'AF_INET','sin_port': '22','sin_addr': '192.168.20.253'}""}, {'name': 'addrlen', 'type': 'int', 'value': 16}]",1,1
487.109417,7555,7555,7548,1001,4026531840,tsm,ip-10-100-1-217,42,connect,[],3,-114,"[{'name': 'sockfd', 'type': 'int', 'value': 730}, {'name': 'addr', 'type': 'struct sockaddr*', 'value': ""{'sin_port': '22','sin_addr': '192.168.20.254','sa_family': 'AF_INET'}""}, {'name': 'addrlen', 'type': 'int', 'value': 16}]",1,1
487.109439,7555,7555,7548,1001,4026531840,tsm,ip-10-100-1-217,42,connect,[],3,-114,"[{'name': 'sockfd', 'type': 'int', 'value': 731}, {'name': 'addr', 'type': 'struct sockaddr*', 'value': ""{'sa_family': 'AF_INET','sin_port': '22','sin_addr': '192.168.21.0'}""}, {'name': 'addrlen', 'type': 'int', 'value': 16}]",1,1
487.109461,7555,7555,7548,1001,4026531840,tsm,ip-10-100-1-217,42,connect,[],3,-114,"[{'name': 'sockfd', 'type': 'int', 'value': 732}, {'name': 'addr', 'type': 'struct sockaddr*', 'value': ""{'sa_family': 'AF_INET','sin_port': '22','sin_addr': '192.168.21.1'}""}, {'name': 'addrlen', 'type': 'int', 'value': 16}]",1,1
487.109483,7555,7555,7548,1001,4026531840,tsm,ip-10-100-1-217,42,connect,[],3,-114,"[{'name': 'sockfd', 'type': 'int', 'value': 733}, {'name': 'addr', 'type': 'struct sockaddr*', 'value': ""{'sa_family': 'AF_INET','sin_port': '22','sin_addr': '192.168.21.2'}""}, {'name': 'addrlen', 'type': 'int', 'value': 16}]",1,1
487.109505,7555,7555,7548,1001,4026531840,tsm,ip-10-100-1-217,42,connect,[],3,-114,"[{'name': 'sockfd', 'type': 'int', 'value': 734}, {'name': 'addr', 'type': 'struct sockaddr*', 'value': ""{'sa_family': 'AF_INET','sin_port': '22','sin_addr': '192.168.21.3'}""}, {'name': 'addrlen', 'type': 'int', 'value': 16}]",1,1
487.109527,7555,7555,7548,1001,4026531840,tsm,ip-10-100-1-217,42,connect,[],3,-114,"[{'name': 'sockfd', 'type': 'int', 'value': 735}, {'name': 'addr', 'type': 'struct sockaddr*', 'value': ""{'sin_port': '22','sin_addr': '192.168.21.4','sa_family': 'AF_INET'}""}, {'name': 'addrlen', 'type': 'int', 'value': 16}]",1,1
487.109549,7555,7555,7548,1001,4026531840,tsm,ip-10-100-1-217,42,connect,[],3,-114,"[{'name': 'sockfd', 'type': 'int', 'value': 736}, {'name': 'addr', 'type': 'struct sockaddr*', 'value': ""{'sa_family': 'AF_INET','sin_port': '22','sin_addr': '192.168.21.5'}""}, {'name': 'addrlen', 'type': 'int', 'value': 16}]",1,1
487.109572,7555,7555,7548,1001,4026531840,tsm,ip-10-100-1-217,42,connect,[],3,-114,"[{'name': 'sockfd', 'type': 'int', 'value': 737}, {'name': 'addr', 'type': 'struct sockaddr*', 'value': ""{'sin_port': '22','sin_addr': '192.168.21.6','sa_family': 'AF_INET'}""}, {'name': 'addrlen', 'type': 'int', 'value': 16}]",1,1
487.109594,7555,7555,7548,1001,4026531840,tsm,ip-10-100-1-217,42,connect,[],3,-114,"[{'name': 'sockfd', 'type': 'int', 'value': 738}, {'name': 'addr', 'type': 'struct sockaddr*', 'value': ""{'sin_port': '22','sin_addr': '192.168.21.7','sa_family': 'AF_INET'}""}, {'name': 'addrlen', 'type': 'int', 'value': 16}]",1,1
487.109616,7555,7555,7548,1001,4026531840,tsm,ip-10-100-1-217,42,connect,[],3,-114,"[{'name': 'sockfd', 'type': 'int', 'value': 739}, {'name': 'addr', 'type': 'struct sockaddr*', 'value': ""{'sa_family': 'AF_INET','sin_port': '22','sin_addr': '192.168.21.8'}""}, {'name': 'addrlen', 'type': 'int', 'value': 16}]",1,1
487.109638,7555,7555,7548,1001,4026531840,tsm,ip-10-100-1-217,42,connect,[],3,-114,"[{'name': 'sockfd', 'type': 'int', 'value': 740}, {'name': 'addr', 'type': 'struct sockaddr*', 'value': ""{'sa_family': 'AF_INET','sin_port': '22','sin_addr': '192.168.21.9'}""}, {'name': 'addrlen', 'type': 'int', 'value': 16}]",1,1
487.10966,7555,7555,7548,1001,4026531840,tsm,ip-10-100-1-217,42,connect,[],3,-114,"[{'name': 'sockfd', 'type': 'int', 'value': 741}, {'name': 'addr', 'type': 'struct sockaddr*', 'value': ""{'sin_addr': '192.168.21.10','sa_family': 'AF_INET','sin_port': '22'}""}, {'name': 'addrlen', 'type': 'int', 'value': 16}]",1,1
487.109682,7555,7555,7548,1001,4026531840,tsm,ip-10-100-1-217,42,connect,[],3,-114,"[{'name': 'sockfd', 'type': 'int', 'value': 742}, {'name': 'addr', 'type': 'struct sockaddr*', 'value': ""{'sin_port': '22','sin_addr': '192.168.21.11','sa_family': 'AF_INET'}""}, {'name': 'addrlen', 'type': 'int', 'value': 16}]",1,1
487.109705,7555,7555,7548,1001,4026531840,tsm,ip-10-100-1-217,42,connect,[],3,-114,"[{'name': 'sockfd', 'type': 'int', 'value': 743}, {'name': 'addr', 'type': 'struct sockaddr*', 'value': ""{'sa_family': 'AF_INET','sin_port': '22','sin_addr': '192.168.21.12'}""}, {'name': 'addrlen', 'type': 'int', 'value': 16}]",1,1
487.109727,7555,7555,7548,1001,4026531840,tsm,ip-10-100-1-217,42,connect,[],3,-114,"[{'name': 'sockfd', 'type': 'int', 'value': 744}, {'name': 'addr', 'type': 'struct sockaddr*', 'value': ""{'sa_family': 'AF_INET','sin_port': '22','sin_addr': '192.168.21.13'}""}, {'name': 'addrlen', 'type': 'int', 'value': 16}]",1,1
487.109749,7555,7555,7548,1001,4026531840,tsm,ip-10-100-1-217,42,connect,[],3,-114,"[{'name': 'sockfd', 'type': 'int', 'value': 745}, {'name': 'addr', 'type': 'struct sockaddr*', 'value': ""{'sa_family': 'AF_INET','sin_port': '22','sin_addr': '192.168.21.14'}""}, {'name': 'addrlen', 'type': 'int', 'value': 16}]",1,1
487.109771,7555,7555,7548,1001,4026531840,tsm,ip-10-100-1-217,42,connect,[],3,-114,"[{'name': 'sockfd', 'type': 'int', 'value': 746}, {'name': 'addr', 'type': 'struct sockaddr*', 'value': ""{'sa_family': 'AF_INET','sin_port': '22','sin_addr': '192.168.21.15'}""}, {'name': 'addrlen', 'type': 'int', 'value': 16}]",1,1
487.109793,7555,7555,7548,1001,4026531840,tsm,ip-10-100-1-217,42,connect,[],3,-114,"[{'name': 'sockfd', 'type': 'int', 'value': 747}, {'name': 'addr', 'type': 'struct sockaddr*', 'value': ""{'sa_family': 'AF_INET','sin_port': '22','sin_addr': '192.168.21.16'}""}, {'name': 'addrlen', 'type': 'int', 'value': 16}]",1,1
487.109815,7555,7555,7548,1001,4026531840,tsm,ip-10-100-1-217,42,connect,[],3,-114,"[{'name': 'sockfd', 'type': 'int', 'value': 748}, {'name': 'addr', 'type': 'struct sockaddr*', 'value': ""{'sa_family': 'AF_INET','sin_port': '22','sin_addr': '192.168.21.17'}""}, {'name': 'addrlen', 'type': 'int', 'value': 16}]",1,1
487.109839,7555,7555,7548,1001,4026531840,tsm,ip-10-100-1-217,42,connect,[],3,-114,"[{'name': 'sockfd', 'type': 'int', 'value': 749}, {'name': 'addr', 'type': 'struct sockaddr*', 'value': ""{'sa_family': 'AF_INET','sin_port': '22','sin_addr': '192.168.21.18'}""}, {'name': 'addrlen', 'type': 'int', 'value': 16}]",1,1
487.109862,7555,7555,7548,1001,4026531840,tsm,ip-10-100-1-217,42,connect,[],3,-114,"[{'name': 'sockfd', 'type': 'int', 'value': 750}, {'name': 'addr', 'type': 'struct sockaddr*', 'value': ""{'sa_family': 'AF_INET','sin_port': '22','sin_addr': '192.168.21.19'}""}, {'name': 'addrlen', 'type': 'int', 'value': 16}]",1,1
487.109884,7555,7555,7548,1001,4026531840,tsm,ip-10-100-1-217,42,connect,[],3,-114,"[{'name': 'sockfd', 'type': 'int', 'value': 751}, {'name': 'addr', 'type': 'struct sockaddr*', 'value': ""{'sin_addr': '192.168.21.20','sa_family': 'AF_INET','sin_port': '22'}""}, {'name': 'addrlen', 'type': 'int', 'value': 16}]",1,1
487.109906,7555,7555,7548,1001,4026531840,tsm,ip-10-100-1-217,42,connect,[],3,-114,"[{'name': 'sockfd', 'type': 'int', 'value': 752}, {'name': 'addr', 'type': 'struct sockaddr*', 'value': ""{'sa_family': 'AF_INET','sin_port': '22','sin_addr': '192.168.21.21'}""}, {'name': 'addrlen', 'type': 'int', 'value': 16}]",1,1
487.109928,7555,7555,7548,1001,4026531840,tsm,ip-10-100-1-217,42,connect,[],3,-114,"[{'name': 'sockfd', 'type': 'int', 'value': 753}, {'name': 'addr', 'type': 'struct sockaddr*', 'value': ""{'sin_addr': '192.168.21.22','sa_family': 'AF_INET','sin_port': '22'}""}, {'name': 'addrlen', 'type': 'int', 'value': 16}]",1,1
487.10995,7555,7555,7548,1001,4026531840,tsm,ip-10-100-1-217,42,connect,[],3,-114,"[{'name': 'sockfd', 'type': 'int', 'value': 754}, {'name': 'addr', 'type': 'struct sockaddr*', 'value': ""{'sa_family': 'AF_INET','sin_port': '22','sin_addr': '192.168.21.23'}""}, {'name': 'addrlen', 'type': 'int', 'value': 16}]",1,1
487.109973,7555,7555,7548,1001,4026531840,tsm,ip-10-100-1-217,42,connect,[],3,-114,"[{'name': 'sockfd', 'type': 'int', 'value': 755}, {'name': 'addr', 'type': 'struct sockaddr*', 'value': ""{'sin_port': '22','sin_addr': '192.168.21.24','sa_family': 'AF_INET'}""}, {'name': 'addrlen', 'type': 'int', 'value': 16}]",1,1
487.109997,7555,7555,7548,1001,4026531840,tsm,ip-10-100-1-217,42,connect,[],3,-114,"[{'name': 'sockfd', 'type': 'int', 'value': 756}, {'name': 'addr', 'type': 'struct sockaddr*', 'value': ""{'sa_family': 'AF_INET','sin_port': '22','sin_addr': '192.168.21.25'}""}, {'name': 'addrlen', 'type': 'int', 'value': 16}]",1,1
487.110019,7555,7555,7548,1001,4026531840,tsm,ip-10-100-1-217,42,connect,[],3,-114,"[{'name': 'sockfd', 'type': 'int', 'value': 757}, {'name': 'addr', 'type': 'struct sockaddr*', 'value': ""{'sa_family': 'AF_INET','sin_port': '22','sin_addr': '192.168.21.26'}""}, {'name': 'addrlen', 'type': 'int', 'value': 16}]",1,1
487.110041,7555,7555,7548,1001,4026531840,tsm,ip-10-100-1-217,42,connect,[],3,-114,"[{'name': 'sockfd', 'type': 'int', 'value': 758}, {'name': 'addr', 'type': 'struct sockaddr*', 'value': ""{'sa_family': 'AF_INET','sin_port': '22','sin_addr': '192.168.21.27'}""}, {'name': 'addrlen', 'type': 'int', 'value': 16}]",1,1
487.110063,7555,7555,7548,1001,4026531840,tsm,ip-10-100-1-217,42,connect,[],3,-114,"[{'name': 'sockfd', 'type': 'int', 'value': 759}, {'name': 'addr', 'type': 'struct sockaddr*', 'value': ""{'sa_family': 'AF_INET','sin_port': '22','sin_addr': '192.168.21.28'}""}, {'name': 'addrlen', 'type': 'int', 'value': 16}]",1,1
487.110085,7555,7555,7548,1001,4026531840,tsm,ip-10-100-1-217,42,connect,[],3,-114,"[{'name': 'sockfd', 'type': 'int', 'value': 760}, {'name': 'addr', 'type': 'struct sockaddr*', 'value': ""{'sa_family': 'AF_INET','sin_port': '22','sin_addr': '192.168.21.29'}""}, {'name': 'addrlen', 'type': 'int', 'value': 16}]",1,1
487.110108,7555,7555,7548,1001,4026531840,tsm,ip-10-100-1-217,42,connect,[],3,-114,"[{'name': 'sockfd', 'type': 'int', 'value': 761}, {'name': 'addr', 'type': 'struct sockaddr*', 'value': ""{'sa_family': 'AF_INET','sin_port': '22','sin_addr': '192.168.21.30'}""}, {'name': 'addrlen', 'type': 'int', 'value': 16}]",1,1
487.11013,7555,7555,7548,1001,4026531840,tsm,ip-10-100-1-217,42,connect,[],3,-114,"[{'name': 'sockfd', 'type': 'int', 'value': 762}, {'name': 'addr', 'type': 'struct sockaddr*', 'value': ""{'sin_port': '22','sin_addr': '192.168.21.31','sa_family': 'AF_INET'}""}, {'name': 'addrlen', 'type': 'int', 'value': 16}]",1,1
487.110152,7555,7555,7548,1001,4026531840,tsm,ip-10-100-1-217,42,connect,[],3,-114,"[{'name': 'sockfd', 'type': 'int', 'value': 763}, {'name': 'addr', 'type': 'struct sockaddr*', 'value': ""{'sin_addr': '192.168.21.32','sa_family': 'AF_INET','sin_port': '22'}""}, {'name': 'addrlen', 'type': 'int', 'value': 16}]",1,1
487.110174,7555,7555,7548,1001,4026531840,tsm,ip-10-100-1-217,42,connect,[],3,-114,"[{'name': 'sockfd', 'type': 'int', 'value': 764}, {'name': 'addr', 'type': 'struct sockaddr*', 'value': ""{'sa_family': 'AF_INET','sin_port': '22','sin_addr': '192.168.21.33'}""}, {'name': 'addrlen', 'type': 'int', 'value': 16}]",1,1
487.110196,7555,7555,7548,1001,4026531840,tsm,ip-10-100-1-217,42,connect,[],3,-114,"[{'name': 'sockfd', 'type': 'int', 'value': 765}, {'name': 'addr', 'type': 'struct sockaddr*', 'value': ""{'sa_family': 'AF_INET','sin_port': '22','sin_addr': '192.168.21.34'}""}, {'name': 'addrlen', 'type': 'int', 'value': 16}]",1,1
487.110218,7555,7555,7548,1001,4026531840,tsm,ip-10-100-1-217,42,connect,[],3,-114,"[{'name': 'sockfd', 'type': 'int', 'value': 766}, {'name': 'addr', 'type': 'struct sockaddr*', 'value': ""{'sa_family': 'AF_INET','sin_port': '22','sin_addr': '192.168.21.35'}""}, {'name': 'addrlen', 'type': 'int', 'value': 16}]",1,1
487.11024,7555,7555,7548,1001,4026531840,tsm,ip-10-100-1-217,42,connect,[],3,-114,"[{'name': 'sockfd', 'type': 'int', 'value': 767}, {'name': 'addr', 'type': 'struct sockaddr*', 'value': ""{'sa_family': 'AF_INET','sin_port': '22','sin_addr': '192.168.21.36'}""}, {'name': 'addrlen', 'type': 'int', 'value': 16}]",1,1
487.110262,7555,7555,7548,1001,4026531840,tsm,ip-10-100-1-217,42,connect,[],3,-114,"[{'name': 'sockfd', 'type': 'int', 'value': 768}, {'name': 'addr', 'type': 'struct sockaddr*', 'value': ""{'sa_family': 'AF_INET','sin_port': '22','sin_addr': '192.168.21.37'}""}, {'name': 'addrlen', 'type': 'int', 'value': 16}]",1,1
487.110284,7555,7555,7548,1001,4026531840,tsm,ip-10-100-1-217,42,connect,[],3,-114,"[{'name': 'sockfd', 'type': 'int', 'value': 769}, {'name': 'addr', 'type': 'struct sockaddr*', 'value': ""{'sa_family': 'AF_INET','sin_port': '22','sin_addr': '192.168.21.38'}""}, {'name': 'addrlen', 'type': 'int', 'value': 16}]",1,1
487.110306,7555,7555,7548,1001,4026531840,tsm,ip-10-100-1-217,42,connect,[],3,-114,"[{'name': 'sockfd', 'type': 'int', 'value': 770}, {'name': 'addr', 'type': 'struct sockaddr*', 'value': ""{'sin_addr': '192.168.21.39','sa_family': 'AF_INET','sin_port': '22'}""}, {'name': 'addrlen', 'type': 'int', 'value': 16}]",1,1
487.110328,7555,7555,7548,1001,4026531840,tsm,ip-10-100-1-217,42,connect,[],3,-114,"[{'name': 'sockfd', 'type': 'int', 'value': 771}, {'name': 'addr', 'type': 'struct sockaddr*', 'value': ""{'sa_family': 'AF_INET','sin_port': '22','sin_addr': '192.168.21.40'}""}, {'name': 'addrlen', 'type': 'int', 'value': 16}]",1,1
487.110351,7555,7555,7548,1001,4026531840,tsm,ip-10-100-1-217,42,connect,[],3,-114,"[{'name': 'sockfd', 'type': 'int', 'value': 772}, {'name': 'addr', 'type': 'struct sockaddr*', 'value': ""{'sin_addr': '192.168.21.41','sa_family': 'AF_INET','sin_port': '22'}""}, {'name': 'addrlen', 'type': 'int', 'value': 16}]",1,1
487.110373,7555,7555,7548,1001,4026531840,tsm,ip-10-100-1-217,42,connect,[],3,-114,"[{'name': 'sockfd', 'type': 'int', 'value': 773}, {'name': 'addr', 'type': 'struct sockaddr*', 'value': ""{'sa_family': 'AF_INET','sin_port': '22','sin_addr': '192.168.21.42'}""}, {'name': 'addrlen', 'type': 'int', 'value': 16}]",1,1
487.110395,7555,7555,7548,1001,4026531840,tsm,ip-10-100-1-217,42,connect,[],3,-114,"[{'name': 'sockfd', 'type': 'int', 'value': 774}, {'name': 'addr', 'type': 'struct sockaddr*', 'value': ""{'sa_family': 'AF_INET','sin_port': '22','sin_addr': '192.168.21.43'}""}, {'name': 'addrlen', 'type': 'int', 'value': 16}]",1,1
487.110417,7555,7555,7548,1001,4026531840,tsm,ip-10-100-1-217,42,connect,[],3,-114,"[{'name': 'sockfd', 'type': 'int', 'value': 775}, {'name': 'addr', 'type': 'struct sockaddr*', 'value': ""{'sa_family': 'AF_INET','sin_port': '22','sin_addr': '192.168.21.44'}""}, {'name': 'addrlen', 'type': 'int', 'value': 16}]",1,1
487.110439,7555,7555,7548,1001,4026531840,tsm,ip-10-100-1-217,42,connect,[],3,-114,"[{'name': 'sockfd', 'type': 'int', 'value': 776}, {'name': 'addr', 'type': 'struct sockaddr*', 'value': ""{'sa_family': 'AF_INET','sin_port': '22','sin_addr': '192.168.21.45'}""}, {'name': 'addrlen', 'type': 'int', 'value': 16}]",1,1
487.115855,7555,7555,7548,1001,4026531840,tsm,ip-10-100-1-217,42,connect,[],3,-114,"[{'name': 'sockfd', 'type': 'int', 'value': 777}, {'name': 'addr', 'type': 'struct sockaddr*', 'value': ""{'sa_family': 'AF_INET','sin_port': '22','sin_addr': '192.168.21.46'}""}, {'name': 'addrlen', 'type': 'int', 'value': 16}]",1,1
487.115911,7555,7555,7548,1001,4026531840,tsm,ip-10-100-1-217,42,connect,[],3,-114,"[{'name': 'sockfd', 'type': 'int', 'value': 778}, {'name': 'addr', 'type': 'struct sockaddr*', 'value': ""{'sa_family': 'AF_INET','sin_port': '22','sin_addr': '192.168.21.47'}""}, {'name': 'addrlen', 'type': 'int', 'value': 16}]",1,1
487.115934,7555,7555,7548,1001,4026531840,tsm,ip-10-100-1-217,42,connect,[],3,-114,"[{'name': 'sockfd', 'type': 'int', 'value': 779}, {'name': 'addr', 'type': 'struct sockaddr*', 'value': ""{'sa_family': 'AF_INET','sin_port': '22','sin_addr': '192.168.21.48'}""}, {'name': 'addrlen', 'type': 'int', 'value': 16}]",1,1
487.11596,7555,7555,7548,1001,4026531840,tsm,ip-10-100-1-217,42,connect,[],3,-114,"[{'name': 'sockfd', 'type': 'int', 'value': 780}, {'name': 'addr', 'type': 'struct sockaddr*', 'value': ""{'sa_family': 'AF_INET','sin_port': '22','sin_addr': '192.168.21.49'}""}, {'name': 'addrlen', 'type': 'int', 'value': 16}]",1,1
487.115982,7555,7555,7548,1001,4026531840,tsm,ip-10-100-1-217,42,connect,[],3,-114,"[{'name': 'sockfd', 'type': 'int', 'value': 781}, {'name': 'addr', 'type': 'struct sockaddr*', 'value': ""{'sa_family': 'AF_INET','sin_port': '22','sin_addr': '192.168.21.50'}""}, {'name': 'addrlen', 'type': 'int', 'value': 16}]",1,1
487.116004,7555,7555,7548,1001,4026531840,tsm,ip-10-100-1-217,42,connect,[],3,-114,"[{'name': 'sockfd', 'type': 'int', 'value': 782}, {'name': 'addr', 'type': 'struct sockaddr*', 'value': ""{'sin_addr': '192.168.21.51','sa_family': 'AF_INET','sin_port': '22'}""}, {'name': 'addrlen', 'type': 'int', 'value': 16}]",1,1
487.116039,7555,7555,7548,1001,4026531840,tsm,ip-10-100-1-217,42,connect,[],3,-114,"[{'name': 'sockfd', 'type': 'int', 'value': 783}, {'name': 'addr', 'type': 'struct sockaddr*', 'value': ""{'sin_port': '22','sin_addr': '192.168.21.52','sa_family': 'AF_INET'}""}, {'name': 'addrlen', 'type': 'int', 'value': 16}]",1,1
487.116069,7555,7555,7548,1001,4026531840,tsm,ip-10-100-1-217,42,connect,[],3,-114,"[{'name': 'sockfd', 'type': 'int', 'value': 784}, {'name': 'addr', 'type': 'struct sockaddr*', 'value': ""{'sa_family': 'AF_INET','sin_port': '22','sin_addr': '192.168.21.53'}""}, {'name': 'addrlen', 'type': 'int', 'value': 16}]",1,1
487.116093,7555,7555,7548,1001,4026531840,tsm,ip-10-100-1-217,42,connect,[],3,-114,"[{'name': 'sockfd', 'type': 'int', 'value': 785}, {'name': 'addr', 'type': 'struct sockaddr*', 'value': ""{'sin_port': '22','sin_addr': '192.168.21.54','sa_family': 'AF_INET'}""}, {'name': 'addrlen', 'type': 'int', 'value': 16}]",1,1
487.116115,7555,7555,7548,1001,4026531840,tsm,ip-10-100-1-217,42,connect,[],3,-114,"[{'name': 'sockfd', 'type': 'int', 'value': 786}, {'name': 'addr', 'type': 'struct sockaddr*', 'value': ""{'sa_family': 'AF_INET','sin_port': '22','sin_addr': '192.168.21.55'}""}, {'name': 'addrlen', 'type': 'int', 'value': 16}]",1,1
487.116136,7555,7555,7548,1001,4026531840,tsm,ip-10-100-1-217,42,connect,[],3,-114,"[{'name': 'sockfd', 'type': 'int', 'value': 787}, {'name': 'addr', 'type': 'struct sockaddr*', 'value': ""{'sa_family': 'AF_INET','sin_port': '22','sin_addr': '192.168.21.56'}""}, {'name': 'addrlen', 'type': 'int', 'value': 16}]",1,1
487.116157,7555,7555,7548,1001,4026531840,tsm,ip-10-100-1-217,42,connect,[],3,-114,"[{'name': 'sockfd', 'type': 'int', 'value': 788}, {'name': 'addr', 'type': 'struct sockaddr*', 'value': ""{'sa_family': 'AF_INET','sin_port': '22','sin_addr': '192.168.21.57'}""}, {'name': 'addrlen', 'type': 'int', 'value': 16}]",1,1
487.116179,7555,7555,7548,1001,4026531840,tsm,ip-10-100-1-217,42,connect,[],3,-114,"[{'name': 'sockfd', 'type': 'int', 'value': 789}, {'name': 'addr', 'type': 'struct sockaddr*', 'value': ""{'sa_family': 'AF_INET','sin_port': '22','sin_addr': '192.168.21.58'}""}, {'name': 'addrlen', 'type': 'int', 'value': 16}]",1,1
487.116212,7555,7555,7548,1001,4026531840,tsm,ip-10-100-1-217,42,connect,[],3,-114,"[{'name': 'sockfd', 'type': 'int', 'value': 790}, {'name': 'addr', 'type': 'struct sockaddr*', 'value': ""{'sa_family': 'AF_INET','sin_port': '22','sin_addr': '192.168.21.59'}""}, {'name': 'addrlen', 'type': 'int', 'value': 16}]",1,1
487.116234,7555,7555,7548,1001,4026531840,tsm,ip-10-100-1-217,42,connect,[],3,-114,"[{'name': 'sockfd', 'type': 'int', 'value': 791}, {'name': 'addr', 'type': 'struct sockaddr*', 'value': ""{'sa_family': 'AF_INET','sin_port': '22','sin_addr': '192.168.21.60'}""}, {'name': 'addrlen', 'type': 'int', 'value': 16}]",1,1
487.116256,7555,7555,7548,1001,4026531840,tsm,ip-10-100-1-217,42,connect,[],3,-114,"[{'name': 'sockfd', 'type': 'int', 'value': 792}, {'name': 'addr', 'type': 'struct sockaddr*', 'value': ""{'sin_addr': '192.168.21.61','sa_family': 'AF_INET','sin_port': '22'}""}, {'name': 'addrlen', 'type': 'int', 'value': 16}]",1,1
487.116278,7555,7555,7548,1001,4026531840,tsm,ip-10-100-1-217,42,connect,[],3,-114,"[{'name': 'sockfd', 'type': 'int', 'value': 793}, {'name': 'addr', 'type': 'struct sockaddr*', 'value': ""{'sa_family': 'AF_INET','sin_port': '22','sin_addr': '192.168.21.62'}""}, {'name': 'addrlen', 'type': 'int', 'value': 16}]",1,1
487.1163,7555,7555,7548,1001,4026531840,tsm,ip-10-100-1-217,42,connect,[],3,-114,"[{'name': 'sockfd', 'type': 'int', 'value': 794}, {'name': 'addr', 'type': 'struct sockaddr*', 'value': ""{'sa_family': 'AF_INET','sin_port': '22','sin_addr': '192.168.21.63'}""}, {'name': 'addrlen', 'type': 'int', 'value': 16}]",1,1
487.116322,7555,7555,7548,1001,4026531840,tsm,ip-10-100-1-217,42,connect,[],3,-114,"[{'name': 'sockfd', 'type': 'int', 'value': 795}, {'name': 'addr', 'type': 'struct sockaddr*', 'value': ""{'sa_family': 'AF_INET','sin_port': '22','sin_addr': '192.168.21.64'}""}, {'name': 'addrlen', 'type': 'int', 'value': 16}]",1,1
487.116344,7555,7555,7548,1001,4026531840,tsm,ip-10-100-1-217,42,connect,[],3,-114,"[{'name': 'sockfd', 'type': 'int', 'value': 796}, {'name': 'addr', 'type': 'struct sockaddr*', 'value': ""{'sa_family': 'AF_INET','sin_port': '22','sin_addr': '192.168.21.65'}""}, {'name': 'addrlen', 'type': 'int', 'value': 16}]",1,1
487.116366,7555,7555,7548,1001,4026531840,tsm,ip-10-100-1-217,42,connect,[],3,-114,"[{'name': 'sockfd', 'type': 'int', 'value': 797}, {'name': 'addr', 'type': 'struct sockaddr*', 'value': ""{'sin_addr': '192.168.21.66','sa_family': 'AF_INET','sin_port': '22'}""}, {'name': 'addrlen', 'type': 'int', 'value': 16}]",1,1
487.116388,7555,7555,7548,1001,4026531840,tsm,ip-10-100-1-217,42,connect,[],3,-114,"[{'name': 'sockfd', 'type': 'int', 'value': 798}, {'name': 'addr', 'type': 'struct sockaddr*', 'value': ""{'sin_port': '22','sin_addr': '192.168.21.67','sa_family': 'AF_INET'}""}, {'name': 'addrlen', 'type': 'int', 'value': 16}]",1,1
487.11641,7555,7555,7548,1001,4026531840,tsm,ip-10-100-1-217,42,connect,[],3,-114,"[{'name': 'sockfd', 'type': 'int', 'value': 799}, {'name': 'addr', 'type': 'struct sockaddr*', 'value': ""{'sa_family': 'AF_INET','sin_port': '22','sin_addr': '192.168.21.68'}""}, {'name': 'addrlen', 'type': 'int', 'value': 16}]",1,1
487.116432,7555,7555,7548,1001,4026531840,tsm,ip-10-100-1-217,42,connect,[],3,-114,"[{'name': 'sockfd', 'type': 'int', 'value': 800}, {'name': 'addr', 'type': 'struct sockaddr*', 'value': ""{'sa_family': 'AF_INET','sin_port': '22','sin_addr': '192.168.21.69'}""}, {'name': 'addrlen', 'type': 'int', 'value': 16}]",1,1
487.116454,7555,7555,7548,1001,4026531840,tsm,ip-10-100-1-217,42,connect,[],3,-114,"[{'name': 'sockfd', 'type': 'int', 'value': 801}, {'name': 'addr', 'type': 'struct sockaddr*', 'value': ""{'sa_family': 'AF_INET','sin_port': '22','sin_addr': '192.168.21.70'}""}, {'name': 'addrlen', 'type': 'int', 'value': 16}]",1,1
487.116476,7555,7555,7548,1001,4026531840,tsm,ip-10-100-1-217,42,connect,[],3,-114,"[{'name': 'sockfd', 'type': 'int', 'value': 802}, {'name': 'addr', 'type': 'struct sockaddr*', 'value': ""{'sa_family': 'AF_INET','sin_port': '22','sin_addr': '192.168.21.71'}""}, {'name': 'addrlen', 'type': 'int', 'value': 16}]",1,1
487.116512,7555,7555,7548,1001,4026531840,tsm,ip-10-100-1-217,42,connect,[],3,-114,"[{'name': 'sockfd', 'type': 'int', 'value': 803}, {'name': 'addr', 'type': 'struct sockaddr*', 'value': ""{'sa_family': 'AF_INET','sin_port': '22','sin_addr': '192.168.21.72'}""}, {'name': 'addrlen', 'type': 'int', 'value': 16}]",1,1
487.116536,7555,7555,7548,1001,4026531840,tsm,ip-10-100-1-217,42,connect,[],3,-114,"[{'name': 'sockfd', 'type': 'int', 'value': 4}, {'name': 'addr', 'type': 'struct sockaddr*', 'value': ""{'sa_family': 'AF_INET','sin_port': '22','sin_addr': '192.168.21.73'}""}, {'name': 'addrlen', 'type': 'int', 'value': 16}]",1,1
487.116557,7555,7555,7548,1001,4026531840,tsm,ip-10-100-1-217,42,connect,[],3,-114,"[{'name': 'sockfd', 'type': 'int', 'value': 5}, {'name': 'addr', 'type': 'struct sockaddr*', 'value': ""{'sin_port': '22','sin_addr': '192.168.21.74','sa_family': 'AF_INET'}""}, {'name': 'addrlen', 'type': 'int', 'value': 16}]",1,1
487.116579,7555,7555,7548,1001,4026531840,tsm,ip-10-100-1-217,42,connect,[],3,-114,"[{'name': 'sockfd', 'type': 'int', 'value': 6}, {'name': 'addr', 'type': 'struct sockaddr*', 'value': ""{'sa_family': 'AF_INET','sin_port': '22','sin_addr': '192.168.21.75'}""}, {'name': 'addrlen', 'type': 'int', 'value': 16}]",1,1
487.1166,7555,7555,7548,1001,4026531840,tsm,ip-10-100-1-217,42,connect,[],3,-114,"[{'name': 'sockfd', 'type': 'int', 'value': 7}, {'name': 'addr', 'type': 'struct sockaddr*', 'value': ""{'sa_family': 'AF_INET','sin_port': '22','sin_addr': '192.168.21.76'}""}, {'name': 'addrlen', 'type': 'int', 'value': 16}]",1,1
487.116621,7555,7555,7548,1001,4026531840,tsm,ip-10-100-1-217,42,connect,[],3,-114,"[{'name': 'sockfd', 'type': 'int', 'value': 8}, {'name': 'addr', 'type': 'struct sockaddr*', 'value': ""{'sa_family': 'AF_INET','sin_port': '22','sin_addr': '192.168.21.77'}""}, {'name': 'addrlen', 'type': 'int', 'value': 16}]",1,1
487.116643,7555,7555,7548,1001,4026531840,tsm,ip-10-100-1-217,42,connect,[],3,-114,"[{'name': 'sockfd', 'type': 'int', 'value': 9}, {'name': 'addr', 'type': 'struct sockaddr*', 'value': ""{'sin_port': '22','sin_addr': '192.168.21.78','sa_family': 'AF_INET'}""}, {'name': 'addrlen', 'type': 'int', 'value': 16}]",1,1
487.116664,7555,7555,7548,1001,4026531840,tsm,ip-10-100-1-217,42,connect,[],3,-114,"[{'name': 'sockfd', 'type': 'int', 'value': 10}, {'name': 'addr', 'type': 'struct sockaddr*', 'value': ""{'sa_family': 'AF_INET','sin_port': '22','sin_addr': '192.168.21.79'}""}, {'name': 'addrlen', 'type': 'int', 'value': 16}]",1,1
487.116685,7555,7555,7548,1001,4026531840,tsm,ip-10-100-1-217,42,connect,[],3,-114,"[{'name': 'sockfd', 'type': 'int', 'value': 11}, {'name': 'addr', 'type': 'struct sockaddr*', 'value': ""{'sa_family': 'AF_INET','sin_port': '22','sin_addr': '192.168.21.80'}""}, {'name': 'addrlen', 'type': 'int', 'value': 16}]",1,1
487.116719,7555,7555,7548,1001,4026531840,tsm,ip-10-100-1-217,42,connect,[],3,-114,"[{'name': 'sockfd', 'type': 'int', 'value': 12}, {'name': 'addr', 'type': 'struct sockaddr*', 'value': ""{'sa_family': 'AF_INET','sin_port': '22','sin_addr': '192.168.21.81'}""}, {'name': 'addrlen', 'type': 'int', 'value': 16}]",1,1
487.116741,7555,7555,7548,1001,4026531840,tsm,ip-10-100-1-217,42,connect,[],3,-114,"[{'name': 'sockfd', 'type': 'int', 'value': 13}, {'name': 'addr', 'type': 'struct sockaddr*', 'value': ""{'sa_family': 'AF_INET','sin_port': '22','sin_addr': '192.168.21.82'}""}, {'name': 'addrlen', 'type': 'int', 'value': 16}]",1,1
487.116766,7555,7555,7548,1001,4026531840,tsm,ip-10-100-1-217,42,connect,[],3,-114,"[{'name': 'sockfd', 'type': 'int', 'value': 14}, {'name': 'addr', 'type': 'struct sockaddr*', 'value': ""{'sin_port': '22','sin_addr': '192.168.21.83','sa_family': 'AF_INET'}""}, {'name': 'addrlen', 'type': 'int', 'value': 16}]",1,1
487.116788,7555,7555,7548,1001,4026531840,tsm,ip-10-100-1-217,42,connect,[],3,-114,"[{'name': 'sockfd', 'type': 'int', 'value': 15}, {'name': 'addr', 'type': 'struct sockaddr*', 'value': ""{'sin_addr': '192.168.21.84','sa_family': 'AF_INET','sin_port': '22'}""}, {'name': 'addrlen', 'type': 'int', 'value': 16}]",1,1
487.11681,7555,7555,7548,1001,4026531840,tsm,ip-10-100-1-217,42,connect,[],3,-114,"[{'name': 'sockfd', 'type': 'int', 'value': 16}, {'name': 'addr', 'type': 'struct sockaddr*', 'value': ""{'sa_family': 'AF_INET','sin_port': '22','sin_addr': '192.168.21.85'}""}, {'name': 'addrlen', 'type': 'int', 'value': 16}]",1,1
487.116832,7555,7555,7548,1001,4026531840,tsm,ip-10-100-1-217,42,connect,[],3,-114,"[{'name': 'sockfd', 'type': 'int', 'value': 17}, {'name': 'addr', 'type': 'struct sockaddr*', 'value': ""{'sa_family': 'AF_INET','sin_port': '22','sin_addr': '192.168.21.86'}""}, {'name': 'addrlen', 'type': 'int', 'value': 16}]",1,1
487.116854,7555,7555,7548,1001,4026531840,tsm,ip-10-100-1-217,42,connect,[],3,-114,"[{'name': 'sockfd', 'type': 'int', 'value': 18}, {'name': 'addr', 'type': 'struct sockaddr*', 'value': ""{'sin_addr': '192.168.21.87','sa_family': 'AF_INET','sin_port': '22'}""}, {'name': 'addrlen', 'type': 'int', 'value': 16}]",1,1
487.116876,7555,7555,7548,1001,4026531840,tsm,ip-10-100-1-217,42,connect,[],3,-114,"[{'name': 'sockfd', 'type': 'int', 'value': 19}, {'name': 'addr', 'type': 'struct sockaddr*', 'value': ""{'sa_family': 'AF_INET','sin_port': '22','sin_addr': '192.168.21.88'}""}, {'name': 'addrlen', 'type': 'int', 'value': 16}]",1,1
487.116898,7555,7555,7548,1001,4026531840,tsm,ip-10-100-1-217,42,connect,[],3,-114,"[{'name': 'sockfd', 'type': 'int', 'value': 20}, {'name': 'addr', 'type': 'struct sockaddr*', 'value': ""{'sa_family': 'AF_INET','sin_port': '22','sin_addr': '192.168.21.89'}""}, {'name': 'addrlen', 'type': 'int', 'value': 16}]",1,1
487.11692,7555,7555,7548,1001,4026531840,tsm,ip-10-100-1-217,42,connect,[],3,-114,"[{'name': 'sockfd', 'type': 'int', 'value': 21}, {'name': 'addr', 'type': 'struct sockaddr*', 'value': ""{'sa_family': 'AF_INET','sin_port': '22','sin_addr': '192.168.21.90'}""}, {'name': 'addrlen', 'type': 'int', 'value': 16}]",1,1
487.116942,7555,7555,7548,1001,4026531840,tsm,ip-10-100-1-217,42,connect,[],3,-114,"[{'name': 'sockfd', 'type': 'int', 'value': 22}, {'name': 'addr', 'type': 'struct sockaddr*', 'value': ""{'sa_family': 'AF_INET','sin_port': '22','sin_addr': '192.168.21.91'}""}, {'name': 'addrlen', 'type': 'int', 'value': 16}]",1,1
487.116965,7555,7555,7548,1001,4026531840,tsm,ip-10-100-1-217,42,connect,[],3,-114,"[{'name': 'sockfd', 'type': 'int', 'value': 23}, {'name': 'addr', 'type': 'struct sockaddr*', 'value': ""{'sa_family': 'AF_INET','sin_port': '22','sin_addr': '192.168.21.92'}""}, {'name': 'addrlen', 'type': 'int', 'value': 16}]",1,1
487.116987,7555,7555,7548,1001,4026531840,tsm,ip-10-100-1-217,42,connect,[],3,-114,"[{'name': 'sockfd', 'type': 'int', 'value': 24}, {'name': 'addr', 'type': 'struct sockaddr*', 'value': ""{'sin_addr': '192.168.21.93','sa_family': 'AF_INET','sin_port': '22'}""}, {'name': 'addrlen', 'type': 'int', 'value': 16}]",1,1
487.117009,7555,7555,7548,1001,4026531840,tsm,ip-10-100-1-217,42,connect,[],3,-114,"[{'name': 'sockfd', 'type': 'int', 'value': 25}, {'name': 'addr', 'type': 'struct sockaddr*', 'value': ""{'sa_family': 'AF_INET','sin_port': '22','sin_addr': '192.168.21.94'}""}, {'name': 'addrlen', 'type': 'int', 'value': 16}]",1,1
487.117031,7555,7555,7548,1001,4026531840,tsm,ip-10-100-1-217,42,connect,[],3,-114,"[{'name': 'sockfd', 'type': 'int', 'value': 26}, {'name': 'addr', 'type': 'struct sockaddr*', 'value': ""{'sa_family': 'AF_INET','sin_port': '22','sin_addr': '192.168.21.95'}""}, {'name': 'addrlen', 'type': 'int', 'value': 16}]",1,1
487.117053,7555,7555,7548,1001,4026531840,tsm,ip-10-100-1-217,42,connect,[],3,-114,"[{'name': 'sockfd', 'type': 'int', 'value': 27}, {'name': 'addr', 'type': 'struct sockaddr*', 'value': ""{'sa_family': 'AF_INET','sin_port': '22','sin_addr': '192.168.21.96'}""}, {'name': 'addrlen', 'type': 'int', 'value': 16}]",1,1
487.117075,7555,7555,7548,1001,4026531840,tsm,ip-10-100-1-217,42,connect,[],3,-114,"[{'name': 'sockfd', 'type': 'int', 'value': 28}, {'name': 'addr', 'type': 'struct sockaddr*', 'value': ""{'sa_family': 'AF_INET','sin_port': '22','sin_addr': '192.168.21.97'}""}, {'name': 'addrlen', 'type': 'int', 'value': 16}]",1,1
487.117098,7555,7555,7548,1001,4026531840,tsm,ip-10-100-1-217,42,connect,[],3,-114,"[{'name': 'sockfd', 'type': 'int', 'value': 29}, {'name': 'addr', 'type': 'struct sockaddr*', 'value': ""{'sin_port': '22','sin_addr': '192.168.21.98','sa_family': 'AF_INET'}""}, {'name': 'addrlen', 'type': 'int', 'value': 16}]",1,1
487.11712,7555,7555,7548,1001,4026531840,tsm,ip-10-100-1-217,42,connect,[],3,-114,"[{'name': 'sockfd', 'type': 'int', 'value': 30}, {'name': 'addr', 'type': 'struct sockaddr*', 'value': ""{'sa_family': 'AF_INET','sin_port': '22','sin_addr': '192.168.21.99'}""}, {'name': 'addrlen', 'type': 'int', 'value': 16}]",1,1
487.117142,7555,7555,7548,1001,4026531840,tsm,ip-10-100-1-217,42,connect,[],3,-114,"[{'name': 'sockfd', 'type': 'int', 'value': 31}, {'name': 'addr', 'type': 'struct sockaddr*', 'value': ""{'sa_family': 'AF_INET','sin_port': '22','sin_addr': '192.168.21.100'}""}, {'name': 'addrlen', 'type': 'int', 'value': 16}]",1,1
487.117164,7555,7555,7548,1001,4026531840,tsm,ip-10-100-1-217,42,connect,[],3,-114,"[{'name': 'sockfd', 'type': 'int', 'value': 32}, {'name': 'addr', 'type': 'struct sockaddr*', 'value': ""{'sin_addr': '192.168.21.101','sa_family': 'AF_INET','sin_port': '22'}""}, {'name': 'addrlen', 'type': 'int', 'value': 16}]",1,1
487.117186,7555,7555,7548,1001,4026531840,tsm,ip-10-100-1-217,42,connect,[],3,-114,"[{'name': 'sockfd', 'type': 'int', 'value': 33}, {'name': 'addr', 'type': 'struct sockaddr*', 'value': ""{'sin_addr': '192.168.21.102','sa_family': 'AF_INET','sin_port': '22'}""}, {'name': 'addrlen', 'type': 'int', 'value': 16}]",1,1
487.117208,7555,7555,7548,1001,4026531840,tsm,ip-10-100-1-217,42,connect,[],3,-114,"[{'name': 'sockfd', 'type': 'int', 'value': 34}, {'name': 'addr', 'type': 'struct sockaddr*', 'value': ""{'sa_family': 'AF_INET','sin_port': '22','sin_addr': '192.168.21.103'}""}, {'name': 'addrlen', 'type': 'int', 'value': 16}]",1,1
487.117231,7555,7555,7548,1001,4026531840,tsm,ip-10-100-1-217,42,connect,[],3,-114,"[{'name': 'sockfd', 'type': 'int', 'value': 35}, {'name': 'addr', 'type': 'struct sockaddr*', 'value': ""{'sin_port': '22','sin_addr': '192.168.21.104','sa_family': 'AF_INET'}""}, {'name': 'addrlen', 'type': 'int', 'value': 16}]",1,1
487.117253,7555,7555,7548,1001,4026531840,tsm,ip-10-100-1-217,42,connect,[],3,-114,"[{'name': 'sockfd', 'type': 'int', 'value': 36}, {'name': 'addr', 'type': 'struct sockaddr*', 'value': ""{'sa_family': 'AF_INET','sin_port': '22','sin_addr': '192.168.21.105'}""}, {'name': 'addrlen', 'type': 'int', 'value': 16}]",1,1
487.117275,7555,7555,7548,1001,4026531840,tsm,ip-10-100-1-217,42,connect,[],3,-114,"[{'name': 'sockfd', 'type': 'int', 'value': 37}, {'name': 'addr', 'type': 'struct sockaddr*', 'value': ""{'sa_family': 'AF_INET','sin_port': '22','sin_addr': '192.168.21.106'}""}, {'name': 'addrlen', 'type': 'int', 'value': 16}]",1,1
487.117297,7555,7555,7548,1001,4026531840,tsm,ip-10-100-1-217,42,connect,[],3,-114,"[{'name': 'sockfd', 'type': 'int', 'value': 38}, {'name': 'addr', 'type': 'struct sockaddr*', 'value': ""{'sa_family': 'AF_INET','sin_port': '22','sin_addr': '192.168.21.107'}""}, {'name': 'addrlen', 'type': 'int', 'value': 16}]",1,1
487.117319,7555,7555,7548,1001,4026531840,tsm,ip-10-100-1-217,42,connect,[],3,-114,"[{'name': 'sockfd', 'type': 'int', 'value': 39}, {'name': 'addr', 'type': 'struct sockaddr*', 'value': ""{'sa_family': 'AF_INET','sin_port': '22','sin_addr': '192.168.21.108'}""}, {'name': 'addrlen', 'type': 'int', 'value': 16}]",1,1
487.117341,7555,7555,7548,1001,4026531840,tsm,ip-10-100-1-217,42,connect,[],3,-114,"[{'name': 'sockfd', 'type': 'int', 'value': 40}, {'name': 'addr', 'type': 'struct sockaddr*', 'value': ""{'sa_family': 'AF_INET','sin_port': '22','sin_addr': '192.168.21.109'}""}, {'name': 'addrlen', 'type': 'int', 'value': 16}]",1,1
487.117363,7555,7555,7548,1001,4026531840,tsm,ip-10-100-1-217,42,connect,[],3,-114,"[{'name': 'sockfd', 'type': 'int', 'value': 41}, {'name': 'addr', 'type': 'struct sockaddr*', 'value': ""{'sa_family': 'AF_INET','sin_port': '22','sin_addr': '192.168.21.110'}""}, {'name': 'addrlen', 'type': 'int', 'value': 16}]",1,1
487.117386,7555,7555,7548,1001,4026531840,tsm,ip-10-100-1-217,42,connect,[],3,-114,"[{'name': 'sockfd', 'type': 'int', 'value': 42}, {'name': 'addr', 'type': 'struct sockaddr*', 'value': ""{'sa_family': 'AF_INET','sin_port': '22','sin_addr': '192.168.21.111'}""}, {'name': 'addrlen', 'type': 'int', 'value': 16}]",1,1
487.11742,7555,7555,7548,1001,4026531840,tsm,ip-10-100-1-217,42,connect,[],3,-114,"[{'name': 'sockfd', 'type': 'int', 'value': 43}, {'name': 'addr', 'type': 'struct sockaddr*', 'value': ""{'sa_family': 'AF_INET','sin_port': '22','sin_addr': '192.168.21.112'}""}, {'name': 'addrlen', 'type': 'int', 'value': 16}]",1,1
487.117441,7555,7555,7548,1001,4026531840,tsm,ip-10-100-1-217,42,connect,[],3,-114,"[{'name': 'sockfd', 'type': 'int', 'value': 44}, {'name': 'addr', 'type': 'struct sockaddr*', 'value': ""{'sa_family': 'AF_INET','sin_port': '22','sin_addr': '192.168.21.113'}""}, {'name': 'addrlen', 'type': 'int', 'value': 16}]",1,1
487.117463,7555,7555,7548,1001,4026531840,tsm,ip-10-100-1-217,42,connect,[],3,-114,"[{'name': 'sockfd', 'type': 'int', 'value': 45}, {'name': 'addr', 'type': 'struct sockaddr*', 'value': ""{'sa_family': 'AF_INET','sin_port': '22','sin_addr': '192.168.21.114'}""}, {'name': 'addrlen', 'type': 'int', 'value': 16}]",1,1
487.117484,7555,7555,7548,1001,4026531840,tsm,ip-10-100-1-217,42,connect,[],3,-114,"[{'name': 'sockfd', 'type': 'int', 'value': 46}, {'name': 'addr', 'type': 'struct sockaddr*', 'value': ""{'sa_family': 'AF_INET','sin_port': '22','sin_addr': '192.168.21.115'}""}, {'name': 'addrlen', 'type': 'int', 'value': 16}]",1,1
487.117505,7555,7555,7548,1001,4026531840,tsm,ip-10-100-1-217,42,connect,[],3,-114,"[{'name': 'sockfd', 'type': 'int', 'value': 47}, {'name': 'addr', 'type': 'struct sockaddr*', 'value': ""{'sa_family': 'AF_INET','sin_port': '22','sin_addr': '192.168.21.116'}""}, {'name': 'addrlen', 'type': 'int', 'value': 16}]",1,1
487.117526,7555,7555,7548,1001,4026531840,tsm,ip-10-100-1-217,42,connect,[],3,-114,"[{'name': 'sockfd', 'type': 'int', 'value': 48}, {'name': 'addr', 'type': 'struct sockaddr*', 'value': ""{'sa_family': 'AF_INET','sin_port': '22','sin_addr': '192.168.21.117'}""}, {'name': 'addrlen', 'type': 'int', 'value': 16}]",1,1
487.117548,7555,7555,7548,1001,4026531840,tsm,ip-10-100-1-217,42,connect,[],3,-114,"[{'name': 'sockfd', 'type': 'int', 'value': 49}, {'name': 'addr', 'type': 'struct sockaddr*', 'value': ""{'sa_family': 'AF_INET','sin_port': '22','sin_addr': '192.168.21.118'}""}, {'name': 'addrlen', 'type': 'int', 'value': 16}]",1,1
487.117569,7555,7555,7548,1001,4026531840,tsm,ip-10-100-1-217,42,connect,[],3,-114,"[{'name': 'sockfd', 'type': 'int', 'value': 50}, {'name': 'addr', 'type': 'struct sockaddr*', 'value': ""{'sin_port': '22','sin_addr': '192.168.21.119','sa_family': 'AF_INET'}""}, {'name': 'addrlen', 'type': 'int', 'value': 16}]",1,1
487.11759,7555,7555,7548,1001,4026531840,tsm,ip-10-100-1-217,42,connect,[],3,-114,"[{'name': 'sockfd', 'type': 'int', 'value': 51}, {'name': 'addr', 'type': 'struct sockaddr*', 'value': ""{'sin_port': '22','sin_addr': '192.168.21.120','sa_family': 'AF_INET'}""}, {'name': 'addrlen', 'type': 'int', 'value': 16}]",1,1
487.117611,7555,7555,7548,1001,4026531840,tsm,ip-10-100-1-217,42,connect,[],3,-114,"[{'name': 'sockfd', 'type': 'int', 'value': 52}, {'name': 'addr', 'type': 'struct sockaddr*', 'value': ""{'sa_family': 'AF_INET','sin_port': '22','sin_addr': '192.168.21.121'}""}, {'name': 'addrlen', 'type': 'int', 'value': 16}]",1,1
487.117632,7555,7555,7548,1001,4026531840,tsm,ip-10-100-1-217,42,connect,[],3,-114,"[{'name': 'sockfd', 'type': 'int', 'value': 53}, {'name': 'addr', 'type': 'struct sockaddr*', 'value': ""{'sin_port': '22','sin_addr': '192.168.21.122','sa_family': 'AF_INET'}""}, {'name': 'addrlen', 'type': 'int', 'value': 16}]",1,1
487.117654,7555,7555,7548,1001,4026531840,tsm,ip-10-100-1-217,42,connect,[],3,-114,"[{'name': 'sockfd', 'type': 'int', 'value': 54}, {'name': 'addr', 'type': 'struct sockaddr*', 'value': ""{'sa_family': 'AF_INET','sin_port': '22','sin_addr': '192.168.21.123'}""}, {'name': 'addrlen', 'type': 'int', 'value': 16}]",1,1
487.117675,7555,7555,7548,1001,4026531840,tsm,ip-10-100-1-217,42,connect,[],3,-114,"[{'name': 'sockfd', 'type': 'int', 'value': 55}, {'name': 'addr', 'type': 'struct sockaddr*', 'value': ""{'sin_addr': '192.168.21.124','sa_family': 'AF_INET','sin_port': '22'}""}, {'name': 'addrlen', 'type': 'int', 'value': 16}]",1,1
487.117696,7555,7555,7548,1001,4026531840,tsm,ip-10-100-1-217,42,connect,[],3,-114,"[{'name': 'sockfd', 'type': 'int', 'value': 56}, {'name': 'addr', 'type': 'struct sockaddr*', 'value': ""{'sin_port': '22','sin_addr': '192.168.21.125','sa_family': 'AF_INET'}""}, {'name': 'addrlen', 'type': 'int', 'value': 16}]",1,1
487.11773,7555,7555,7548,1001,4026531840,tsm,ip-10-100-1-217,42,connect,[],3,-114,"[{'name': 'sockfd', 'type': 'int', 'value': 57}, {'name': 'addr', 'type': 'struct sockaddr*', 'value': ""{'sa_family': 'AF_INET','sin_port': '22','sin_addr': '192.168.21.126'}""}, {'name': 'addrlen', 'type': 'int', 'value': 16}]",1,1
487.117753,7555,7555,7548,1001,4026531840,tsm,ip-10-100-1-217,42,connect,[],3,-114,"[{'name': 'sockfd', 'type': 'int', 'value': 58}, {'name': 'addr', 'type': 'struct sockaddr*', 'value': ""{'sa_family': 'AF_INET','sin_port': '22','sin_addr': '192.168.21.127'}""}, {'name': 'addrlen', 'type': 'int', 'value': 16}]",1,1
487.117775,7555,7555,7548,1001,4026531840,tsm,ip-10-100-1-217,42,connect,[],3,-114,"[{'name': 'sockfd', 'type': 'int', 'value': 59}, {'name': 'addr', 'type': 'struct sockaddr*', 'value': ""{'sa_family': 'AF_INET','sin_port': '22','sin_addr': '192.168.21.128'}""}, {'name': 'addrlen', 'type': 'int', 'value': 16}]",1,1
487.117797,7555,7555,7548,1001,4026531840,tsm,ip-10-100-1-217,42,connect,[],3,-114,"[{'name': 'sockfd', 'type': 'int', 'value': 60}, {'name': 'addr', 'type': 'struct sockaddr*', 'value': ""{'sa_family': 'AF_INET','sin_port': '22','sin_addr': '192.168.21.129'}""}, {'name': 'addrlen', 'type': 'int', 'value': 16}]",1,1
487.117819,7555,7555,7548,1001,4026531840,tsm,ip-10-100-1-217,42,connect,[],3,-114,"[{'name': 'sockfd', 'type': 'int', 'value': 61}, {'name': 'addr', 'type': 'struct sockaddr*', 'value': ""{'sa_family': 'AF_INET','sin_port': '22','sin_addr': '192.168.21.130'}""}, {'name': 'addrlen', 'type': 'int', 'value': 16}]",1,1
487.117841,7555,7555,7548,1001,4026531840,tsm,ip-10-100-1-217,42,connect,[],3,-114,"[{'name': 'sockfd', 'type': 'int', 'value': 62}, {'name': 'addr', 'type': 'struct sockaddr*', 'value': ""{'sin_addr': '192.168.21.131','sa_family': 'AF_INET','sin_port': '22'}""}, {'name': 'addrlen', 'type': 'int', 'value': 16}]",1,1
487.117863,7555,7555,7548,1001,4026531840,tsm,ip-10-100-1-217,42,connect,[],3,-114,"[{'name': 'sockfd', 'type': 'int', 'value': 63}, {'name': 'addr', 'type': 'struct sockaddr*', 'value': ""{'sa_family': 'AF_INET','sin_port': '22','sin_addr': '192.168.21.132'}""}, {'name': 'addrlen', 'type': 'int', 'value': 16}]",1,1
487.117885,7555,7555,7548,1001,4026531840,tsm,ip-10-100-1-217,42,connect,[],3,-114,"[{'name': 'sockfd', 'type': 'int', 'value': 64}, {'name': 'addr', 'type': 'struct sockaddr*', 'value': ""{'sin_addr': '192.168.21.133','sa_family': 'AF_INET','sin_port': '22'}""}, {'name': 'addrlen', 'type': 'int', 'value': 16}]",1,1
487.117907,7555,7555,7548,1001,4026531840,tsm,ip-10-100-1-217,42,connect,[],3,-114,"[{'name': 'sockfd', 'type': 'int', 'value': 65}, {'name': 'addr', 'type': 'struct sockaddr*', 'value': ""{'sa_family': 'AF_INET','sin_port': '22','sin_addr': '192.168.21.134'}""}, {'name': 'addrlen', 'type': 'int', 'value': 16}]",1,1
487.117929,7555,7555,7548,1001,4026531840,tsm,ip-10-100-1-217,42,connect,[],3,-114,"[{'name': 'sockfd', 'type': 'int', 'value': 66}, {'name': 'addr', 'type': 'struct sockaddr*', 'value': ""{'sa_family': 'AF_INET','sin_port': '22','sin_addr': '192.168.21.135'}""}, {'name': 'addrlen', 'type': 'int', 'value': 16}]",1,1
487.117951,7555,7555,7548,1001,4026531840,tsm,ip-10-100-1-217,42,connect,[],3,-114,"[{'name': 'sockfd', 'type': 'int', 'value': 67}, {'name': 'addr', 'type': 'struct sockaddr*', 'value': ""{'sin_port': '22','sin_addr': '192.168.21.136','sa_family': 'AF_INET'}""}, {'name': 'addrlen', 'type': 'int', 'value': 16}]",1,1
487.117973,7555,7555,7548,1001,4026531840,tsm,ip-10-100-1-217,42,connect,[],3,-114,"[{'name': 'sockfd', 'type': 'int', 'value': 68}, {'name': 'addr', 'type': 'struct sockaddr*', 'value': ""{'sa_family': 'AF_INET','sin_port': '22','sin_addr': '192.168.21.137'}""}, {'name': 'addrlen', 'type': 'int', 'value': 16}]",1,1
487.117995,7555,7555,7548,1001,4026531840,tsm,ip-10-100-1-217,42,connect,[],3,-114,"[{'name': 'sockfd', 'type': 'int', 'value': 69}, {'name': 'addr', 'type': 'struct sockaddr*', 'value': ""{'sa_family': 'AF_INET','sin_port': '22','sin_addr': '192.168.21.138'}""}, {'name': 'addrlen', 'type': 'int', 'value': 16}]",1,1
487.118017,7555,7555,7548,1001,4026531840,tsm,ip-10-100-1-217,42,connect,[],3,-114,"[{'name': 'sockfd', 'type': 'int', 'value': 70}, {'name': 'addr', 'type': 'struct sockaddr*', 'value': ""{'sa_family': 'AF_INET','sin_port': '22','sin_addr': '192.168.21.139'}""}, {'name': 'addrlen', 'type': 'int', 'value': 16}]",1,1
487.118042,7555,7555,7548,1001,4026531840,tsm,ip-10-100-1-217,42,connect,[],3,-114,"[{'name': 'sockfd', 'type': 'int', 'value': 71}, {'name': 'addr', 'type': 'struct sockaddr*', 'value': ""{'sin_port': '22','sin_addr': '192.168.21.140','sa_family': 'AF_INET'}""}, {'name': 'addrlen', 'type': 'int', 'value': 16}]",1,1
487.118065,7555,7555,7548,1001,4026531840,tsm,ip-10-100-1-217,42,connect,[],3,-114,"[{'name': 'sockfd', 'type': 'int', 'value': 72}, {'name': 'addr', 'type': 'struct sockaddr*', 'value': ""{'sa_family': 'AF_INET','sin_port': '22','sin_addr': '192.168.21.141'}""}, {'name': 'addrlen', 'type': 'int', 'value': 16}]",1,1
487.118087,7555,7555,7548,1001,4026531840,tsm,ip-10-100-1-217,42,connect,[],3,-114,"[{'name': 'sockfd', 'type': 'int', 'value': 73}, {'name': 'addr', 'type': 'struct sockaddr*', 'value': ""{'sa_family': 'AF_INET','sin_port': '22','sin_addr': '192.168.21.142'}""}, {'name': 'addrlen', 'type': 'int', 'value': 16}]",1,1
487.118108,7555,7555,7548,1001,4026531840,tsm,ip-10-100-1-217,42,connect,[],3,-114,"[{'name': 'sockfd', 'type': 'int', 'value': 74}, {'name': 'addr', 'type': 'struct sockaddr*', 'value': ""{'sa_family': 'AF_INET','sin_port': '22','sin_addr': '192.168.21.143'}""}, {'name': 'addrlen', 'type': 'int', 'value': 16}]",1,1
487.118131,7555,7555,7548,1001,4026531840,tsm,ip-10-100-1-217,42,connect,[],3,-114,"[{'name': 'sockfd', 'type': 'int', 'value': 75}, {'name': 'addr', 'type': 'struct sockaddr*', 'value': ""{'sa_family': 'AF_INET','sin_port': '22','sin_addr': '192.168.21.144'}""}, {'name': 'addrlen', 'type': 'int', 'value': 16}]",1,1
487.118155,7555,7555,7548,1001,4026531840,tsm,ip-10-100-1-217,42,connect,[],3,-114,"[{'name': 'sockfd', 'type': 'int', 'value': 76}, {'name': 'addr', 'type': 'struct sockaddr*', 'value': ""{'sa_family': 'AF_INET','sin_port': '22','sin_addr': '192.168.21.145'}""}, {'name': 'addrlen', 'type': 'int', 'value': 16}]",1,1
487.118177,7555,7555,7548,1001,4026531840,tsm,ip-10-100-1-217,42,connect,[],3,-114,"[{'name': 'sockfd', 'type': 'int', 'value': 77}, {'name': 'addr', 'type': 'struct sockaddr*', 'value': ""{'sa_family': 'AF_INET','sin_port': '22','sin_addr': '192.168.21.146'}""}, {'name': 'addrlen', 'type': 'int', 'value': 16}]",1,1
487.118199,7555,7555,7548,1001,4026531840,tsm,ip-10-100-1-217,42,connect,[],3,-114,"[{'name': 'sockfd', 'type': 'int', 'value': 78}, {'name': 'addr', 'type': 'struct sockaddr*', 'value': ""{'sa_family': 'AF_INET','sin_port': '22','sin_addr': '192.168.21.147'}""}, {'name': 'addrlen', 'type': 'int', 'value': 16}]",1,1
487.118221,7555,7555,7548,1001,4026531840,tsm,ip-10-100-1-217,42,connect,[],3,-114,"[{'name': 'sockfd', 'type': 'int', 'value': 79}, {'name': 'addr', 'type': 'struct sockaddr*', 'value': ""{'sa_family': 'AF_INET','sin_port': '22','sin_addr': '192.168.21.148'}""}, {'name': 'addrlen', 'type': 'int', 'value': 16}]",1,1
487.118243,7555,7555,7548,1001,4026531840,tsm,ip-10-100-1-217,42,connect,[],3,-114,"[{'name': 'sockfd', 'type': 'int', 'value': 80}, {'name': 'addr', 'type': 'struct sockaddr*', 'value': ""{'sin_addr': '192.168.21.149','sa_family': 'AF_INET','sin_port': '22'}""}, {'name': 'addrlen', 'type': 'int', 'value': 16}]",1,1
487.118265,7555,7555,7548,1001,4026531840,tsm,ip-10-100-1-217,42,connect,[],3,-114,"[{'name': 'sockfd', 'type': 'int', 'value': 81}, {'name': 'addr', 'type': 'struct sockaddr*', 'value': ""{'sa_family': 'AF_INET','sin_port': '22','sin_addr': '192.168.21.150'}""}, {'name': 'addrlen', 'type': 'int', 'value': 16}]",1,1
487.118287,7555,7555,7548,1001,4026531840,tsm,ip-10-100-1-217,42,connect,[],3,-114,"[{'name': 'sockfd', 'type': 'int', 'value': 82}, {'name': 'addr', 'type': 'struct sockaddr*', 'value': ""{'sa_family': 'AF_INET','sin_port': '22','sin_addr': '192.168.21.151'}""}, {'name': 'addrlen', 'type': 'int', 'value': 16}]",1,1
487.118309,7555,7555,7548,1001,4026531840,tsm,ip-10-100-1-217,42,connect,[],3,-114,"[{'name': 'sockfd', 'type': 'int', 'value': 83}, {'name': 'addr', 'type': 'struct sockaddr*', 'value': ""{'sa_family': 'AF_INET','sin_port': '22','sin_addr': '192.168.21.152'}""}, {'name': 'addrlen', 'type': 'int', 'value': 16}]",1,1
487.118331,7555,7555,7548,1001,4026531840,tsm,ip-10-100-1-217,42,connect,[],3,-114,"[{'name': 'sockfd', 'type': 'int', 'value': 84}, {'name': 'addr', 'type': 'struct sockaddr*', 'value': ""{'sa_family': 'AF_INET','sin_port': '22','sin_addr': '192.168.21.153'}""}, {'name': 'addrlen', 'type': 'int', 'value': 16}]",1,1
487.118353,7555,7555,7548,1001,4026531840,tsm,ip-10-100-1-217,42,connect,[],3,-114,"[{'name': 'sockfd', 'type': 'int', 'value': 85}, {'name': 'addr', 'type': 'struct sockaddr*', 'value': ""{'sa_family': 'AF_INET','sin_port': '22','sin_addr': '192.168.21.154'}""}, {'name': 'addrlen', 'type': 'int', 'value': 16}]",1,1
487.118375,7555,7555,7548,1001,4026531840,tsm,ip-10-100-1-217,42,connect,[],3,-114,"[{'name': 'sockfd', 'type': 'int', 'value': 86}, {'name': 'addr', 'type': 'struct sockaddr*', 'value': ""{'sa_family': 'AF_INET','sin_port': '22','sin_addr': '192.168.21.155'}""}, {'name': 'addrlen', 'type': 'int', 'value': 16}]",1,1
487.118397,7555,7555,7548,1001,4026531840,tsm,ip-10-100-1-217,42,connect,[],3,-114,"[{'name': 'sockfd', 'type': 'int', 'value': 87}, {'name': 'addr', 'type': 'struct sockaddr*', 'value': ""{'sa_family': 'AF_INET','sin_port': '22','sin_addr': '192.168.21.156'}""}, {'name': 'addrlen', 'type': 'int', 'value': 16}]",1,1
487.118419,7555,7555,7548,1001,4026531840,tsm,ip-10-100-1-217,42,connect,[],3,-114,"[{'name': 'sockfd', 'type': 'int', 'value': 88}, {'name': 'addr', 'type': 'struct sockaddr*', 'value': ""{'sa_family': 'AF_INET','sin_port': '22','sin_addr': '192.168.21.157'}""}, {'name': 'addrlen', 'type': 'int', 'value': 16}]",1,1
487.118441,7555,7555,7548,1001,4026531840,tsm,ip-10-100-1-217,42,connect,[],3,-114,"[{'name': 'sockfd', 'type': 'int', 'value': 89}, {'name': 'addr', 'type': 'struct sockaddr*', 'value': ""{'sa_family': 'AF_INET','sin_port': '22','sin_addr': '192.168.21.158'}""}, {'name': 'addrlen', 'type': 'int', 'value': 16}]",1,1
487.121163,7555,7555,7548,1001,4026531840,tsm,ip-10-100-1-217,42,connect,[],3,-114,"[{'name': 'sockfd', 'type': 'int', 'value': 90}, {'name': 'addr', 'type': 'struct sockaddr*', 'value': ""{'sa_family': 'AF_INET','sin_port': '22','sin_addr': '192.168.21.159'}""}, {'name': 'addrlen', 'type': 'int', 'value': 16}]",1,1
487.121195,7555,7555,7548,1001,4026531840,tsm,ip-10-100-1-217,42,connect,[],3,-114,"[{'name': 'sockfd', 'type': 'int', 'value': 91}, {'name': 'addr', 'type': 'struct sockaddr*', 'value': ""{'sin_port': '22','sin_addr': '192.168.21.160','sa_family': 'AF_INET'}""}, {'name': 'addrlen', 'type': 'int', 'value': 16}]",1,1
487.121239,7555,7555,7548,1001,4026531840,tsm,ip-10-100-1-217,42,connect,[],3,-114,"[{'name': 'sockfd', 'type': 'int', 'value': 92}, {'name': 'addr', 'type': 'struct sockaddr*', 'value': ""{'sa_family': 'AF_INET','sin_port': '22','sin_addr': '192.168.21.161'}""}, {'name': 'addrlen', 'type': 'int', 'value': 16}]",1,1
487.121266,7555,7555,7548,1001,4026531840,tsm,ip-10-100-1-217,42,connect,[],3,-114,"[{'name': 'sockfd', 'type': 'int', 'value': 93}, {'name': 'addr', 'type': 'struct sockaddr*', 'value': ""{'sa_family': 'AF_INET','sin_port': '22','sin_addr': '192.168.21.162'}""}, {'name': 'addrlen', 'type': 'int', 'value': 16}]",1,1
487.121292,7555,7555,7548,1001,4026531840,tsm,ip-10-100-1-217,42,connect,[],3,-114,"[{'name': 'sockfd', 'type': 'int', 'value': 94}, {'name': 'addr', 'type': 'struct sockaddr*', 'value': ""{'sa_family': 'AF_INET','sin_port': '22','sin_addr': '192.168.21.163'}""}, {'name': 'addrlen', 'type': 'int', 'value': 16}]",1,1
487.121314,7555,7555,7548,1001,4026531840,tsm,ip-10-100-1-217,42,connect,[],3,-114,"[{'name': 'sockfd', 'type': 'int', 'value': 95}, {'name': 'addr', 'type': 'struct sockaddr*', 'value': ""{'sa_family': 'AF_INET','sin_port': '22','sin_addr': '192.168.21.164'}""}, {'name': 'addrlen', 'type': 'int', 'value': 16}]",1,1
487.121336,7555,7555,7548,1001,4026531840,tsm,ip-10-100-1-217,42,connect,[],3,-114,"[{'name': 'sockfd', 'type': 'int', 'value': 96}, {'name': 'addr', 'type': 'struct sockaddr*', 'value': ""{'sa_family': 'AF_INET','sin_port': '22','sin_addr': '192.168.21.165'}""}, {'name': 'addrlen', 'type': 'int', 'value': 16}]",1,1
487.121358,7555,7555,7548,1001,4026531840,tsm,ip-10-100-1-217,42,connect,[],3,-114,"[{'name': 'sockfd', 'type': 'int', 'value': 97}, {'name': 'addr', 'type': 'struct sockaddr*', 'value': ""{'sin_addr': '192.168.21.166','sa_family': 'AF_INET','sin_port': '22'}""}, {'name': 'addrlen', 'type': 'int', 'value': 16}]",1,1
487.12138,7555,7555,7548,1001,4026531840,tsm,ip-10-100-1-217,42,connect,[],3,-114,"[{'name': 'sockfd', 'type': 'int', 'value': 98}, {'name': 'addr', 'type': 'struct sockaddr*', 'value': ""{'sin_addr': '192.168.21.167','sa_family': 'AF_INET','sin_port': '22'}""}, {'name': 'addrlen', 'type': 'int', 'value': 16}]",1,1
487.121402,7555,7555,7548,1001,4026531840,tsm,ip-10-100-1-217,42,connect,[],3,-114,"[{'name': 'sockfd', 'type': 'int', 'value': 99}, {'name': 'addr', 'type': 'struct sockaddr*', 'value': ""{'sa_family': 'AF_INET','sin_port': '22','sin_addr': '192.168.21.168'}""}, {'name': 'addrlen', 'type': 'int', 'value': 16}]",1,1
487.121424,7555,7555,7548,1001,4026531840,tsm,ip-10-100-1-217,42,connect,[],3,-114,"[{'name': 'sockfd', 'type': 'int', 'value': 100}, {'name': 'addr', 'type': 'struct sockaddr*', 'value': ""{'sa_family': 'AF_INET','sin_port': '22','sin_addr': '192.168.21.169'}""}, {'name': 'addrlen', 'type': 'int', 'value': 16}]",1,1
487.121454,7555,7555,7548,1001,4026531840,tsm,ip-10-100-1-217,42,connect,[],3,-114,"[{'name': 'sockfd', 'type': 'int', 'value': 101}, {'name': 'addr', 'type': 'struct sockaddr*', 'value': ""{'sa_family': 'AF_INET','sin_port': '22','sin_addr': '192.168.21.170'}""}, {'name': 'addrlen', 'type': 'int', 'value': 16}]",1,1
487.121479,7555,7555,7548,1001,4026531840,tsm,ip-10-100-1-217,42,connect,[],3,-114,"[{'name': 'sockfd', 'type': 'int', 'value': 102}, {'name': 'addr', 'type': 'struct sockaddr*', 'value': ""{'sa_family': 'AF_INET','sin_port': '22','sin_addr': '192.168.21.171'}""}, {'name': 'addrlen', 'type': 'int', 'value': 16}]",1,1
487.121501,7555,7555,7548,1001,4026531840,tsm,ip-10-100-1-217,42,connect,[],3,-114,"[{'name': 'sockfd', 'type': 'int', 'value': 103}, {'name': 'addr', 'type': 'struct sockaddr*', 'value': ""{'sa_family': 'AF_INET','sin_port': '22','sin_addr': '192.168.21.172'}""}, {'name': 'addrlen', 'type': 'int', 'value': 16}]",1,1
487.121523,7555,7555,7548,1001,4026531840,tsm,ip-10-100-1-217,42,connect,[],3,-114,"[{'name': 'sockfd', 'type': 'int', 'value': 104}, {'name': 'addr', 'type': 'struct sockaddr*', 'value': ""{'sa_family': 'AF_INET','sin_port': '22','sin_addr': '192.168.21.173'}""}, {'name': 'addrlen', 'type': 'int', 'value': 16}]",1,1
487.121545,7555,7555,7548,1001,4026531840,tsm,ip-10-100-1-217,42,connect,[],3,-114,"[{'name': 'sockfd', 'type': 'int', 'value': 105}, {'name': 'addr', 'type': 'struct sockaddr*', 'value': ""{'sa_family': 'AF_INET','sin_port': '22','sin_addr': '192.168.21.174'}""}, {'name': 'addrlen', 'type': 'int', 'value': 16}]",1,1
487.121567,7555,7555,7548,1001,4026531840,tsm,ip-10-100-1-217,42,connect,[],3,-114,"[{'name': 'sockfd', 'type': 'int', 'value': 106}, {'name': 'addr', 'type': 'struct sockaddr*', 'value': ""{'sa_family': 'AF_INET','sin_port': '22','sin_addr': '192.168.21.175'}""}, {'name': 'addrlen', 'type': 'int', 'value': 16}]",1,1
487.121589,7555,7555,7548,1001,4026531840,tsm,ip-10-100-1-217,42,connect,[],3,-114,"[{'name': 'sockfd', 'type': 'int', 'value': 107}, {'name': 'addr', 'type': 'struct sockaddr*', 'value': ""{'sa_family': 'AF_INET','sin_port': '22','sin_addr': '192.168.21.176'}""}, {'name': 'addrlen', 'type': 'int', 'value': 16}]",1,1
487.121611,7555,7555,7548,1001,4026531840,tsm,ip-10-100-1-217,42,connect,[],3,-114,"[{'name': 'sockfd', 'type': 'int', 'value': 108}, {'name': 'addr', 'type': 'struct sockaddr*', 'value': ""{'sin_port': '22','sin_addr': '192.168.21.177','sa_family': 'AF_INET'}""}, {'name': 'addrlen', 'type': 'int', 'value': 16}]",1,1
487.121633,7555,7555,7548,1001,4026531840,tsm,ip-10-100-1-217,42,connect,[],3,-114,"[{'name': 'sockfd', 'type': 'int', 'value': 109}, {'name': 'addr', 'type': 'struct sockaddr*', 'value': ""{'sa_family': 'AF_INET','sin_port': '22','sin_addr': '192.168.21.178'}""}, {'name': 'addrlen', 'type': 'int', 'value': 16}]",1,1
487.121655,7555,7555,7548,1001,4026531840,tsm,ip-10-100-1-217,42,connect,[],3,-114,"[{'name': 'sockfd', 'type': 'int', 'value': 110}, {'name': 'addr', 'type': 'struct sockaddr*', 'value': ""{'sa_family': 'AF_INET','sin_port': '22','sin_addr': '192.168.21.179'}""}, {'name': 'addrlen', 'type': 'int', 'value': 16}]",1,1
487.121677,7555,7555,7548,1001,4026531840,tsm,ip-10-100-1-217,42,connect,[],3,-114,"[{'name': 'sockfd', 'type': 'int', 'value': 111}, {'name': 'addr', 'type': 'struct sockaddr*', 'value': ""{'sa_family': 'AF_INET','sin_port': '22','sin_addr': '192.168.21.180'}""}, {'name': 'addrlen', 'type': 'int', 'value': 16}]",1,1
487.121698,7555,7555,7548,1001,4026531840,tsm,ip-10-100-1-217,42,connect,[],3,-114,"[{'name': 'sockfd', 'type': 'int', 'value': 112}, {'name': 'addr', 'type': 'struct sockaddr*', 'value': ""{'sa_family': 'AF_INET','sin_port': '22','sin_addr': '192.168.21.181'}""}, {'name': 'addrlen', 'type': 'int', 'value': 16}]",1,1
487.12172,7555,7555,7548,1001,4026531840,tsm,ip-10-100-1-217,42,connect,[],3,-114,"[{'name': 'sockfd', 'type': 'int', 'value': 113}, {'name': 'addr', 'type': 'struct sockaddr*', 'value': ""{'sa_family': 'AF_INET','sin_port': '22','sin_addr': '192.168.21.182'}""}, {'name': 'addrlen', 'type': 'int', 'value': 16}]",1,1
487.121742,7555,7555,7548,1001,4026531840,tsm,ip-10-100-1-217,42,connect,[],3,-114,"[{'name': 'sockfd', 'type': 'int', 'value': 114}, {'name': 'addr', 'type': 'struct sockaddr*', 'value': ""{'sin_port': '22','sin_addr': '192.168.21.183','sa_family': 'AF_INET'}""}, {'name': 'addrlen', 'type': 'int', 'value': 16}]",1,1
487.121764,7555,7555,7548,1001,4026531840,tsm,ip-10-100-1-217,42,connect,[],3,-114,"[{'name': 'sockfd', 'type': 'int', 'value': 115}, {'name': 'addr', 'type': 'struct sockaddr*', 'value': ""{'sa_family': 'AF_INET','sin_port': '22','sin_addr': '192.168.21.184'}""}, {'name': 'addrlen', 'type': 'int', 'value': 16}]",1,1
487.121786,7555,7555,7548,1001,4026531840,tsm,ip-10-100-1-217,42,connect,[],3,-114,"[{'name': 'sockfd', 'type': 'int', 'value': 116}, {'name': 'addr', 'type': 'struct sockaddr*', 'value': ""{'sa_family': 'AF_INET','sin_port': '22','sin_addr': '192.168.21.185'}""}, {'name': 'addrlen', 'type': 'int', 'value': 16}]",1,1
487.121808,7555,7555,7548,1001,4026531840,tsm,ip-10-100-1-217,42,connect,[],3,-114,"[{'name': 'sockfd', 'type': 'int', 'value': 117}, {'name': 'addr', 'type': 'struct sockaddr*', 'value': ""{'sa_family': 'AF_INET','sin_port': '22','sin_addr': '192.168.21.186'}""}, {'name': 'addrlen', 'type': 'int', 'value': 16}]",1,1
487.12183,7555,7555,7548,1001,4026531840,tsm,ip-10-100-1-217,42,connect,[],3,-114,"[{'name': 'sockfd', 'type': 'int', 'value': 118}, {'name': 'addr', 'type': 'struct sockaddr*', 'value': ""{'sa_family': 'AF_INET','sin_port': '22','sin_addr': '192.168.21.187'}""}, {'name': 'addrlen', 'type': 'int', 'value': 16}]",1,1
487.121852,7555,7555,7548,1001,4026531840,tsm,ip-10-100-1-217,42,connect,[],3,-114,"[{'name': 'sockfd', 'type': 'int', 'value': 119}, {'name': 'addr', 'type': 'struct sockaddr*', 'value': ""{'sa_family': 'AF_INET','sin_port': '22','sin_addr': '192.168.21.188'}""}, {'name': 'addrlen', 'type': 'int', 'value': 16}]",1,1
487.121874,7555,7555,7548,1001,4026531840,tsm,ip-10-100-1-217,42,connect,[],3,-114,"[{'name': 'sockfd', 'type': 'int', 'value': 120}, {'name': 'addr', 'type': 'struct sockaddr*', 'value': ""{'sa_family': 'AF_INET','sin_port': '22','sin_addr': '192.168.21.189'}""}, {'name': 'addrlen', 'type': 'int', 'value': 16}]",1,1
487.121896,7555,7555,7548,1001,4026531840,tsm,ip-10-100-1-217,42,connect,[],3,-114,"[{'name': 'sockfd', 'type': 'int', 'value': 121}, {'name': 'addr', 'type': 'struct sockaddr*', 'value': ""{'sa_family': 'AF_INET','sin_port': '22','sin_addr': '192.168.21.190'}""}, {'name': 'addrlen', 'type': 'int', 'value': 16}]",1,1
487.121918,7555,7555,7548,1001,4026531840,tsm,ip-10-100-1-217,42,connect,[],3,-114,"[{'name': 'sockfd', 'type': 'int', 'value': 122}, {'name': 'addr', 'type': 'struct sockaddr*', 'value': ""{'sa_family': 'AF_INET','sin_port': '22','sin_addr': '192.168.21.191'}""}, {'name': 'addrlen', 'type': 'int', 'value': 16}]",1,1
487.121941,7555,7555,7548,1001,4026531840,tsm,ip-10-100-1-217,42,connect,[],3,-114,"[{'name': 'sockfd', 'type': 'int', 'value': 123}, {'name': 'addr', 'type': 'struct sockaddr*', 'value': ""{'sa_family': 'AF_INET','sin_port': '22','sin_addr': '192.168.21.192'}""}, {'name': 'addrlen', 'type': 'int', 'value': 16}]",1,1
487.121963,7555,7555,7548,1001,4026531840,tsm,ip-10-100-1-217,42,connect,[],3,-114,"[{'name': 'sockfd', 'type': 'int', 'value': 124}, {'name': 'addr', 'type': 'struct sockaddr*', 'value': ""{'sa_family': 'AF_INET','sin_port': '22','sin_addr': '192.168.21.193'}""}, {'name': 'addrlen', 'type': 'int', 'value': 16}]",1,1
487.121985,7555,7555,7548,1001,4026531840,tsm,ip-10-100-1-217,42,connect,[],3,-114,"[{'name': 'sockfd', 'type': 'int', 'value': 125}, {'name': 'addr', 'type': 'struct sockaddr*', 'value': ""{'sin_addr': '192.168.21.194','sa_family': 'AF_INET','sin_port': '22'}""}, {'name': 'addrlen', 'type': 'int', 'value': 16}]",1,1
487.122007,7555,7555,7548,1001,4026531840,tsm,ip-10-100-1-217,42,connect,[],3,-114,"[{'name': 'sockfd', 'type': 'int', 'value': 126}, {'name': 'addr', 'type': 'struct sockaddr*', 'value': ""{'sa_family': 'AF_INET','sin_port': '22','sin_addr': '192.168.21.195'}""}, {'name': 'addrlen', 'type': 'int', 'value': 16}]",1,1
487.122029,7555,7555,7548,1001,4026531840,tsm,ip-10-100-1-217,42,connect,[],3,-114,"[{'name': 'sockfd', 'type': 'int', 'value': 127}, {'name': 'addr', 'type': 'struct sockaddr*', 'value': ""{'sa_family': 'AF_INET','sin_port': '22','sin_addr': '192.168.21.196'}""}, {'name': 'addrlen', 'type': 'int', 'value': 16}]",1,1
487.122051,7555,7555,7548,1001,4026531840,tsm,ip-10-100-1-217,42,connect,[],3,-114,"[{'name': 'sockfd', 'type': 'int', 'value': 128}, {'name': 'addr', 'type': 'struct sockaddr*', 'value': ""{'sa_family': 'AF_INET','sin_port': '22','sin_addr': '192.168.21.197'}""}, {'name': 'addrlen', 'type': 'int', 'value': 16}]",1,1
487.122073,7555,7555,7548,1001,4026531840,tsm,ip-10-100-1-217,42,connect,[],3,-114,"[{'name': 'sockfd', 'type': 'int', 'value': 129}, {'name': 'addr', 'type': 'struct sockaddr*', 'value': ""{'sa_family': 'AF_INET','sin_port': '22','sin_addr': '192.168.21.198'}""}, {'name': 'addrlen', 'type': 'int', 'value': 16}]",1,1
487.122098,7555,7555,7548,1001,4026531840,tsm,ip-10-100-1-217,42,connect,[],3,-114,"[{'name': 'sockfd', 'type': 'int', 'value': 130}, {'name': 'addr', 'type': 'struct sockaddr*', 'value': ""{'sin_addr': '192.168.21.199','sa_family': 'AF_INET','sin_port': '22'}""}, {'name': 'addrlen', 'type': 'int', 'value': 16}]",1,1
487.12212,7555,7555,7548,1001,4026531840,tsm,ip-10-100-1-217,42,connect,[],3,-114,"[{'name': 'sockfd', 'type': 'int', 'value': 131}, {'name': 'addr', 'type': 'struct sockaddr*', 'value': ""{'sa_family': 'AF_INET','sin_port': '22','sin_addr': '192.168.21.200'}""}, {'name': 'addrlen', 'type': 'int', 'value': 16}]",1,1
487.122143,7555,7555,7548,1001,4026531840,tsm,ip-10-100-1-217,42,connect,[],3,-114,"[{'name': 'sockfd', 'type': 'int', 'value': 132}, {'name': 'addr', 'type': 'struct sockaddr*', 'value': ""{'sa_family': 'AF_INET','sin_port': '22','sin_addr': '192.168.21.201'}""}, {'name': 'addrlen', 'type': 'int', 'value': 16}]",1,1
487.122165,7555,7555,7548,1001,4026531840,tsm,ip-10-100-1-217,42,connect,[],3,-114,"[{'name': 'sockfd', 'type': 'int', 'value': 133}, {'name': 'addr', 'type': 'struct sockaddr*', 'value': ""{'sa_family': 'AF_INET','sin_port': '22','sin_addr': '192.168.21.202'}""}, {'name': 'addrlen', 'type': 'int', 'value': 16}]",1,1
487.122187,7555,7555,7548,1001,4026531840,tsm,ip-10-100-1-217,42,connect,[],3,-114,"[{'name': 'sockfd', 'type': 'int', 'value': 134}, {'name': 'addr', 'type': 'struct sockaddr*', 'value': ""{'sin_addr': '192.168.21.203','sa_family': 'AF_INET','sin_port': '22'}""}, {'name': 'addrlen', 'type': 'int', 'value': 16}]",1,1
487.122208,7555,7555,7548,1001,4026531840,tsm,ip-10-100-1-217,42,connect,[],3,-114,"[{'name': 'sockfd', 'type': 'int', 'value': 135}, {'name': 'addr', 'type': 'struct sockaddr*', 'value': ""{'sa_family': 'AF_INET','sin_port': '22','sin_addr': '192.168.21.204'}""}, {'name': 'addrlen', 'type': 'int', 'value': 16}]",1,1
487.122231,7555,7555,7548,1001,4026531840,tsm,ip-10-100-1-217,42,connect,[],3,-114,"[{'name': 'sockfd', 'type': 'int', 'value': 136}, {'name': 'addr', 'type': 'struct sockaddr*', 'value': ""{'sin_port': '22','sin_addr': '192.168.21.205','sa_family': 'AF_INET'}""}, {'name': 'addrlen', 'type': 'int', 'value': 16}]",1,1
487.122253,7555,7555,7548,1001,4026531840,tsm,ip-10-100-1-217,42,connect,[],3,-114,"[{'name': 'sockfd', 'type': 'int', 'value': 137}, {'name': 'addr', 'type': 'struct sockaddr*', 'value': ""{'sa_family': 'AF_INET','sin_port': '22','sin_addr': '192.168.21.206'}""}, {'name': 'addrlen', 'type': 'int', 'value': 16}]",1,1
487.122275,7555,7555,7548,1001,4026531840,tsm,ip-10-100-1-217,42,connect,[],3,-114,"[{'name': 'sockfd', 'type': 'int', 'value': 138}, {'name': 'addr', 'type': 'struct sockaddr*', 'value': ""{'sa_family': 'AF_INET','sin_port': '22','sin_addr': '192.168.21.207'}""}, {'name': 'addrlen', 'type': 'int', 'value': 16}]",1,1
487.122299,7555,7555,7548,1001,4026531840,tsm,ip-10-100-1-217,42,connect,[],3,-114,"[{'name': 'sockfd', 'type': 'int', 'value': 139}, {'name': 'addr', 'type': 'struct sockaddr*', 'value': ""{'sa_family': 'AF_INET','sin_port': '22','sin_addr': '192.168.21.208'}""}, {'name': 'addrlen', 'type': 'int', 'value': 16}]",1,1
487.122321,7555,7555,7548,1001,4026531840,tsm,ip-10-100-1-217,42,connect,[],3,-114,"[{'name': 'sockfd', 'type': 'int', 'value': 140}, {'name': 'addr', 'type': 'struct sockaddr*', 'value': ""{'sin_port': '22','sin_addr': '192.168.21.209','sa_family': 'AF_INET'}""}, {'name': 'addrlen', 'type': 'int', 'value': 16}]",1,1
487.122343,7555,7555,7548,1001,4026531840,tsm,ip-10-100-1-217,42,connect,[],3,-114,"[{'name': 'sockfd', 'type': 'int', 'value': 141}, {'name': 'addr', 'type': 'struct sockaddr*', 'value': ""{'sa_family': 'AF_INET','sin_port': '22','sin_addr': '192.168.21.210'}""}, {'name': 'addrlen', 'type': 'int', 'value': 16}]",1,1
487.122365,7555,7555,7548,1001,4026531840,tsm,ip-10-100-1-217,42,connect,[],3,-114,"[{'name': 'sockfd', 'type': 'int', 'value': 142}, {'name': 'addr', 'type': 'struct sockaddr*', 'value': ""{'sa_family': 'AF_INET','sin_port': '22','sin_addr': '192.168.21.211'}""}, {'name': 'addrlen', 'type': 'int', 'value': 16}]",1,1
487.122387,7555,7555,7548,1001,4026531840,tsm,ip-10-100-1-217,42,connect,[],3,-114,"[{'name': 'sockfd', 'type': 'int', 'value': 143}, {'name': 'addr', 'type': 'struct sockaddr*', 'value': ""{'sin_addr': '192.168.21.212','sa_family': 'AF_INET','sin_port': '22'}""}, {'name': 'addrlen', 'type': 'int', 'value': 16}]",1,1
487.122409,7555,7555,7548,1001,4026531840,tsm,ip-10-100-1-217,42,connect,[],3,-114,"[{'name': 'sockfd', 'type': 'int', 'value': 144}, {'name': 'addr', 'type': 'struct sockaddr*', 'value': ""{'sa_family': 'AF_INET','sin_port': '22','sin_addr': '192.168.21.213'}""}, {'name': 'addrlen', 'type': 'int', 'value': 16}]",1,1
487.122431,7555,7555,7548,1001,4026531840,tsm,ip-10-100-1-217,42,connect,[],3,-114,"[{'name': 'sockfd', 'type': 'int', 'value': 145}, {'name': 'addr', 'type': 'struct sockaddr*', 'value': ""{'sa_family': 'AF_INET','sin_port': '22','sin_addr': '192.168.21.214'}""}, {'name': 'addrlen', 'type': 'int', 'value': 16}]",1,1
487.122463,7555,7555,7548,1001,4026531840,tsm,ip-10-100-1-217,42,connect,[],3,-114,"[{'name': 'sockfd', 'type': 'int', 'value': 146}, {'name': 'addr', 'type': 'struct sockaddr*', 'value': ""{'sa_family': 'AF_INET','sin_port': '22','sin_addr': '192.168.21.215'}""}, {'name': 'addrlen', 'type': 'int', 'value': 16}]",1,1
487.122486,7555,7555,7548,1001,4026531840,tsm,ip-10-100-1-217,42,connect,[],3,-114,"[{'name': 'sockfd', 'type': 'int', 'value': 147}, {'name': 'addr', 'type': 'struct sockaddr*', 'value': ""{'sa_family': 'AF_INET','sin_port': '22','sin_addr': '192.168.21.216'}""}, {'name': 'addrlen', 'type': 'int', 'value': 16}]",1,1
487.122508,7555,7555,7548,1001,4026531840,tsm,ip-10-100-1-217,42,connect,[],3,-114,"[{'name': 'sockfd', 'type': 'int', 'value': 148}, {'name': 'addr', 'type': 'struct sockaddr*', 'value': ""{'sa_family': 'AF_INET','sin_port': '22','sin_addr': '192.168.21.217'}""}, {'name': 'addrlen', 'type': 'int', 'value': 16}]",1,1
487.12253,7555,7555,7548,1001,4026531840,tsm,ip-10-100-1-217,42,connect,[],3,-114,"[{'name': 'sockfd', 'type': 'int', 'value': 149}, {'name': 'addr', 'type': 'struct sockaddr*', 'value': ""{'sin_addr': '192.168.21.218','sa_family': 'AF_INET','sin_port': '22'}""}, {'name': 'addrlen', 'type': 'int', 'value': 16}]",1,1
487.122552,7555,7555,7548,1001,4026531840,tsm,ip-10-100-1-217,42,connect,[],3,-114,"[{'name': 'sockfd', 'type': 'int', 'value': 150}, {'name': 'addr', 'type': 'struct sockaddr*', 'value': ""{'sa_family': 'AF_INET','sin_port': '22','sin_addr': '192.168.21.219'}""}, {'name': 'addrlen', 'type': 'int', 'value': 16}]",1,1
487.122574,7555,7555,7548,1001,4026531840,tsm,ip-10-100-1-217,42,connect,[],3,-114,"[{'name': 'sockfd', 'type': 'int', 'value': 151}, {'name': 'addr', 'type': 'struct sockaddr*', 'value': ""{'sin_addr': '192.168.21.220','sa_family': 'AF_INET','sin_port': '22'}""}, {'name': 'addrlen', 'type': 'int', 'value': 16}]",1,1
487.122596,7555,7555,7548,1001,4026531840,tsm,ip-10-100-1-217,42,connect,[],3,-114,"[{'name': 'sockfd', 'type': 'int', 'value': 152}, {'name': 'addr', 'type': 'struct sockaddr*', 'value': ""{'sa_family': 'AF_INET','sin_port': '22','sin_addr': '192.168.21.221'}""}, {'name': 'addrlen', 'type': 'int', 'value': 16}]",1,1
487.122618,7555,7555,7548,1001,4026531840,tsm,ip-10-100-1-217,42,connect,[],3,-114,"[{'name': 'sockfd', 'type': 'int', 'value': 153}, {'name': 'addr', 'type': 'struct sockaddr*', 'value': ""{'sa_family': 'AF_INET','sin_port': '22','sin_addr': '192.168.21.222'}""}, {'name': 'addrlen', 'type': 'int', 'value': 16}]",1,1
487.12264,7555,7555,7548,1001,4026531840,tsm,ip-10-100-1-217,42,connect,[],3,-114,"[{'name': 'sockfd', 'type': 'int', 'value': 154}, {'name': 'addr', 'type': 'struct sockaddr*', 'value': ""{'sa_family': 'AF_INET','sin_port': '22','sin_addr': '192.168.21.223'}""}, {'name': 'addrlen', 'type': 'int', 'value': 16}]",1,1
487.122662,7555,7555,7548,1001,4026531840,tsm,ip-10-100-1-217,42,connect,[],3,-114,"[{'name': 'sockfd', 'type': 'int', 'value': 155}, {'name': 'addr', 'type': 'struct sockaddr*', 'value': ""{'sa_family': 'AF_INET','sin_port': '22','sin_addr': '192.168.21.224'}""}, {'name': 'addrlen', 'type': 'int', 'value': 16}]",1,1
487.122684,7555,7555,7548,1001,4026531840,tsm,ip-10-100-1-217,42,connect,[],3,-114,"[{'name': 'sockfd', 'type': 'int', 'value': 156}, {'name': 'addr', 'type': 'struct sockaddr*', 'value': ""{'sa_family': 'AF_INET','sin_port': '22','sin_addr': '192.168.21.225'}""}, {'name': 'addrlen', 'type': 'int', 'value': 16}]",1,1
487.122706,7555,7555,7548,1001,4026531840,tsm,ip-10-100-1-217,42,connect,[],3,-114,"[{'name': 'sockfd', 'type': 'int', 'value': 157}, {'name': 'addr', 'type': 'struct sockaddr*', 'value': ""{'sa_family': 'AF_INET','sin_port': '22','sin_addr': '192.168.21.226'}""}, {'name': 'addrlen', 'type': 'int', 'value': 16}]",1,1
487.122728,7555,7555,7548,1001,4026531840,tsm,ip-10-100-1-217,42,connect,[],3,-114,"[{'name': 'sockfd', 'type': 'int', 'value': 158}, {'name': 'addr', 'type': 'struct sockaddr*', 'value': ""{'sin_port': '22','sin_addr': '192.168.21.227','sa_family': 'AF_INET'}""}, {'name': 'addrlen', 'type': 'int', 'value': 16}]",1,1
487.12275,7555,7555,7548,1001,4026531840,tsm,ip-10-100-1-217,42,connect,[],3,-114,"[{'name': 'sockfd', 'type': 'int', 'value': 159}, {'name': 'addr', 'type': 'struct sockaddr*', 'value': ""{'sa_family': 'AF_INET','sin_port': '22','sin_addr': '192.168.21.228'}""}, {'name': 'addrlen', 'type': 'int', 'value': 16}]",1,1
487.122772,7555,7555,7548,1001,4026531840,tsm,ip-10-100-1-217,42,connect,[],3,-114,"[{'name': 'sockfd', 'type': 'int', 'value': 160}, {'name': 'addr', 'type': 'struct sockaddr*', 'value': ""{'sa_family': 'AF_INET','sin_port': '22','sin_addr': '192.168.21.229'}""}, {'name': 'addrlen', 'type': 'int', 'value': 16}]",1,1
487.122794,7555,7555,7548,1001,4026531840,tsm,ip-10-100-1-217,42,connect,[],3,-114,"[{'name': 'sockfd', 'type': 'int', 'value': 161}, {'name': 'addr', 'type': 'struct sockaddr*', 'value': ""{'sa_family': 'AF_INET','sin_port': '22','sin_addr': '192.168.21.230'}""}, {'name': 'addrlen', 'type': 'int', 'value': 16}]",1,1
487.122816,7555,7555,7548,1001,4026531840,tsm,ip-10-100-1-217,42,connect,[],3,-114,"[{'name': 'sockfd', 'type': 'int', 'value': 162}, {'name': 'addr', 'type': 'struct sockaddr*', 'value': ""{'sa_family': 'AF_INET','sin_port': '22','sin_addr': '192.168.21.231'}""}, {'name': 'addrlen', 'type': 'int', 'value': 16}]",1,1
487.122838,7555,7555,7548,1001,4026531840,tsm,ip-10-100-1-217,42,connect,[],3,-114,"[{'name': 'sockfd', 'type': 'int', 'value': 163}, {'name': 'addr', 'type': 'struct sockaddr*', 'value': ""{'sa_family': 'AF_INET','sin_port': '22','sin_addr': '192.168.21.232'}""}, {'name': 'addrlen', 'type': 'int', 'value': 16}]",1,1
487.12286,7555,7555,7548,1001,4026531840,tsm,ip-10-100-1-217,42,connect,[],3,-114,"[{'name': 'sockfd', 'type': 'int', 'value': 164}, {'name': 'addr', 'type': 'struct sockaddr*', 'value': ""{'sin_addr': '192.168.21.233','sa_family': 'AF_INET','sin_port': '22'}""}, {'name': 'addrlen', 'type': 'int', 'value': 16}]",1,1
487.122882,7555,7555,7548,1001,4026531840,tsm,ip-10-100-1-217,42,connect,[],3,-114,"[{'name': 'sockfd', 'type': 'int', 'value': 165}, {'name': 'addr', 'type': 'struct sockaddr*', 'value': ""{'sa_family': 'AF_INET','sin_port': '22','sin_addr': '192.168.21.234'}""}, {'name': 'addrlen', 'type': 'int', 'value': 16}]",1,1
487.122904,7555,7555,7548,1001,4026531840,tsm,ip-10-100-1-217,42,connect,[],3,-114,"[{'name': 'sockfd', 'type': 'int', 'value': 166}, {'name': 'addr', 'type': 'struct sockaddr*', 'value': ""{'sa_family': 'AF_INET','sin_port': '22','sin_addr': '192.168.21.235'}""}, {'name': 'addrlen', 'type': 'int', 'value': 16}]",1,1
487.122926,7555,7555,7548,1001,4026531840,tsm,ip-10-100-1-217,42,connect,[],3,-114,"[{'name': 'sockfd', 'type': 'int', 'value': 167}, {'name': 'addr', 'type': 'struct sockaddr*', 'value': ""{'sa_family': 'AF_INET','sin_port': '22','sin_addr': '192.168.21.236'}""}, {'name': 'addrlen', 'type': 'int', 'value': 16}]",1,1
487.122948,7555,7555,7548,1001,4026531840,tsm,ip-10-100-1-217,42,connect,[],3,-114,"[{'name': 'sockfd', 'type': 'int', 'value': 168}, {'name': 'addr', 'type': 'struct sockaddr*', 'value': ""{'sin_port': '22','sin_addr': '192.168.21.237','sa_family': 'AF_INET'}""}, {'name': 'addrlen', 'type': 'int', 'value': 16}]",1,1
487.12297,7555,7555,7548,1001,4026531840,tsm,ip-10-100-1-217,42,connect,[],3,-114,"[{'name': 'sockfd', 'type': 'int', 'value': 169}, {'name': 'addr', 'type': 'struct sockaddr*', 'value': ""{'sa_family': 'AF_INET','sin_port': '22','sin_addr': '192.168.21.238'}""}, {'name': 'addrlen', 'type': 'int', 'value': 16}]",1,1
487.122991,7555,7555,7548,1001,4026531840,tsm,ip-10-100-1-217,42,connect,[],3,-114,"[{'name': 'sockfd', 'type': 'int', 'value': 170}, {'name': 'addr', 'type': 'struct sockaddr*', 'value': ""{'sa_family': 'AF_INET','sin_port': '22','sin_addr': '192.168.21.239'}""}, {'name': 'addrlen', 'type': 'int', 'value': 16}]",1,1
487.123013,7555,7555,7548,1001,4026531840,tsm,ip-10-100-1-217,42,connect,[],3,-114,"[{'name': 'sockfd', 'type': 'int', 'value': 171}, {'name': 'addr', 'type': 'struct sockaddr*', 'value': ""{'sin_addr': '192.168.21.240','sa_family': 'AF_INET','sin_port': '22'}""}, {'name': 'addrlen', 'type': 'int', 'value': 16}]",1,1
487.123035,7555,7555,7548,1001,4026531840,tsm,ip-10-100-1-217,42,connect,[],3,-114,"[{'name': 'sockfd', 'type': 'int', 'value': 172}, {'name': 'addr', 'type': 'struct sockaddr*', 'value': ""{'sa_family': 'AF_INET','sin_port': '22','sin_addr': '192.168.21.241'}""}, {'name': 'addrlen', 'type': 'int', 'value': 16}]",1,1
487.123057,7555,7555,7548,1001,4026531840,tsm,ip-10-100-1-217,42,connect,[],3,-114,"[{'name': 'sockfd', 'type': 'int', 'value': 173}, {'name': 'addr', 'type': 'struct sockaddr*', 'value': ""{'sa_family': 'AF_INET','sin_port': '22','sin_addr': '192.168.21.242'}""}, {'name': 'addrlen', 'type': 'int', 'value': 16}]",1,1
487.12308,7555,7555,7548,1001,4026531840,tsm,ip-10-100-1-217,42,connect,[],3,-114,"[{'name': 'sockfd', 'type': 'int', 'value': 174}, {'name': 'addr', 'type': 'struct sockaddr*', 'value': ""{'sin_addr': '192.168.21.243','sa_family': 'AF_INET','sin_port': '22'}""}, {'name': 'addrlen', 'type': 'int', 'value': 16}]",1,1
487.123102,7555,7555,7548,1001,4026531840,tsm,ip-10-100-1-217,42,connect,[],3,-114,"[{'name': 'sockfd', 'type': 'int', 'value': 175}, {'name': 'addr', 'type': 'struct sockaddr*', 'value': ""{'sin_port': '22','sin_addr': '192.168.21.244','sa_family': 'AF_INET'}""}, {'name': 'addrlen', 'type': 'int', 'value': 16}]",1,1
487.123124,7555,7555,7548,1001,4026531840,tsm,ip-10-100-1-217,42,connect,[],3,-114,"[{'name': 'sockfd', 'type': 'int', 'value': 176}, {'name': 'addr', 'type': 'struct sockaddr*', 'value': ""{'sa_family': 'AF_INET','sin_port': '22','sin_addr': '192.168.21.245'}""}, {'name': 'addrlen', 'type': 'int', 'value': 16}]",1,1
487.123146,7555,7555,7548,1001,4026531840,tsm,ip-10-100-1-217,42,connect,[],3,-114,"[{'name': 'sockfd', 'type': 'int', 'value': 177}, {'name': 'addr', 'type': 'struct sockaddr*', 'value': ""{'sa_family': 'AF_INET','sin_port': '22','sin_addr': '192.168.18.211'}""}, {'name': 'addrlen', 'type': 'int', 'value': 16}]",1,1
487.123168,7555,7555,7548,1001,4026531840,tsm,ip-10-100-1-217,42,connect,[],3,-114,"[{'name': 'sockfd', 'type': 'int', 'value': 178}, {'name': 'addr', 'type': 'struct sockaddr*', 'value': ""{'sa_family': 'AF_INET','sin_port': '22','sin_addr': '192.168.18.212'}""}, {'name': 'addrlen', 'type': 'int', 'value': 16}]",1,1
487.12319,7555,7555,7548,1001,4026531840,tsm,ip-10-100-1-217,42,connect,[],3,-114,"[{'name': 'sockfd', 'type': 'int', 'value': 179}, {'name': 'addr', 'type': 'struct sockaddr*', 'value': ""{'sa_family': 'AF_INET','sin_port': '22','sin_addr': '192.168.18.213'}""}, {'name': 'addrlen', 'type': 'int', 'value': 16}]",1,1
487.123212,7555,7555,7548,1001,4026531840,tsm,ip-10-100-1-217,42,connect,[],3,-114,"[{'name': 'sockfd', 'type': 'int', 'value': 180}, {'name': 'addr', 'type': 'struct sockaddr*', 'value': ""{'sin_port': '22','sin_addr': '192.168.18.214','sa_family': 'AF_INET'}""}, {'name': 'addrlen', 'type': 'int', 'value': 16}]",1,1
487.123234,7555,7555,7548,1001,4026531840,tsm,ip-10-100-1-217,42,connect,[],3,-114,"[{'name': 'sockfd', 'type': 'int', 'value': 181}, {'name': 'addr', 'type': 'struct sockaddr*', 'value': ""{'sin_addr': '192.168.18.215','sa_family': 'AF_INET','sin_port': '22'}""}, {'name': 'addrlen', 'type': 'int', 'value': 16}]",1,1
487.123256,7555,7555,7548,1001,4026531840,tsm,ip-10-100-1-217,42,connect,[],3,-114,"[{'name': 'sockfd', 'type': 'int', 'value': 182}, {'name': 'addr', 'type': 'struct sockaddr*', 'value': ""{'sa_family': 'AF_INET','sin_port': '22','sin_addr': '192.168.18.216'}""}, {'name': 'addrlen', 'type': 'int', 'value': 16}]",1,1
487.123277,7555,7555,7548,1001,4026531840,tsm,ip-10-100-1-217,42,connect,[],3,-114,"[{'name': 'sockfd', 'type': 'int', 'value': 183}, {'name': 'addr', 'type': 'struct sockaddr*', 'value': ""{'sa_family': 'AF_INET','sin_port': '22','sin_addr': '192.168.18.217'}""}, {'name': 'addrlen', 'type': 'int', 'value': 16}]",1,1
487.123299,7555,7555,7548,1001,4026531840,tsm,ip-10-100-1-217,42,connect,[],3,-114,"[{'name': 'sockfd', 'type': 'int', 'value': 184}, {'name': 'addr', 'type': 'struct sockaddr*', 'value': ""{'sa_family': 'AF_INET','sin_port': '22','sin_addr': '192.168.18.218'}""}, {'name': 'addrlen', 'type': 'int', 'value': 16}]",1,1
487.123321,7555,7555,7548,1001,4026531840,tsm,ip-10-100-1-217,42,connect,[],3,-114,"[{'name': 'sockfd', 'type': 'int', 'value': 185}, {'name': 'addr', 'type': 'struct sockaddr*', 'value': ""{'sin_port': '22','sin_addr': '192.168.18.219','sa_family': 'AF_INET'}""}, {'name': 'addrlen', 'type': 'int', 'value': 16}]",1,1
487.123343,7555,7555,7548,1001,4026531840,tsm,ip-10-100-1-217,42,connect,[],3,-114,"[{'name': 'sockfd', 'type': 'int', 'value': 186}, {'name': 'addr', 'type': 'struct sockaddr*', 'value': ""{'sa_family': 'AF_INET','sin_port': '22','sin_addr': '192.168.18.220'}""}, {'name': 'addrlen', 'type': 'int', 'value': 16}]",1,1
487.123365,7555,7555,7548,1001,4026531840,tsm,ip-10-100-1-217,42,connect,[],3,-114,"[{'name': 'sockfd', 'type': 'int', 'value': 187}, {'name': 'addr', 'type': 'struct sockaddr*', 'value': ""{'sin_port': '22','sin_addr': '192.168.18.221','sa_family': 'AF_INET'}""}, {'name': 'addrlen', 'type': 'int', 'value': 16}]",1,1
487.123387,7555,7555,7548,1001,4026531840,tsm,ip-10-100-1-217,42,connect,[],3,-114,"[{'name': 'sockfd', 'type': 'int', 'value': 188}, {'name': 'addr', 'type': 'struct sockaddr*', 'value': ""{'sin_addr': '192.168.18.222','sa_family': 'AF_INET','sin_port': '22'}""}, {'name': 'addrlen', 'type': 'int', 'value': 16}]",1,1
487.123409,7555,7555,7548,1001,4026531840,tsm,ip-10-100-1-217,42,connect,[],3,-114,"[{'name': 'sockfd', 'type': 'int', 'value': 189}, {'name': 'addr', 'type': 'struct sockaddr*', 'value': ""{'sin_addr': '192.168.18.223','sa_family': 'AF_INET','sin_port': '22'}""}, {'name': 'addrlen', 'type': 'int', 'value': 16}]",1,1
487.123431,7555,7555,7548,1001,4026531840,tsm,ip-10-100-1-217,42,connect,[],3,-114,"[{'name': 'sockfd', 'type': 'int', 'value': 190}, {'name': 'addr', 'type': 'struct sockaddr*', 'value': ""{'sa_family': 'AF_INET','sin_port': '22','sin_addr': '192.168.18.224'}""}, {'name': 'addrlen', 'type': 'int', 'value': 16}]",1,1
487.123453,7555,7555,7548,1001,4026531840,tsm,ip-10-100-1-217,42,connect,[],3,-114,"[{'name': 'sockfd', 'type': 'int', 'value': 191}, {'name': 'addr', 'type': 'struct sockaddr*', 'value': ""{'sa_family': 'AF_INET','sin_port': '22','sin_addr': '192.168.18.225'}""}, {'name': 'addrlen', 'type': 'int', 'value': 16}]",1,1
487.123475,7555,7555,7548,1001,4026531840,tsm,ip-10-100-1-217,42,connect,[],3,-114,"[{'name': 'sockfd', 'type': 'int', 'value': 192}, {'name': 'addr', 'type': 'struct sockaddr*', 'value': ""{'sa_family': 'AF_INET','sin_port': '22','sin_addr': '192.168.18.226'}""}, {'name': 'addrlen', 'type': 'int', 'value': 16}]",1,1
487.123497,7555,7555,7548,1001,4026531840,tsm,ip-10-100-1-217,42,connect,[],3,-114,"[{'name': 'sockfd', 'type': 'int', 'value': 193}, {'name': 'addr', 'type': 'struct sockaddr*', 'value': ""{'sin_addr': '192.168.18.227','sa_family': 'AF_INET','sin_port': '22'}""}, {'name': 'addrlen', 'type': 'int', 'value': 16}]",1,1
487.123519,7555,7555,7548,1001,4026531840,tsm,ip-10-100-1-217,42,connect,[],3,-114,"[{'name': 'sockfd', 'type': 'int', 'value': 194}, {'name': 'addr', 'type': 'struct sockaddr*', 'value': ""{'sa_family': 'AF_INET','sin_port': '22','sin_addr': '192.168.18.228'}""}, {'name': 'addrlen', 'type': 'int', 'value': 16}]",1,1
487.123541,7555,7555,7548,1001,4026531840,tsm,ip-10-100-1-217,42,connect,[],3,-114,"[{'name': 'sockfd', 'type': 'int', 'value': 195}, {'name': 'addr', 'type': 'struct sockaddr*', 'value': ""{'sin_port': '22','sin_addr': '192.168.18.229','sa_family': 'AF_INET'}""}, {'name': 'addrlen', 'type': 'int', 'value': 16}]",1,1
487.123563,7555,7555,7548,1001,4026531840,tsm,ip-10-100-1-217,42,connect,[],3,-114,"[{'name': 'sockfd', 'type': 'int', 'value': 196}, {'name': 'addr', 'type': 'struct sockaddr*', 'value': ""{'sa_family': 'AF_INET','sin_port': '22','sin_addr': '192.168.18.230'}""}, {'name': 'addrlen', 'type': 'int', 'value': 16}]",1,1
487.123585,7555,7555,7548,1001,4026531840,tsm,ip-10-100-1-217,42,connect,[],3,-114,"[{'name': 'sockfd', 'type': 'int', 'value': 197}, {'name': 'addr', 'type': 'struct sockaddr*', 'value': ""{'sa_family': 'AF_INET','sin_port': '22','sin_addr': '192.168.18.231'}""}, {'name': 'addrlen', 'type': 'int', 'value': 16}]",1,1
487.123607,7555,7555,7548,1001,4026531840,tsm,ip-10-100-1-217,42,connect,[],3,-114,"[{'name': 'sockfd', 'type': 'int', 'value': 198}, {'name': 'addr', 'type': 'struct sockaddr*', 'value': ""{'sa_family': 'AF_INET','sin_port': '22','sin_addr': '192.168.18.232'}""}, {'name': 'addrlen', 'type': 'int', 'value': 16}]",1,1
487.123629,7555,7555,7548,1001,4026531840,tsm,ip-10-100-1-217,42,connect,[],3,-114,"[{'name': 'sockfd', 'type': 'int', 'value': 199}, {'name': 'addr', 'type': 'struct sockaddr*', 'value': ""{'sin_port': '22','sin_addr': '192.168.18.233','sa_family': 'AF_INET'}""}, {'name': 'addrlen', 'type': 'int', 'value': 16}]",1,1
487.123651,7555,7555,7548,1001,4026531840,tsm,ip-10-100-1-217,42,connect,[],3,-114,"[{'name': 'sockfd', 'type': 'int', 'value': 200}, {'name': 'addr', 'type': 'struct sockaddr*', 'value': ""{'sa_family': 'AF_INET','sin_port': '22','sin_addr': '192.168.18.234'}""}, {'name': 'addrlen', 'type': 'int', 'value': 16}]",1,1
487.123673,7555,7555,7548,1001,4026531840,tsm,ip-10-100-1-217,42,connect,[],3,-114,"[{'name': 'sockfd', 'type': 'int', 'value': 201}, {'name': 'addr', 'type': 'struct sockaddr*', 'value': ""{'sa_family': 'AF_INET','sin_port': '22','sin_addr': '192.168.18.235'}""}, {'name': 'addrlen', 'type': 'int', 'value': 16}]",1,1
487.123697,7555,7555,7548,1001,4026531840,tsm,ip-10-100-1-217,42,connect,[],3,-114,"[{'name': 'sockfd', 'type': 'int', 'value': 202}, {'name': 'addr', 'type': 'struct sockaddr*', 'value': ""{'sa_family': 'AF_INET','sin_port': '22','sin_addr': '192.168.18.236'}""}, {'name': 'addrlen', 'type': 'int', 'value': 16}]",1,1
487.12372,7555,7555,7548,1001,4026531840,tsm,ip-10-100-1-217,42,connect,[],3,-114,"[{'name': 'sockfd', 'type': 'int', 'value': 203}, {'name': 'addr', 'type': 'struct sockaddr*', 'value': ""{'sa_family': 'AF_INET','sin_port': '22','sin_addr': '192.168.18.237'}""}, {'name': 'addrlen', 'type': 'int', 'value': 16}]",1,1
487.123742,7555,7555,7548,1001,4026531840,tsm,ip-10-100-1-217,42,connect,[],3,-114,"[{'name': 'sockfd', 'type': 'int', 'value': 204}, {'name': 'addr', 'type': 'struct sockaddr*', 'value': ""{'sa_family': 'AF_INET','sin_port': '22','sin_addr': '192.168.18.238'}""}, {'name': 'addrlen', 'type': 'int', 'value': 16}]",1,1
487.123764,7555,7555,7548,1001,4026531840,tsm,ip-10-100-1-217,42,connect,[],3,-114,"[{'name': 'sockfd', 'type': 'int', 'value': 205}, {'name': 'addr', 'type': 'struct sockaddr*', 'value': ""{'sa_family': 'AF_INET','sin_port': '22','sin_addr': '192.168.18.239'}""}, {'name': 'addrlen', 'type': 'int', 'value': 16}]",1,1
487.123786,7555,7555,7548,1001,4026531840,tsm,ip-10-100-1-217,42,connect,[],3,-114,"[{'name': 'sockfd', 'type': 'int', 'value': 206}, {'name': 'addr', 'type': 'struct sockaddr*', 'value': ""{'sa_family': 'AF_INET','sin_port': '22','sin_addr': '192.168.18.240'}""}, {'name': 'addrlen', 'type': 'int', 'value': 16}]",1,1
487.123807,7555,7555,7548,1001,4026531840,tsm,ip-10-100-1-217,42,connect,[],3,-114,"[{'name': 'sockfd', 'type': 'int', 'value': 207}, {'name': 'addr', 'type': 'struct sockaddr*', 'value': ""{'sa_family': 'AF_INET','sin_port': '22','sin_addr': '192.168.18.241'}""}, {'name': 'addrlen', 'type': 'int', 'value': 16}]",1,1
487.123829,7555,7555,7548,1001,4026531840,tsm,ip-10-100-1-217,42,connect,[],3,-114,"[{'name': 'sockfd', 'type': 'int', 'value': 208}, {'name': 'addr', 'type': 'struct sockaddr*', 'value': ""{'sin_port': '22','sin_addr': '192.168.18.242','sa_family': 'AF_INET'}""}, {'name': 'addrlen', 'type': 'int', 'value': 16}]",1,1
487.123852,7555,7555,7548,1001,4026531840,tsm,ip-10-100-1-217,42,connect,[],3,-114,"[{'name': 'sockfd', 'type': 'int', 'value': 209}, {'name': 'addr', 'type': 'struct sockaddr*', 'value': ""{'sa_family': 'AF_INET','sin_port': '22','sin_addr': '192.168.18.243'}""}, {'name': 'addrlen', 'type': 'int', 'value': 16}]",1,1
487.123874,7555,7555,7548,1001,4026531840,tsm,ip-10-100-1-217,42,connect,[],3,-114,"[{'name': 'sockfd', 'type': 'int', 'value': 210}, {'name': 'addr', 'type': 'struct sockaddr*', 'value': ""{'sin_port': '22','sin_addr': '192.168.18.244','sa_family': 'AF_INET'}""}, {'name': 'addrlen', 'type': 'int', 'value': 16}]",1,1
487.123896,7555,7555,7548,1001,4026531840,tsm,ip-10-100-1-217,42,connect,[],3,-114,"[{'name': 'sockfd', 'type': 'int', 'value': 211}, {'name': 'addr', 'type': 'struct sockaddr*', 'value': ""{'sin_addr': '192.168.18.245','sa_family': 'AF_INET','sin_port': '22'}""}, {'name': 'addrlen', 'type': 'int', 'value': 16}]",1,1
487.123918,7555,7555,7548,1001,4026531840,tsm,ip-10-100-1-217,42,connect,[],3,-114,"[{'name': 'sockfd', 'type': 'int', 'value': 212}, {'name': 'addr', 'type': 'struct sockaddr*', 'value': ""{'sin_port': '22','sin_addr': '192.168.18.246','sa_family': 'AF_INET'}""}, {'name': 'addrlen', 'type': 'int', 'value': 16}]",1,1
487.12394,7555,7555,7548,1001,4026531840,tsm,ip-10-100-1-217,42,connect,[],3,-114,"[{'name': 'sockfd', 'type': 'int', 'value': 213}, {'name': 'addr', 'type': 'struct sockaddr*', 'value': ""{'sin_addr': '192.168.18.247','sa_family': 'AF_INET','sin_port': '22'}""}, {'name': 'addrlen', 'type': 'int', 'value': 16}]",1,1
487.123962,7555,7555,7548,1001,4026531840,tsm,ip-10-100-1-217,42,connect,[],3,-114,"[{'name': 'sockfd', 'type': 'int', 'value': 214}, {'name': 'addr', 'type': 'struct sockaddr*', 'value': ""{'sin_port': '22','sin_addr': '192.168.18.248','sa_family': 'AF_INET'}""}, {'name': 'addrlen', 'type': 'int', 'value': 16}]",1,1
487.123984,7555,7555,7548,1001,4026531840,tsm,ip-10-100-1-217,42,connect,[],3,-114,"[{'name': 'sockfd', 'type': 'int', 'value': 215}, {'name': 'addr', 'type': 'struct sockaddr*', 'value': ""{'sa_family': 'AF_INET','sin_port': '22','sin_addr': '192.168.18.249'}""}, {'name': 'addrlen', 'type': 'int', 'value': 16}]",1,1
487.124006,7555,7555,7548,1001,4026531840,tsm,ip-10-100-1-217,42,connect,[],3,-114,"[{'name': 'sockfd', 'type': 'int', 'value': 216}, {'name': 'addr', 'type': 'struct sockaddr*', 'value': ""{'sin_addr': '192.168.18.250','sa_family': 'AF_INET','sin_port': '22'}""}, {'name': 'addrlen', 'type': 'int', 'value': 16}]",1,1
487.124028,7555,7555,7548,1001,4026531840,tsm,ip-10-100-1-217,42,connect,[],3,-114,"[{'name': 'sockfd', 'type': 'int', 'value': 217}, {'name': 'addr', 'type': 'struct sockaddr*', 'value': ""{'sa_family': 'AF_INET','sin_port': '22','sin_addr': '192.168.18.251'}""}, {'name': 'addrlen', 'type': 'int', 'value': 16}]",1,1
487.12405,7555,7555,7548,1001,4026531840,tsm,ip-10-100-1-217,42,connect,[],3,-114,"[{'name': 'sockfd', 'type': 'int', 'value': 218}, {'name': 'addr', 'type': 'struct sockaddr*', 'value': ""{'sin_port': '22','sin_addr': '192.168.18.252','sa_family': 'AF_INET'}""}, {'name': 'addrlen', 'type': 'int', 'value': 16}]",1,1
487.124072,7555,7555,7548,1001,4026531840,tsm,ip-10-100-1-217,42,connect,[],3,-114,"[{'name': 'sockfd', 'type': 'int', 'value': 219}, {'name': 'addr', 'type': 'struct sockaddr*', 'value': ""{'sa_family': 'AF_INET','sin_port': '22','sin_addr': '192.168.18.253'}""}, {'name': 'addrlen', 'type': 'int', 'value': 16}]",1,1
487.124094,7555,7555,7548,1001,4026531840,tsm,ip-10-100-1-217,42,connect,[],3,-114,"[{'name': 'sockfd', 'type': 'int', 'value': 220}, {'name': 'addr', 'type': 'struct sockaddr*', 'value': ""{'sin_addr': '192.168.18.254','sa_family': 'AF_INET','sin_port': '22'}""}, {'name': 'addrlen', 'type': 'int', 'value': 16}]",1,1
487.124116,7555,7555,7548,1001,4026531840,tsm,ip-10-100-1-217,42,connect,[],3,-114,"[{'name': 'sockfd', 'type': 'int', 'value': 221}, {'name': 'addr', 'type': 'struct sockaddr*', 'value': ""{'sin_port': '22','sin_addr': '192.168.19.0','sa_family': 'AF_INET'}""}, {'name': 'addrlen', 'type': 'int', 'value': 16}]",1,1
487.124138,7555,7555,7548,1001,4026531840,tsm,ip-10-100-1-217,42,connect,[],3,-114,"[{'name': 'sockfd', 'type': 'int', 'value': 222}, {'name': 'addr', 'type': 'struct sockaddr*', 'value': ""{'sa_family': 'AF_INET','sin_port': '22','sin_addr': '192.168.19.1'}""}, {'name': 'addrlen', 'type': 'int', 'value': 16}]",1,1
487.12416,7555,7555,7548,1001,4026531840,tsm,ip-10-100-1-217,42,connect,[],3,-114,"[{'name': 'sockfd', 'type': 'int', 'value': 223}, {'name': 'addr', 'type': 'struct sockaddr*', 'value': ""{'sin_port': '22','sin_addr': '192.168.19.2','sa_family': 'AF_INET'}""}, {'name': 'addrlen', 'type': 'int', 'value': 16}]",1,1
487.124182,7555,7555,7548,1001,4026531840,tsm,ip-10-100-1-217,42,connect,[],3,-114,"[{'name': 'sockfd', 'type': 'int', 'value': 224}, {'name': 'addr', 'type': 'struct sockaddr*', 'value': ""{'sa_family': 'AF_INET','sin_port': '22','sin_addr': '192.168.19.3'}""}, {'name': 'addrlen', 'type': 'int', 'value': 16}]",1,1
487.124204,7555,7555,7548,1001,4026531840,tsm,ip-10-100-1-217,42,connect,[],3,-114,"[{'name': 'sockfd', 'type': 'int', 'value': 225}, {'name': 'addr', 'type': 'struct sockaddr*', 'value': ""{'sa_family': 'AF_INET','sin_port': '22','sin_addr': '192.168.19.4'}""}, {'name': 'addrlen', 'type': 'int', 'value': 16}]",1,1
487.124226,7555,7555,7548,1001,4026531840,tsm,ip-10-100-1-217,42,connect,[],3,-114,"[{'name': 'sockfd', 'type': 'int', 'value': 226}, {'name': 'addr', 'type': 'struct sockaddr*', 'value': ""{'sa_family': 'AF_INET','sin_port': '22','sin_addr': '192.168.19.5'}""}, {'name': 'addrlen', 'type': 'int', 'value': 16}]",1,1
487.124248,7555,7555,7548,1001,4026531840,tsm,ip-10-100-1-217,42,connect,[],3,-114,"[{'name': 'sockfd', 'type': 'int', 'value': 227}, {'name': 'addr', 'type': 'struct sockaddr*', 'value': ""{'sa_family': 'AF_INET','sin_port': '22','sin_addr': '192.168.19.6'}""}, {'name': 'addrlen', 'type': 'int', 'value': 16}]",1,1
487.12427,7555,7555,7548,1001,4026531840,tsm,ip-10-100-1-217,42,connect,[],3,-114,"[{'name': 'sockfd', 'type': 'int', 'value': 228}, {'name': 'addr', 'type': 'struct sockaddr*', 'value': ""{'sa_family': 'AF_INET','sin_port': '22','sin_addr': '192.168.19.7'}""}, {'name': 'addrlen', 'type': 'int', 'value': 16}]",1,1
487.124292,7555,7555,7548,1001,4026531840,tsm,ip-10-100-1-217,42,connect,[],3,-114,"[{'name': 'sockfd', 'type': 'int', 'value': 229}, {'name': 'addr', 'type': 'struct sockaddr*', 'value': ""{'sin_addr': '192.168.19.8','sa_family': 'AF_INET','sin_port': '22'}""}, {'name': 'addrlen', 'type': 'int', 'value': 16}]",1,1
487.124314,7555,7555,7548,1001,4026531840,tsm,ip-10-100-1-217,42,connect,[],3,-114,"[{'name': 'sockfd', 'type': 'int', 'value': 230}, {'name': 'addr', 'type': 'struct sockaddr*', 'value': ""{'sa_family': 'AF_INET','sin_port': '22','sin_addr': '192.168.19.9'}""}, {'name': 'addrlen', 'type': 'int', 'value': 16}]",1,1
487.124336,7555,7555,7548,1001,4026531840,tsm,ip-10-100-1-217,42,connect,[],3,-114,"[{'name': 'sockfd', 'type': 'int', 'value': 231}, {'name': 'addr', 'type': 'struct sockaddr*', 'value': ""{'sin_port': '22','sin_addr': '192.168.19.10','sa_family': 'AF_INET'}""}, {'name': 'addrlen', 'type': 'int', 'value': 16}]",1,1
487.124358,7555,7555,7548,1001,4026531840,tsm,ip-10-100-1-217,42,connect,[],3,-114,"[{'name': 'sockfd', 'type': 'int', 'value': 232}, {'name': 'addr', 'type': 'struct sockaddr*', 'value': ""{'sa_family': 'AF_INET','sin_port': '22','sin_addr': '192.168.19.11'}""}, {'name': 'addrlen', 'type': 'int', 'value': 16}]",1,1
487.12438,7555,7555,7548,1001,4026531840,tsm,ip-10-100-1-217,42,connect,[],3,-114,"[{'name': 'sockfd', 'type': 'int', 'value': 233}, {'name': 'addr', 'type': 'struct sockaddr*', 'value': ""{'sa_family': 'AF_INET','sin_port': '22','sin_addr': '192.168.19.12'}""}, {'name': 'addrlen', 'type': 'int', 'value': 16}]",1,1
487.124403,7555,7555,7548,1001,4026531840,tsm,ip-10-100-1-217,42,connect,[],3,-114,"[{'name': 'sockfd', 'type': 'int', 'value': 234}, {'name': 'addr', 'type': 'struct sockaddr*', 'value': ""{'sa_family': 'AF_INET','sin_port': '22','sin_addr': '192.168.19.13'}""}, {'name': 'addrlen', 'type': 'int', 'value': 16}]",1,1
487.124425,7555,7555,7548,1001,4026531840,tsm,ip-10-100-1-217,42,connect,[],3,-114,"[{'name': 'sockfd', 'type': 'int', 'value': 235}, {'name': 'addr', 'type': 'struct sockaddr*', 'value': ""{'sa_family': 'AF_INET','sin_port': '22','sin_addr': '192.168.19.14'}""}, {'name': 'addrlen', 'type': 'int', 'value': 16}]",1,1
487.124447,7555,7555,7548,1001,4026531840,tsm,ip-10-100-1-217,42,connect,[],3,-114,"[{'name': 'sockfd', 'type': 'int', 'value': 236}, {'name': 'addr', 'type': 'struct sockaddr*', 'value': ""{'sin_port': '22','sin_addr': '192.168.19.15','sa_family': 'AF_INET'}""}, {'name': 'addrlen', 'type': 'int', 'value': 16}]",1,1
487.124469,7555,7555,7548,1001,4026531840,tsm,ip-10-100-1-217,42,connect,[],3,-114,"[{'name': 'sockfd', 'type': 'int', 'value': 237}, {'name': 'addr', 'type': 'struct sockaddr*', 'value': ""{'sin_addr': '192.168.19.16','sa_family': 'AF_INET','sin_port': '22'}""}, {'name': 'addrlen', 'type': 'int', 'value': 16}]",1,1
487.124491,7555,7555,7548,1001,4026531840,tsm,ip-10-100-1-217,42,connect,[],3,-114,"[{'name': 'sockfd', 'type': 'int', 'value': 238}, {'name': 'addr', 'type': 'struct sockaddr*', 'value': ""{'sa_family': 'AF_INET','sin_port': '22','sin_addr': '192.168.19.17'}""}, {'name': 'addrlen', 'type': 'int', 'value': 16}]",1,1
487.124513,7555,7555,7548,1001,4026531840,tsm,ip-10-100-1-217,42,connect,[],3,-114,"[{'name': 'sockfd', 'type': 'int', 'value': 239}, {'name': 'addr', 'type': 'struct sockaddr*', 'value': ""{'sa_family': 'AF_INET','sin_port': '22','sin_addr': '192.168.19.18'}""}, {'name': 'addrlen', 'type': 'int', 'value': 16}]",1,1
487.124535,7555,7555,7548,1001,4026531840,tsm,ip-10-100-1-217,42,connect,[],3,-114,"[{'name': 'sockfd', 'type': 'int', 'value': 240}, {'name': 'addr', 'type': 'struct sockaddr*', 'value': ""{'sa_family': 'AF_INET','sin_port': '22','sin_addr': '192.168.19.19'}""}, {'name': 'addrlen', 'type': 'int', 'value': 16}]",1,1
487.124557,7555,7555,7548,1001,4026531840,tsm,ip-10-100-1-217,42,connect,[],3,-114,"[{'name': 'sockfd', 'type': 'int', 'value': 241}, {'name': 'addr', 'type': 'struct sockaddr*', 'value': ""{'sa_family': 'AF_INET','sin_port': '22','sin_addr': '192.168.19.20'}""}, {'name': 'addrlen', 'type': 'int', 'value': 16}]",1,1
487.124579,7555,7555,7548,1001,4026531840,tsm,ip-10-100-1-217,42,connect,[],3,-114,"[{'name': 'sockfd', 'type': 'int', 'value': 242}, {'name': 'addr', 'type': 'struct sockaddr*', 'value': ""{'sin_addr': '192.168.19.21','sa_family': 'AF_INET','sin_port': '22'}""}, {'name': 'addrlen', 'type': 'int', 'value': 16}]",1,1
487.124601,7555,7555,7548,1001,4026531840,tsm,ip-10-100-1-217,42,connect,[],3,-114,"[{'name': 'sockfd', 'type': 'int', 'value': 243}, {'name': 'addr', 'type': 'struct sockaddr*', 'value': ""{'sa_family': 'AF_INET','sin_port': '22','sin_addr': '192.168.19.22'}""}, {'name': 'addrlen', 'type': 'int', 'value': 16}]",1,1
487.124623,7555,7555,7548,1001,4026531840,tsm,ip-10-100-1-217,42,connect,[],3,-114,"[{'name': 'sockfd', 'type': 'int', 'value': 244}, {'name': 'addr', 'type': 'struct sockaddr*', 'value': ""{'sa_family': 'AF_INET','sin_port': '22','sin_addr': '192.168.19.23'}""}, {'name': 'addrlen', 'type': 'int', 'value': 16}]",1,1
487.124645,7555,7555,7548,1001,4026531840,tsm,ip-10-100-1-217,42,connect,[],3,-114,"[{'name': 'sockfd', 'type': 'int', 'value': 245}, {'name': 'addr', 'type': 'struct sockaddr*', 'value': ""{'sa_family': 'AF_INET','sin_port': '22','sin_addr': '192.168.19.24'}""}, {'name': 'addrlen', 'type': 'int', 'value': 16}]",1,1
487.124667,7555,7555,7548,1001,4026531840,tsm,ip-10-100-1-217,42,connect,[],3,-114,"[{'name': 'sockfd', 'type': 'int', 'value': 246}, {'name': 'addr', 'type': 'struct sockaddr*', 'value': ""{'sa_family': 'AF_INET','sin_port': '22','sin_addr': '192.168.19.25'}""}, {'name': 'addrlen', 'type': 'int', 'value': 16}]",1,1
487.124689,7555,7555,7548,1001,4026531840,tsm,ip-10-100-1-217,42,connect,[],3,-114,"[{'name': 'sockfd', 'type': 'int', 'value': 247}, {'name': 'addr', 'type': 'struct sockaddr*', 'value': ""{'sa_family': 'AF_INET','sin_port': '22','sin_addr': '192.168.19.26'}""}, {'name': 'addrlen', 'type': 'int', 'value': 16}]",1,1
487.124711,7555,7555,7548,1001,4026531840,tsm,ip-10-100-1-217,42,connect,[],3,-114,"[{'name': 'sockfd', 'type': 'int', 'value': 248}, {'name': 'addr', 'type': 'struct sockaddr*', 'value': ""{'sa_family': 'AF_INET','sin_port': '22','sin_addr': '192.168.19.27'}""}, {'name': 'addrlen', 'type': 'int', 'value': 16}]",1,1
487.124733,7555,7555,7548,1001,4026531840,tsm,ip-10-100-1-217,42,connect,[],3,-114,"[{'name': 'sockfd', 'type': 'int', 'value': 249}, {'name': 'addr', 'type': 'struct sockaddr*', 'value': ""{'sin_port': '22','sin_addr': '192.168.19.28','sa_family': 'AF_INET'}""}, {'name': 'addrlen', 'type': 'int', 'value': 16}]",1,1
487.124755,7555,7555,7548,1001,4026531840,tsm,ip-10-100-1-217,42,connect,[],3,-114,"[{'name': 'sockfd', 'type': 'int', 'value': 250}, {'name': 'addr', 'type': 'struct sockaddr*', 'value': ""{'sa_family': 'AF_INET','sin_port': '22','sin_addr': '192.168.19.29'}""}, {'name': 'addrlen', 'type': 'int', 'value': 16}]",1,1
487.124777,7555,7555,7548,1001,4026531840,tsm,ip-10-100-1-217,42,connect,[],3,-114,"[{'name': 'sockfd', 'type': 'int', 'value': 251}, {'name': 'addr', 'type': 'struct sockaddr*', 'value': ""{'sin_addr': '192.168.19.30','sa_family': 'AF_INET','sin_port': '22'}""}, {'name': 'addrlen', 'type': 'int', 'value': 16}]",1,1
487.124799,7555,7555,7548,1001,4026531840,tsm,ip-10-100-1-217,42,connect,[],3,-114,"[{'name': 'sockfd', 'type': 'int', 'value': 252}, {'name': 'addr', 'type': 'struct sockaddr*', 'value': ""{'sa_family': 'AF_INET','sin_port': '22','sin_addr': '192.168.19.31'}""}, {'name': 'addrlen', 'type': 'int', 'value': 16}]",1,1
487.124821,7555,7555,7548,1001,4026531840,tsm,ip-10-100-1-217,42,connect,[],3,-114,"[{'name': 'sockfd', 'type': 'int', 'value': 253}, {'name': 'addr', 'type': 'struct sockaddr*', 'value': ""{'sa_family': 'AF_INET','sin_port': '22','sin_addr': '192.168.19.32'}""}, {'name': 'addrlen', 'type': 'int', 'value': 16}]",1,1
487.124843,7555,7555,7548,1001,4026531840,tsm,ip-10-100-1-217,42,connect,[],3,-114,"[{'name': 'sockfd', 'type': 'int', 'value': 254}, {'name': 'addr', 'type': 'struct sockaddr*', 'value': ""{'sin_port': '22','sin_addr': '192.168.19.33','sa_family': 'AF_INET'}""}, {'name': 'addrlen', 'type': 'int', 'value': 16}]",1,1
487.124865,7555,7555,7548,1001,4026531840,tsm,ip-10-100-1-217,42,connect,[],3,-114,"[{'name': 'sockfd', 'type': 'int', 'value': 255}, {'name': 'addr', 'type': 'struct sockaddr*', 'value': ""{'sa_family': 'AF_INET','sin_port': '22','sin_addr': '192.168.19.34'}""}, {'name': 'addrlen', 'type': 'int', 'value': 16}]",1,1
487.124887,7555,7555,7548,1001,4026531840,tsm,ip-10-100-1-217,42,connect,[],3,-114,"[{'name': 'sockfd', 'type': 'int', 'value': 256}, {'name': 'addr', 'type': 'struct sockaddr*', 'value': ""{'sa_family': 'AF_INET','sin_port': '22','sin_addr': '192.168.19.35'}""}, {'name': 'addrlen', 'type': 'int', 'value': 16}]",1,1
487.124909,7555,7555,7548,1001,4026531840,tsm,ip-10-100-1-217,42,connect,[],3,-114,"[{'name': 'sockfd', 'type': 'int', 'value': 257}, {'name': 'addr', 'type': 'struct sockaddr*', 'value': ""{'sa_family': 'AF_INET','sin_port': '22','sin_addr': '192.168.19.36'}""}, {'name': 'addrlen', 'type': 'int', 'value': 16}]",1,1
487.124931,7555,7555,7548,1001,4026531840,tsm,ip-10-100-1-217,42,connect,[],3,-114,"[{'name': 'sockfd', 'type': 'int', 'value': 258}, {'name': 'addr', 'type': 'struct sockaddr*', 'value': ""{'sa_family': 'AF_INET','sin_port': '22','sin_addr': '192.168.19.37'}""}, {'name': 'addrlen', 'type': 'int', 'value': 16}]",1,1
487.124953,7555,7555,7548,1001,4026531840,tsm,ip-10-100-1-217,42,connect,[],3,-114,"[{'name': 'sockfd', 'type': 'int', 'value': 259}, {'name': 'addr', 'type': 'struct sockaddr*', 'value': ""{'sa_family': 'AF_INET','sin_port': '22','sin_addr': '192.168.19.38'}""}, {'name': 'addrlen', 'type': 'int', 'value': 16}]",1,1
487.124975,7555,7555,7548,1001,4026531840,tsm,ip-10-100-1-217,42,connect,[],3,-114,"[{'name': 'sockfd', 'type': 'int', 'value': 260}, {'name': 'addr', 'type': 'struct sockaddr*', 'value': ""{'sa_family': 'AF_INET','sin_port': '22','sin_addr': '192.168.19.39'}""}, {'name': 'addrlen', 'type': 'int', 'value': 16}]",1,1
487.124997,7555,7555,7548,1001,4026531840,tsm,ip-10-100-1-217,42,connect,[],3,-114,"[{'name': 'sockfd', 'type': 'int', 'value': 261}, {'name': 'addr', 'type': 'struct sockaddr*', 'value': ""{'sa_family': 'AF_INET','sin_port': '22','sin_addr': '192.168.19.40'}""}, {'name': 'addrlen', 'type': 'int', 'value': 16}]",1,1
487.125019,7555,7555,7548,1001,4026531840,tsm,ip-10-100-1-217,42,connect,[],3,-114,"[{'name': 'sockfd', 'type': 'int', 'value': 262}, {'name': 'addr', 'type': 'struct sockaddr*', 'value': ""{'sa_family': 'AF_INET','sin_port': '22','sin_addr': '192.168.19.41'}""}, {'name': 'addrlen', 'type': 'int', 'value': 16}]",1,1
487.125041,7555,7555,7548,1001,4026531840,tsm,ip-10-100-1-217,42,connect,[],3,-114,"[{'name': 'sockfd', 'type': 'int', 'value': 263}, {'name': 'addr', 'type': 'struct sockaddr*', 'value': ""{'sa_family': 'AF_INET','sin_port': '22','sin_addr': '192.168.19.42'}""}, {'name': 'addrlen', 'type': 'int', 'value': 16}]",1,1
487.125066,7555,7555,7548,1001,4026531840,tsm,ip-10-100-1-217,42,connect,[],3,-114,"[{'name': 'sockfd', 'type': 'int', 'value': 264}, {'name': 'addr', 'type': 'struct sockaddr*', 'value': ""{'sa_family': 'AF_INET','sin_port': '22','sin_addr': '192.168.19.43'}""}, {'name': 'addrlen', 'type': 'int', 'value': 16}]",1,1
487.125088,7555,7555,7548,1001,4026531840,tsm,ip-10-100-1-217,42,connect,[],3,-114,"[{'name': 'sockfd', 'type': 'int', 'value': 265}, {'name': 'addr', 'type': 'struct sockaddr*', 'value': ""{'sa_family': 'AF_INET','sin_port': '22','sin_addr': '192.168.19.44'}""}, {'name': 'addrlen', 'type': 'int', 'value': 16}]",1,1
487.12511,7555,7555,7548,1001,4026531840,tsm,ip-10-100-1-217,42,connect,[],3,-114,"[{'name': 'sockfd', 'type': 'int', 'value': 266}, {'name': 'addr', 'type': 'struct sockaddr*', 'value': ""{'sa_family': 'AF_INET','sin_port': '22','sin_addr': '192.168.19.45'}""}, {'name': 'addrlen', 'type': 'int', 'value': 16}]",1,1
487.125132,7555,7555,7548,1001,4026531840,tsm,ip-10-100-1-217,42,connect,[],3,-114,"[{'name': 'sockfd', 'type': 'int', 'value': 267}, {'name': 'addr', 'type': 'struct sockaddr*', 'value': ""{'sa_family': 'AF_INET','sin_port': '22','sin_addr': '192.168.19.46'}""}, {'name': 'addrlen', 'type': 'int', 'value': 16}]",1,1
487.125154,7555,7555,7548,1001,4026531840,tsm,ip-10-100-1-217,42,connect,[],3,-114,"[{'name': 'sockfd', 'type': 'int', 'value': 268}, {'name': 'addr', 'type': 'struct sockaddr*', 'value': ""{'sa_family': 'AF_INET','sin_port': '22','sin_addr': '192.168.19.47'}""}, {'name': 'addrlen', 'type': 'int', 'value': 16}]",1,1
487.125176,7555,7555,7548,1001,4026531840,tsm,ip-10-100-1-217,42,connect,[],3,-114,"[{'name': 'sockfd', 'type': 'int', 'value': 269}, {'name': 'addr', 'type': 'struct sockaddr*', 'value': ""{'sa_family': 'AF_INET','sin_port': '22','sin_addr': '192.168.19.48'}""}, {'name': 'addrlen', 'type': 'int', 'value': 16}]",1,1
487.125198,7555,7555,7548,1001,4026531840,tsm,ip-10-100-1-217,42,connect,[],3,-114,"[{'name': 'sockfd', 'type': 'int', 'value': 270}, {'name': 'addr', 'type': 'struct sockaddr*', 'value': ""{'sa_family': 'AF_INET','sin_port': '22','sin_addr': '192.168.19.49'}""}, {'name': 'addrlen', 'type': 'int', 'value': 16}]",1,1
487.12522,7555,7555,7548,1001,4026531840,tsm,ip-10-100-1-217,42,connect,[],3,-114,"[{'name': 'sockfd', 'type': 'int', 'value': 271}, {'name': 'addr', 'type': 'struct sockaddr*', 'value': ""{'sa_family': 'AF_INET','sin_port': '22','sin_addr': '192.168.19.50'}""}, {'name': 'addrlen', 'type': 'int', 'value': 16}]",1,1
487.125242,7555,7555,7548,1001,4026531840,tsm,ip-10-100-1-217,42,connect,[],3,-114,"[{'name': 'sockfd', 'type': 'int', 'value': 272}, {'name': 'addr', 'type': 'struct sockaddr*', 'value': ""{'sin_port': '22','sin_addr': '192.168.19.51','sa_family': 'AF_INET'}""}, {'name': 'addrlen', 'type': 'int', 'value': 16}]",1,1
487.125264,7555,7555,7548,1001,4026531840,tsm,ip-10-100-1-217,42,connect,[],3,-114,"[{'name': 'sockfd', 'type': 'int', 'value': 273}, {'name': 'addr', 'type': 'struct sockaddr*', 'value': ""{'sa_family': 'AF_INET','sin_port': '22','sin_addr': '192.168.19.52'}""}, {'name': 'addrlen', 'type': 'int', 'value': 16}]",1,1
487.125286,7555,7555,7548,1001,4026531840,tsm,ip-10-100-1-217,42,connect,[],3,-114,"[{'name': 'sockfd', 'type': 'int', 'value': 274}, {'name': 'addr', 'type': 'struct sockaddr*', 'value': ""{'sa_family': 'AF_INET','sin_port': '22','sin_addr': '192.168.19.53'}""}, {'name': 'addrlen', 'type': 'int', 'value': 16}]",1,1
487.125308,7555,7555,7548,1001,4026531840,tsm,ip-10-100-1-217,42,connect,[],3,-114,"[{'name': 'sockfd', 'type': 'int', 'value': 275}, {'name': 'addr', 'type': 'struct sockaddr*', 'value': ""{'sa_family': 'AF_INET','sin_port': '22','sin_addr': '192.168.19.54'}""}, {'name': 'addrlen', 'type': 'int', 'value': 16}]",1,1
487.12533,7555,7555,7548,1001,4026531840,tsm,ip-10-100-1-217,42,connect,[],3,-114,"[{'name': 'sockfd', 'type': 'int', 'value': 276}, {'name': 'addr', 'type': 'struct sockaddr*', 'value': ""{'sa_family': 'AF_INET','sin_port': '22','sin_addr': '192.168.19.55'}""}, {'name': 'addrlen', 'type': 'int', 'value': 16}]",1,1
487.125352,7555,7555,7548,1001,4026531840,tsm,ip-10-100-1-217,42,connect,[],3,-114,"[{'name': 'sockfd', 'type': 'int', 'value': 277}, {'name': 'addr', 'type': 'struct sockaddr*', 'value': ""{'sin_addr': '192.168.19.56','sa_family': 'AF_INET','sin_port': '22'}""}, {'name': 'addrlen', 'type': 'int', 'value': 16}]",1,1
487.125374,7555,7555,7548,1001,4026531840,tsm,ip-10-100-1-217,42,connect,[],3,-114,"[{'name': 'sockfd', 'type': 'int', 'value': 278}, {'name': 'addr', 'type': 'struct sockaddr*', 'value': ""{'sin_port': '22','sin_addr': '192.168.19.57','sa_family': 'AF_INET'}""}, {'name': 'addrlen', 'type': 'int', 'value': 16}]",1,1
487.125396,7555,7555,7548,1001,4026531840,tsm,ip-10-100-1-217,42,connect,[],3,-114,"[{'name': 'sockfd', 'type': 'int', 'value': 279}, {'name': 'addr', 'type': 'struct sockaddr*', 'value': ""{'sa_family': 'AF_INET','sin_port': '22','sin_addr': '192.168.19.58'}""}, {'name': 'addrlen', 'type': 'int', 'value': 16}]",1,1
487.125418,7555,7555,7548,1001,4026531840,tsm,ip-10-100-1-217,42,connect,[],3,-114,"[{'name': 'sockfd', 'type': 'int', 'value': 280}, {'name': 'addr', 'type': 'struct sockaddr*', 'value': ""{'sa_family': 'AF_INET','sin_port': '22','sin_addr': '192.168.19.59'}""}, {'name': 'addrlen', 'type': 'int', 'value': 16}]",1,1
487.12544,7555,7555,7548,1001,4026531840,tsm,ip-10-100-1-217,42,connect,[],3,-114,"[{'name': 'sockfd', 'type': 'int', 'value': 281}, {'name': 'addr', 'type': 'struct sockaddr*', 'value': ""{'sa_family': 'AF_INET','sin_port': '22','sin_addr': '192.168.19.60'}""}, {'name': 'addrlen', 'type': 'int', 'value': 16}]",1,1
487.125462,7555,7555,7548,1001,4026531840,tsm,ip-10-100-1-217,42,connect,[],3,-114,"[{'name': 'sockfd', 'type': 'int', 'value': 282}, {'name': 'addr', 'type': 'struct sockaddr*', 'value': ""{'sa_family': 'AF_INET','sin_port': '22','sin_addr': '192.168.19.61'}""}, {'name': 'addrlen', 'type': 'int', 'value': 16}]",1,1
487.125484,7555,7555,7548,1001,4026531840,tsm,ip-10-100-1-217,42,connect,[],3,-114,"[{'name': 'sockfd', 'type': 'int', 'value': 283}, {'name': 'addr', 'type': 'struct sockaddr*', 'value': ""{'sa_family': 'AF_INET','sin_port': '22','sin_addr': '192.168.19.62'}""}, {'name': 'addrlen', 'type': 'int', 'value': 16}]",1,1
487.125506,7555,7555,7548,1001,4026531840,tsm,ip-10-100-1-217,42,connect,[],3,-114,"[{'name': 'sockfd', 'type': 'int', 'value': 284}, {'name': 'addr', 'type': 'struct sockaddr*', 'value': ""{'sa_family': 'AF_INET','sin_port': '22','sin_addr': '192.168.19.63'}""}, {'name': 'addrlen', 'type': 'int', 'value': 16}]",1,1
487.125527,7555,7555,7548,1001,4026531840,tsm,ip-10-100-1-217,42,connect,[],3,-114,"[{'name': 'sockfd', 'type': 'int', 'value': 285}, {'name': 'addr', 'type': 'struct sockaddr*', 'value': ""{'sa_family': 'AF_INET','sin_port': '22','sin_addr': '192.168.19.64'}""}, {'name': 'addrlen', 'type': 'int', 'value': 16}]",1,1
487.125549,7555,7555,7548,1001,4026531840,tsm,ip-10-100-1-217,42,connect,[],3,-114,"[{'name': 'sockfd', 'type': 'int', 'value': 286}, {'name': 'addr', 'type': 'struct sockaddr*', 'value': ""{'sa_family': 'AF_INET','sin_port': '22','sin_addr': '192.168.19.65'}""}, {'name': 'addrlen', 'type': 'int', 'value': 16}]",1,1
487.125571,7555,7555,7548,1001,4026531840,tsm,ip-10-100-1-217,42,connect,[],3,-114,"[{'name': 'sockfd', 'type': 'int', 'value': 287}, {'name': 'addr', 'type': 'struct sockaddr*', 'value': ""{'sa_family': 'AF_INET','sin_port': '22','sin_addr': '192.168.19.66'}""}, {'name': 'addrlen', 'type': 'int', 'value': 16}]",1,1
487.125593,7555,7555,7548,1001,4026531840,tsm,ip-10-100-1-217,42,connect,[],3,-114,"[{'name': 'sockfd', 'type': 'int', 'value': 288}, {'name': 'addr', 'type': 'struct sockaddr*', 'value': ""{'sa_family': 'AF_INET','sin_port': '22','sin_addr': '192.168.19.67'}""}, {'name': 'addrlen', 'type': 'int', 'value': 16}]",1,1
487.125615,7555,7555,7548,1001,4026531840,tsm,ip-10-100-1-217,42,connect,[],3,-114,"[{'name': 'sockfd', 'type': 'int', 'value': 289}, {'name': 'addr', 'type': 'struct sockaddr*', 'value': ""{'sa_family': 'AF_INET','sin_port': '22','sin_addr': '192.168.19.68'}""}, {'name': 'addrlen', 'type': 'int', 'value': 16}]",1,1
487.125638,7555,7555,7548,1001,4026531840,tsm,ip-10-100-1-217,42,connect,[],3,-114,"[{'name': 'sockfd', 'type': 'int', 'value': 290}, {'name': 'addr', 'type': 'struct sockaddr*', 'value': ""{'sa_family': 'AF_INET','sin_port': '22','sin_addr': '192.168.19.69'}""}, {'name': 'addrlen', 'type': 'int', 'value': 16}]",1,1
487.12566,7555,7555,7548,1001,4026531840,tsm,ip-10-100-1-217,42,connect,[],3,-114,"[{'name': 'sockfd', 'type': 'int', 'value': 291}, {'name': 'addr', 'type': 'struct sockaddr*', 'value': ""{'sa_family': 'AF_INET','sin_port': '22','sin_addr': '192.168.19.70'}""}, {'name': 'addrlen', 'type': 'int', 'value': 16}]",1,1
487.125681,7555,7555,7548,1001,4026531840,tsm,ip-10-100-1-217,42,connect,[],3,-114,"[{'name': 'sockfd', 'type': 'int', 'value': 292}, {'name': 'addr', 'type': 'struct sockaddr*', 'value': ""{'sa_family': 'AF_INET','sin_port': '22','sin_addr': '192.168.19.71'}""}, {'name': 'addrlen', 'type': 'int', 'value': 16}]",1,1
487.125703,7555,7555,7548,1001,4026531840,tsm,ip-10-100-1-217,42,connect,[],3,-114,"[{'name': 'sockfd', 'type': 'int', 'value': 293}, {'name': 'addr', 'type': 'struct sockaddr*', 'value': ""{'sa_family': 'AF_INET','sin_port': '22','sin_addr': '192.168.19.72'}""}, {'name': 'addrlen', 'type': 'int', 'value': 16}]",1,1
487.125725,7555,7555,7548,1001,4026531840,tsm,ip-10-100-1-217,42,connect,[],3,-114,"[{'name': 'sockfd', 'type': 'int', 'value': 294}, {'name': 'addr', 'type': 'struct sockaddr*', 'value': ""{'sa_family': 'AF_INET','sin_port': '22','sin_addr': '192.168.19.73'}""}, {'name': 'addrlen', 'type': 'int', 'value': 16}]",1,1
487.125747,7555,7555,7548,1001,4026531840,tsm,ip-10-100-1-217,42,connect,[],3,-114,"[{'name': 'sockfd', 'type': 'int', 'value': 295}, {'name': 'addr', 'type': 'struct sockaddr*', 'value': ""{'sa_family': 'AF_INET','sin_port': '22','sin_addr': '192.168.19.74'}""}, {'name': 'addrlen', 'type': 'int', 'value': 16}]",1,1
487.125769,7555,7555,7548,1001,4026531840,tsm,ip-10-100-1-217,42,connect,[],3,-114,"[{'name': 'sockfd', 'type': 'int', 'value': 296}, {'name': 'addr', 'type': 'struct sockaddr*', 'value': ""{'sa_family': 'AF_INET','sin_port': '22','sin_addr': '192.168.19.75'}""}, {'name': 'addrlen', 'type': 'int', 'value': 16}]",1,1
487.125791,7555,7555,7548,1001,4026531840,tsm,ip-10-100-1-217,42,connect,[],3,-114,"[{'name': 'sockfd', 'type': 'int', 'value': 297}, {'name': 'addr', 'type': 'struct sockaddr*', 'value': ""{'sa_family': 'AF_INET','sin_port': '22','sin_addr': '192.168.19.76'}""}, {'name': 'addrlen', 'type': 'int', 'value': 16}]",1,1
487.125813,7555,7555,7548,1001,4026531840,tsm,ip-10-100-1-217,42,connect,[],3,-114,"[{'name': 'sockfd', 'type': 'int', 'value': 298}, {'name': 'addr', 'type': 'struct sockaddr*', 'value': ""{'sa_family': 'AF_INET','sin_port': '22','sin_addr': '192.168.19.77'}""}, {'name': 'addrlen', 'type': 'int', 'value': 16}]",1,1
487.125835,7555,7555,7548,1001,4026531840,tsm,ip-10-100-1-217,42,connect,[],3,-114,"[{'name': 'sockfd', 'type': 'int', 'value': 299}, {'name': 'addr', 'type': 'struct sockaddr*', 'value': ""{'sa_family': 'AF_INET','sin_port': '22','sin_addr': '192.168.19.78'}""}, {'name': 'addrlen', 'type': 'int', 'value': 16}]",1,1
487.125857,7555,7555,7548,1001,4026531840,tsm,ip-10-100-1-217,42,connect,[],3,-114,"[{'name': 'sockfd', 'type': 'int', 'value': 300}, {'name': 'addr', 'type': 'struct sockaddr*', 'value': ""{'sa_family': 'AF_INET','sin_port': '22','sin_addr': '192.168.19.79'}""}, {'name': 'addrlen', 'type': 'int', 'value': 16}]",1,1
487.125879,7555,7555,7548,1001,4026531840,tsm,ip-10-100-1-217,42,connect,[],3,-114,"[{'name': 'sockfd', 'type': 'int', 'value': 301}, {'name': 'addr', 'type': 'struct sockaddr*', 'value': ""{'sa_family': 'AF_INET','sin_port': '22','sin_addr': '192.168.19.80'}""}, {'name': 'addrlen', 'type': 'int', 'value': 16}]",1,1
487.125901,7555,7555,7548,1001,4026531840,tsm,ip-10-100-1-217,42,connect,[],3,-114,"[{'name': 'sockfd', 'type': 'int', 'value': 302}, {'name': 'addr', 'type': 'struct sockaddr*', 'value': ""{'sa_family': 'AF_INET','sin_port': '22','sin_addr': '192.168.19.81'}""}, {'name': 'addrlen', 'type': 'int', 'value': 16}]",1,1
487.125923,7555,7555,7548,1001,4026531840,tsm,ip-10-100-1-217,42,connect,[],3,-114,"[{'name': 'sockfd', 'type': 'int', 'value': 303}, {'name': 'addr', 'type': 'struct sockaddr*', 'value': ""{'sa_family': 'AF_INET','sin_port': '22','sin_addr': '192.168.19.82'}""}, {'name': 'addrlen', 'type': 'int', 'value': 16}]",1,1
487.125944,7555,7555,7548,1001,4026531840,tsm,ip-10-100-1-217,42,connect,[],3,-114,"[{'name': 'sockfd', 'type': 'int', 'value': 304}, {'name': 'addr', 'type': 'struct sockaddr*', 'value': ""{'sa_family': 'AF_INET','sin_port': '22','sin_addr': '192.168.19.83'}""}, {'name': 'addrlen', 'type': 'int', 'value': 16}]",1,1
487.125966,7555,7555,7548,1001,4026531840,tsm,ip-10-100-1-217,42,connect,[],3,-114,"[{'name': 'sockfd', 'type': 'int', 'value': 305}, {'name': 'addr', 'type': 'struct sockaddr*', 'value': ""{'sin_port': '22','sin_addr': '192.168.19.84','sa_family': 'AF_INET'}""}, {'name': 'addrlen', 'type': 'int', 'value': 16}]",1,1
487.125988,7555,7555,7548,1001,4026531840,tsm,ip-10-100-1-217,42,connect,[],3,-114,"[{'name': 'sockfd', 'type': 'int', 'value': 306}, {'name': 'addr', 'type': 'struct sockaddr*', 'value': ""{'sa_family': 'AF_INET','sin_port': '22','sin_addr': '192.168.19.85'}""}, {'name': 'addrlen', 'type': 'int', 'value': 16}]",1,1
487.12601,7555,7555,7548,1001,4026531840,tsm,ip-10-100-1-217,42,connect,[],3,-114,"[{'name': 'sockfd', 'type': 'int', 'value': 307}, {'name': 'addr', 'type': 'struct sockaddr*', 'value': ""{'sa_family': 'AF_INET','sin_port': '22','sin_addr': '192.168.19.86'}""}, {'name': 'addrlen', 'type': 'int', 'value': 16}]",1,1
487.126032,7555,7555,7548,1001,4026531840,tsm,ip-10-100-1-217,42,connect,[],3,-114,"[{'name': 'sockfd', 'type': 'int', 'value': 308}, {'name': 'addr', 'type': 'struct sockaddr*', 'value': ""{'sa_family': 'AF_INET','sin_port': '22','sin_addr': '192.168.19.87'}""}, {'name': 'addrlen', 'type': 'int', 'value': 16}]",1,1
487.126054,7555,7555,7548,1001,4026531840,tsm,ip-10-100-1-217,42,connect,[],3,-114,"[{'name': 'sockfd', 'type': 'int', 'value': 309}, {'name': 'addr', 'type': 'struct sockaddr*', 'value': ""{'sin_port': '22','sin_addr': '192.168.19.88','sa_family': 'AF_INET'}""}, {'name': 'addrlen', 'type': 'int', 'value': 16}]",1,1
487.126076,7555,7555,7548,1001,4026531840,tsm,ip-10-100-1-217,42,connect,[],3,-114,"[{'name': 'sockfd', 'type': 'int', 'value': 310}, {'name': 'addr', 'type': 'struct sockaddr*', 'value': ""{'sa_family': 'AF_INET','sin_port': '22','sin_addr': '192.168.19.89'}""}, {'name': 'addrlen', 'type': 'int', 'value': 16}]",1,1
487.126098,7555,7555,7548,1001,4026531840,tsm,ip-10-100-1-217,42,connect,[],3,-114,"[{'name': 'sockfd', 'type': 'int', 'value': 311}, {'name': 'addr', 'type': 'struct sockaddr*', 'value': ""{'sin_port': '22','sin_addr': '192.168.19.90','sa_family': 'AF_INET'}""}, {'name': 'addrlen', 'type': 'int', 'value': 16}]",1,1
487.12612,7555,7555,7548,1001,4026531840,tsm,ip-10-100-1-217,42,connect,[],3,-114,"[{'name': 'sockfd', 'type': 'int', 'value': 312}, {'name': 'addr', 'type': 'struct sockaddr*', 'value': ""{'sa_family': 'AF_INET','sin_port': '22','sin_addr': '192.168.19.91'}""}, {'name': 'addrlen', 'type': 'int', 'value': 16}]",1,1
487.126145,7555,7555,7548,1001,4026531840,tsm,ip-10-100-1-217,42,connect,[],3,-114,"[{'name': 'sockfd', 'type': 'int', 'value': 313}, {'name': 'addr', 'type': 'struct sockaddr*', 'value': ""{'sin_addr': '192.168.19.92','sa_family': 'AF_INET','sin_port': '22'}""}, {'name': 'addrlen', 'type': 'int', 'value': 16}]",1,1
487.126167,7555,7555,7548,1001,4026531840,tsm,ip-10-100-1-217,42,connect,[],3,-114,"[{'name': 'sockfd', 'type': 'int', 'value': 314}, {'name': 'addr', 'type': 'struct sockaddr*', 'value': ""{'sa_family': 'AF_INET','sin_port': '22','sin_addr': '192.168.19.93'}""}, {'name': 'addrlen', 'type': 'int', 'value': 16}]",1,1
487.126189,7555,7555,7548,1001,4026531840,tsm,ip-10-100-1-217,42,connect,[],3,-114,"[{'name': 'sockfd', 'type': 'int', 'value': 315}, {'name': 'addr', 'type': 'struct sockaddr*', 'value': ""{'sin_port': '22','sin_addr': '192.168.19.94','sa_family': 'AF_INET'}""}, {'name': 'addrlen', 'type': 'int', 'value': 16}]",1,1
487.126211,7555,7555,7548,1001,4026531840,tsm,ip-10-100-1-217,42,connect,[],3,-114,"[{'name': 'sockfd', 'type': 'int', 'value': 316}, {'name': 'addr', 'type': 'struct sockaddr*', 'value': ""{'sa_family': 'AF_INET','sin_port': '22','sin_addr': '192.168.19.95'}""}, {'name': 'addrlen', 'type': 'int', 'value': 16}]",1,1
487.126233,7555,7555,7548,1001,4026531840,tsm,ip-10-100-1-217,42,connect,[],3,-114,"[{'name': 'sockfd', 'type': 'int', 'value': 317}, {'name': 'addr', 'type': 'struct sockaddr*', 'value': ""{'sin_addr': '192.168.19.96','sa_family': 'AF_INET','sin_port': '22'}""}, {'name': 'addrlen', 'type': 'int', 'value': 16}]",1,1
487.126255,7555,7555,7548,1001,4026531840,tsm,ip-10-100-1-217,42,connect,[],3,-114,"[{'name': 'sockfd', 'type': 'int', 'value': 318}, {'name': 'addr', 'type': 'struct sockaddr*', 'value': ""{'sa_family': 'AF_INET','sin_port': '22','sin_addr': '192.168.19.97'}""}, {'name': 'addrlen', 'type': 'int', 'value': 16}]",1,1
487.126278,7555,7555,7548,1001,4026531840,tsm,ip-10-100-1-217,42,connect,[],3,-114,"[{'name': 'sockfd', 'type': 'int', 'value': 319}, {'name': 'addr', 'type': 'struct sockaddr*', 'value': ""{'sa_family': 'AF_INET','sin_port': '22','sin_addr': '192.168.19.98'}""}, {'name': 'addrlen', 'type': 'int', 'value': 16}]",1,1
487.1263,7555,7555,7548,1001,4026531840,tsm,ip-10-100-1-217,42,connect,[],3,-114,"[{'name': 'sockfd', 'type': 'int', 'value': 320}, {'name': 'addr', 'type': 'struct sockaddr*', 'value': ""{'sa_family': 'AF_INET','sin_port': '22','sin_addr': '192.168.19.99'}""}, {'name': 'addrlen', 'type': 'int', 'value': 16}]",1,1
487.126322,7555,7555,7548,1001,4026531840,tsm,ip-10-100-1-217,42,connect,[],3,-114,"[{'name': 'sockfd', 'type': 'int', 'value': 321}, {'name': 'addr', 'type': 'struct sockaddr*', 'value': ""{'sa_family': 'AF_INET','sin_port': '22','sin_addr': '192.168.19.100'}""}, {'name': 'addrlen', 'type': 'int', 'value': 16}]",1,1
487.126344,7555,7555,7548,1001,4026531840,tsm,ip-10-100-1-217,42,connect,[],3,-114,"[{'name': 'sockfd', 'type': 'int', 'value': 322}, {'name': 'addr', 'type': 'struct sockaddr*', 'value': ""{'sa_family': 'AF_INET','sin_port': '22','sin_addr': '192.168.19.101'}""}, {'name': 'addrlen', 'type': 'int', 'value': 16}]",1,1
487.126365,7555,7555,7548,1001,4026531840,tsm,ip-10-100-1-217,42,connect,[],3,-114,"[{'name': 'sockfd', 'type': 'int', 'value': 323}, {'name': 'addr', 'type': 'struct sockaddr*', 'value': ""{'sa_family': 'AF_INET','sin_port': '22','sin_addr': '192.168.19.102'}""}, {'name': 'addrlen', 'type': 'int', 'value': 16}]",1,1
487.126387,7555,7555,7548,1001,4026531840,tsm,ip-10-100-1-217,42,connect,[],3,-114,"[{'name': 'sockfd', 'type': 'int', 'value': 324}, {'name': 'addr', 'type': 'struct sockaddr*', 'value': ""{'sin_port': '22','sin_addr': '192.168.19.103','sa_family': 'AF_INET'}""}, {'name': 'addrlen', 'type': 'int', 'value': 16}]",1,1
487.126409,7555,7555,7548,1001,4026531840,tsm,ip-10-100-1-217,42,connect,[],3,-114,"[{'name': 'sockfd', 'type': 'int', 'value': 325}, {'name': 'addr', 'type': 'struct sockaddr*', 'value': ""{'sa_family': 'AF_INET','sin_port': '22','sin_addr': '192.168.19.104'}""}, {'name': 'addrlen', 'type': 'int', 'value': 16}]",1,1
487.126431,7555,7555,7548,1001,4026531840,tsm,ip-10-100-1-217,42,connect,[],3,-114,"[{'name': 'sockfd', 'type': 'int', 'value': 326}, {'name': 'addr', 'type': 'struct sockaddr*', 'value': ""{'sa_family': 'AF_INET','sin_port': '22','sin_addr': '192.168.19.105'}""}, {'name': 'addrlen', 'type': 'int', 'value': 16}]",1,1
487.131739,7555,7555,7548,1001,4026531840,tsm,ip-10-100-1-217,42,connect,[],3,-114,"[{'name': 'sockfd', 'type': 'int', 'value': 327}, {'name': 'addr', 'type': 'struct sockaddr*', 'value': ""{'sin_addr': '192.168.19.106','sa_family': 'AF_INET','sin_port': '22'}""}, {'name': 'addrlen', 'type': 'int', 'value': 16}]",1,1
487.131769,7555,7555,7548,1001,4026531840,tsm,ip-10-100-1-217,42,connect,[],3,-114,"[{'name': 'sockfd', 'type': 'int', 'value': 328}, {'name': 'addr', 'type': 'struct sockaddr*', 'value': ""{'sin_addr': '192.168.19.107','sa_family': 'AF_INET','sin_port': '22'}""}, {'name': 'addrlen', 'type': 'int', 'value': 16}]",1,1
487.131792,7555,7555,7548,1001,4026531840,tsm,ip-10-100-1-217,42,connect,[],3,-114,"[{'name': 'sockfd', 'type': 'int', 'value': 329}, {'name': 'addr', 'type': 'struct sockaddr*', 'value': ""{'sa_family': 'AF_INET','sin_port': '22','sin_addr': '192.168.19.108'}""}, {'name': 'addrlen', 'type': 'int', 'value': 16}]",1,1
487.131814,7555,7555,7548,1001,4026531840,tsm,ip-10-100-1-217,42,connect,[],3,-114,"[{'name': 'sockfd', 'type': 'int', 'value': 330}, {'name': 'addr', 'type': 'struct sockaddr*', 'value': ""{'sa_family': 'AF_INET','sin_port': '22','sin_addr': '192.168.19.109'}""}, {'name': 'addrlen', 'type': 'int', 'value': 16}]",1,1
487.131836,7555,7555,7548,1001,4026531840,tsm,ip-10-100-1-217,42,connect,[],3,-114,"[{'name': 'sockfd', 'type': 'int', 'value': 331}, {'name': 'addr', 'type': 'struct sockaddr*', 'value': ""{'sa_family': 'AF_INET','sin_port': '22','sin_addr': '192.168.19.110'}""}, {'name': 'addrlen', 'type': 'int', 'value': 16}]",1,1
487.131858,7555,7555,7548,1001,4026531840,tsm,ip-10-100-1-217,42,connect,[],3,-114,"[{'name': 'sockfd', 'type': 'int', 'value': 332}, {'name': 'addr', 'type': 'struct sockaddr*', 'value': ""{'sin_addr': '192.168.19.111','sa_family': 'AF_INET','sin_port': '22'}""}, {'name': 'addrlen', 'type': 'int', 'value': 16}]",1,1
487.13188,7555,7555,7548,1001,4026531840,tsm,ip-10-100-1-217,42,connect,[],3,-114,"[{'name': 'sockfd', 'type': 'int', 'value': 333}, {'name': 'addr', 'type': 'struct sockaddr*', 'value': ""{'sa_family': 'AF_INET','sin_port': '22','sin_addr': '192.168.19.112'}""}, {'name': 'addrlen', 'type': 'int', 'value': 16}]",1,1
487.131902,7555,7555,7548,1001,4026531840,tsm,ip-10-100-1-217,42,connect,[],3,-114,"[{'name': 'sockfd', 'type': 'int', 'value': 334}, {'name': 'addr', 'type': 'struct sockaddr*', 'value': ""{'sa_family': 'AF_INET','sin_port': '22','sin_addr': '192.168.19.113'}""}, {'name': 'addrlen', 'type': 'int', 'value': 16}]",1,1
487.131924,7555,7555,7548,1001,4026531840,tsm,ip-10-100-1-217,42,connect,[],3,-114,"[{'name': 'sockfd', 'type': 'int', 'value': 335}, {'name': 'addr', 'type': 'struct sockaddr*', 'value': ""{'sa_family': 'AF_INET','sin_port': '22','sin_addr': '192.168.19.114'}""}, {'name': 'addrlen', 'type': 'int', 'value': 16}]",1,1
487.131973,7555,7555,7548,1001,4026531840,tsm,ip-10-100-1-217,42,connect,[],3,-114,"[{'name': 'sockfd', 'type': 'int', 'value': 336}, {'name': 'addr', 'type': 'struct sockaddr*', 'value': ""{'sa_family': 'AF_INET','sin_port': '22','sin_addr': '192.168.19.115'}""}, {'name': 'addrlen', 'type': 'int', 'value': 16}]",1,1
487.132011,7555,7555,7548,1001,4026531840,tsm,ip-10-100-1-217,42,connect,[],3,-114,"[{'name': 'sockfd', 'type': 'int', 'value': 337}, {'name': 'addr', 'type': 'struct sockaddr*', 'value': ""{'sa_family': 'AF_INET','sin_port': '22','sin_addr': '192.168.19.116'}""}, {'name': 'addrlen', 'type': 'int', 'value': 16}]",1,1
487.132036,7555,7555,7548,1001,4026531840,tsm,ip-10-100-1-217,42,connect,[],3,-114,"[{'name': 'sockfd', 'type': 'int', 'value': 338}, {'name': 'addr', 'type': 'struct sockaddr*', 'value': ""{'sin_addr': '192.168.19.117','sa_family': 'AF_INET','sin_port': '22'}""}, {'name': 'addrlen', 'type': 'int', 'value': 16}]",1,1
487.132057,7555,7555,7548,1001,4026531840,tsm,ip-10-100-1-217,42,connect,[],3,-114,"[{'name': 'sockfd', 'type': 'int', 'value': 339}, {'name': 'addr', 'type': 'struct sockaddr*', 'value': ""{'sa_family': 'AF_INET','sin_port': '22','sin_addr': '192.168.19.118'}""}, {'name': 'addrlen', 'type': 'int', 'value': 16}]",1,1
487.132078,7555,7555,7548,1001,4026531840,tsm,ip-10-100-1-217,42,connect,[],3,-114,"[{'name': 'sockfd', 'type': 'int', 'value': 340}, {'name': 'addr', 'type': 'struct sockaddr*', 'value': ""{'sa_family': 'AF_INET','sin_port': '22','sin_addr': '192.168.19.119'}""}, {'name': 'addrlen', 'type': 'int', 'value': 16}]",1,1
487.1321,7555,7555,7548,1001,4026531840,tsm,ip-10-100-1-217,42,connect,[],3,-114,"[{'name': 'sockfd', 'type': 'int', 'value': 341}, {'name': 'addr', 'type': 'struct sockaddr*', 'value': ""{'sin_addr': '192.168.19.120','sa_family': 'AF_INET','sin_port': '22'}""}, {'name': 'addrlen', 'type': 'int', 'value': 16}]",1,1
487.132121,7555,7555,7548,1001,4026531840,tsm,ip-10-100-1-217,42,connect,[],3,-114,"[{'name': 'sockfd', 'type': 'int', 'value': 342}, {'name': 'addr', 'type': 'struct sockaddr*', 'value': ""{'sa_family': 'AF_INET','sin_port': '22','sin_addr': '192.168.19.121'}""}, {'name': 'addrlen', 'type': 'int', 'value': 16}]",1,1
487.132142,7555,7555,7548,1001,4026531840,tsm,ip-10-100-1-217,42,connect,[],3,-114,"[{'name': 'sockfd', 'type': 'int', 'value': 343}, {'name': 'addr', 'type': 'struct sockaddr*', 'value': ""{'sin_port': '22','sin_addr': '192.168.19.122','sa_family': 'AF_INET'}""}, {'name': 'addrlen', 'type': 'int', 'value': 16}]",1,1
487.132164,7555,7555,7548,1001,4026531840,tsm,ip-10-100-1-217,42,connect,[],3,-114,"[{'name': 'sockfd', 'type': 'int', 'value': 344}, {'name': 'addr', 'type': 'struct sockaddr*', 'value': ""{'sin_port': '22','sin_addr': '192.168.19.123','sa_family': 'AF_INET'}""}, {'name': 'addrlen', 'type': 'int', 'value': 16}]",1,1
487.132185,7555,7555,7548,1001,4026531840,tsm,ip-10-100-1-217,42,connect,[],3,-114,"[{'name': 'sockfd', 'type': 'int', 'value': 345}, {'name': 'addr', 'type': 'struct sockaddr*', 'value': ""{'sa_family': 'AF_INET','sin_port': '22','sin_addr': '192.168.19.124'}""}, {'name': 'addrlen', 'type': 'int', 'value': 16}]",1,1
487.132218,7555,7555,7548,1001,4026531840,tsm,ip-10-100-1-217,42,connect,[],3,-114,"[{'name': 'sockfd', 'type': 'int', 'value': 346}, {'name': 'addr', 'type': 'struct sockaddr*', 'value': ""{'sin_port': '22','sin_addr': '192.168.19.125','sa_family': 'AF_INET'}""}, {'name': 'addrlen', 'type': 'int', 'value': 16}]",1,1
487.13224,7555,7555,7548,1001,4026531840,tsm,ip-10-100-1-217,42,connect,[],3,-114,"[{'name': 'sockfd', 'type': 'int', 'value': 347}, {'name': 'addr', 'type': 'struct sockaddr*', 'value': ""{'sa_family': 'AF_INET','sin_port': '22','sin_addr': '192.168.19.126'}""}, {'name': 'addrlen', 'type': 'int', 'value': 16}]",1,1
487.132262,7555,7555,7548,1001,4026531840,tsm,ip-10-100-1-217,42,connect,[],3,-114,"[{'name': 'sockfd', 'type': 'int', 'value': 348}, {'name': 'addr', 'type': 'struct sockaddr*', 'value': ""{'sa_family': 'AF_INET','sin_port': '22','sin_addr': '192.168.19.127'}""}, {'name': 'addrlen', 'type': 'int', 'value': 16}]",1,1
487.132284,7555,7555,7548,1001,4026531840,tsm,ip-10-100-1-217,42,connect,[],3,-114,"[{'name': 'sockfd', 'type': 'int', 'value': 349}, {'name': 'addr', 'type': 'struct sockaddr*', 'value': ""{'sin_port': '22','sin_addr': '192.168.19.128','sa_family': 'AF_INET'}""}, {'name': 'addrlen', 'type': 'int', 'value': 16}]",1,1
487.132307,7555,7555,7548,1001,4026531840,tsm,ip-10-100-1-217,42,connect,[],3,-114,"[{'name': 'sockfd', 'type': 'int', 'value': 350}, {'name': 'addr', 'type': 'struct sockaddr*', 'value': ""{'sa_family': 'AF_INET','sin_port': '22','sin_addr': '192.168.19.129'}""}, {'name': 'addrlen', 'type': 'int', 'value': 16}]",1,1
487.132329,7555,7555,7548,1001,4026531840,tsm,ip-10-100-1-217,42,connect,[],3,-114,"[{'name': 'sockfd', 'type': 'int', 'value': 351}, {'name': 'addr', 'type': 'struct sockaddr*', 'value': ""{'sin_addr': '192.168.19.130','sa_family': 'AF_INET','sin_port': '22'}""}, {'name': 'addrlen', 'type': 'int', 'value': 16}]",1,1
487.132351,7555,7555,7548,1001,4026531840,tsm,ip-10-100-1-217,42,connect,[],3,-114,"[{'name': 'sockfd', 'type': 'int', 'value': 352}, {'name': 'addr', 'type': 'struct sockaddr*', 'value': ""{'sa_family': 'AF_INET','sin_port': '22','sin_addr': '192.168.19.131'}""}, {'name': 'addrlen', 'type': 'int', 'value': 16}]",1,1
487.132372,7555,7555,7548,1001,4026531840,tsm,ip-10-100-1-217,42,connect,[],3,-114,"[{'name': 'sockfd', 'type': 'int', 'value': 353}, {'name': 'addr', 'type': 'struct sockaddr*', 'value': ""{'sa_family': 'AF_INET','sin_port': '22','sin_addr': '192.168.19.132'}""}, {'name': 'addrlen', 'type': 'int', 'value': 16}]",1,1
487.132394,7555,7555,7548,1001,4026531840,tsm,ip-10-100-1-217,42,connect,[],3,-114,"[{'name': 'sockfd', 'type': 'int', 'value': 354}, {'name': 'addr', 'type': 'struct sockaddr*', 'value': ""{'sin_port': '22','sin_addr': '192.168.19.133','sa_family': 'AF_INET'}""}, {'name': 'addrlen', 'type': 'int', 'value': 16}]",1,1
487.132416,7555,7555,7548,1001,4026531840,tsm,ip-10-100-1-217,42,connect,[],3,-114,"[{'name': 'sockfd', 'type': 'int', 'value': 355}, {'name': 'addr', 'type': 'struct sockaddr*', 'value': ""{'sin_addr': '192.168.19.134','sa_family': 'AF_INET','sin_port': '22'}""}, {'name': 'addrlen', 'type': 'int', 'value': 16}]",1,1
487.132438,7555,7555,7548,1001,4026531840,tsm,ip-10-100-1-217,42,connect,[],3,-114,"[{'name': 'sockfd', 'type': 'int', 'value': 356}, {'name': 'addr', 'type': 'struct sockaddr*', 'value': ""{'sa_family': 'AF_INET','sin_port': '22','sin_addr': '192.168.19.135'}""}, {'name': 'addrlen', 'type': 'int', 'value': 16}]",1,1
487.13246,7555,7555,7548,1001,4026531840,tsm,ip-10-100-1-217,42,connect,[],3,-114,"[{'name': 'sockfd', 'type': 'int', 'value': 357}, {'name': 'addr', 'type': 'struct sockaddr*', 'value': ""{'sin_port': '22','sin_addr': '192.168.19.136','sa_family': 'AF_INET'}""}, {'name': 'addrlen', 'type': 'int', 'value': 16}]",1,1
487.132482,7555,7555,7548,1001,4026531840,tsm,ip-10-100-1-217,42,connect,[],3,-114,"[{'name': 'sockfd', 'type': 'int', 'value': 358}, {'name': 'addr', 'type': 'struct sockaddr*', 'value': ""{'sa_family': 'AF_INET','sin_port': '22','sin_addr': '192.168.19.137'}""}, {'name': 'addrlen', 'type': 'int', 'value': 16}]",1,1
487.132504,7555,7555,7548,1001,4026531840,tsm,ip-10-100-1-217,42,connect,[],3,-114,"[{'name': 'sockfd', 'type': 'int', 'value': 359}, {'name': 'addr', 'type': 'struct sockaddr*', 'value': ""{'sa_family': 'AF_INET','sin_port': '22','sin_addr': '192.168.19.138'}""}, {'name': 'addrlen', 'type': 'int', 'value': 16}]",1,1
487.132526,7555,7555,7548,1001,4026531840,tsm,ip-10-100-1-217,42,connect,[],3,-114,"[{'name': 'sockfd', 'type': 'int', 'value': 360}, {'name': 'addr', 'type': 'struct sockaddr*', 'value': ""{'sa_family': 'AF_INET','sin_port': '22','sin_addr': '192.168.19.139'}""}, {'name': 'addrlen', 'type': 'int', 'value': 16}]",1,1
487.132549,7555,7555,7548,1001,4026531840,tsm,ip-10-100-1-217,42,connect,[],3,-114,"[{'name': 'sockfd', 'type': 'int', 'value': 361}, {'name': 'addr', 'type': 'struct sockaddr*', 'value': ""{'sa_family': 'AF_INET','sin_port': '22','sin_addr': '192.168.19.140'}""}, {'name': 'addrlen', 'type': 'int', 'value': 16}]",1,1
487.13257,7555,7555,7548,1001,4026531840,tsm,ip-10-100-1-217,42,connect,[],3,-114,"[{'name': 'sockfd', 'type': 'int', 'value': 362}, {'name': 'addr', 'type': 'struct sockaddr*', 'value': ""{'sa_family': 'AF_INET','sin_port': '22','sin_addr': '192.168.19.141'}""}, {'name': 'addrlen', 'type': 'int', 'value': 16}]",1,1
487.132592,7555,7555,7548,1001,4026531840,tsm,ip-10-100-1-217,42,connect,[],3,-114,"[{'name': 'sockfd', 'type': 'int', 'value': 363}, {'name': 'addr', 'type': 'struct sockaddr*', 'value': ""{'sa_family': 'AF_INET','sin_port': '22','sin_addr': '192.168.19.142'}""}, {'name': 'addrlen', 'type': 'int', 'value': 16}]",1,1
487.132614,7555,7555,7548,1001,4026531840,tsm,ip-10-100-1-217,42,connect,[],3,-114,"[{'name': 'sockfd', 'type': 'int', 'value': 364}, {'name': 'addr', 'type': 'struct sockaddr*', 'value': ""{'sin_addr': '192.168.19.143','sa_family': 'AF_INET','sin_port': '22'}""}, {'name': 'addrlen', 'type': 'int', 'value': 16}]",1,1
487.132636,7555,7555,7548,1001,4026531840,tsm,ip-10-100-1-217,42,connect,[],3,-114,"[{'name': 'sockfd', 'type': 'int', 'value': 365}, {'name': 'addr', 'type': 'struct sockaddr*', 'value': ""{'sin_port': '22','sin_addr': '192.168.19.144','sa_family': 'AF_INET'}""}, {'name': 'addrlen', 'type': 'int', 'value': 16}]",1,1
487.132658,7555,7555,7548,1001,4026531840,tsm,ip-10-100-1-217,42,connect,[],3,-114,"[{'name': 'sockfd', 'type': 'int', 'value': 366}, {'name': 'addr', 'type': 'struct sockaddr*', 'value': ""{'sin_addr': '192.168.19.145','sa_family': 'AF_INET','sin_port': '22'}""}, {'name': 'addrlen', 'type': 'int', 'value': 16}]",1,1
487.13268,7555,7555,7548,1001,4026531840,tsm,ip-10-100-1-217,42,connect,[],3,-114,"[{'name': 'sockfd', 'type': 'int', 'value': 367}, {'name': 'addr', 'type': 'struct sockaddr*', 'value': ""{'sa_family': 'AF_INET','sin_port': '22','sin_addr': '192.168.19.146'}""}, {'name': 'addrlen', 'type': 'int', 'value': 16}]",1,1
487.132702,7555,7555,7548,1001,4026531840,tsm,ip-10-100-1-217,42,connect,[],3,-114,"[{'name': 'sockfd', 'type': 'int', 'value': 368}, {'name': 'addr', 'type': 'struct sockaddr*', 'value': ""{'sa_family': 'AF_INET','sin_port': '22','sin_addr': '192.168.19.147'}""}, {'name': 'addrlen', 'type': 'int', 'value': 16}]",1,1
487.132724,7555,7555,7548,1001,4026531840,tsm,ip-10-100-1-217,42,connect,[],3,-114,"[{'name': 'sockfd', 'type': 'int', 'value': 369}, {'name': 'addr', 'type': 'struct sockaddr*', 'value': ""{'sa_family': 'AF_INET','sin_port': '22','sin_addr': '192.168.19.148'}""}, {'name': 'addrlen', 'type': 'int', 'value': 16}]",1,1
487.132746,7555,7555,7548,1001,4026531840,tsm,ip-10-100-1-217,42,connect,[],3,-114,"[{'name': 'sockfd', 'type': 'int', 'value': 370}, {'name': 'addr', 'type': 'struct sockaddr*', 'value': ""{'sin_addr': '192.168.19.149','sa_family': 'AF_INET','sin_port': '22'}""}, {'name': 'addrlen', 'type': 'int', 'value': 16}]",1,1
487.132768,7555,7555,7548,1001,4026531840,tsm,ip-10-100-1-217,42,connect,[],3,-114,"[{'name': 'sockfd', 'type': 'int', 'value': 371}, {'name': 'addr', 'type': 'struct sockaddr*', 'value': ""{'sa_family': 'AF_INET','sin_port': '22','sin_addr': '192.168.19.150'}""}, {'name': 'addrlen', 'type': 'int', 'value': 16}]",1,1
487.13279,7555,7555,7548,1001,4026531840,tsm,ip-10-100-1-217,42,connect,[],3,-114,"[{'name': 'sockfd', 'type': 'int', 'value': 372}, {'name': 'addr', 'type': 'struct sockaddr*', 'value': ""{'sin_addr': '192.168.19.151','sa_family': 'AF_INET','sin_port': '22'}""}, {'name': 'addrlen', 'type': 'int', 'value': 16}]",1,1
487.132812,7555,7555,7548,1001,4026531840,tsm,ip-10-100-1-217,42,connect,[],3,-114,"[{'name': 'sockfd', 'type': 'int', 'value': 373}, {'name': 'addr', 'type': 'struct sockaddr*', 'value': ""{'sa_family': 'AF_INET','sin_port': '22','sin_addr': '192.168.19.152'}""}, {'name': 'addrlen', 'type': 'int', 'value': 16}]",1,1
487.132834,7555,7555,7548,1001,4026531840,tsm,ip-10-100-1-217,42,connect,[],3,-114,"[{'name': 'sockfd', 'type': 'int', 'value': 374}, {'name': 'addr', 'type': 'struct sockaddr*', 'value': ""{'sa_family': 'AF_INET','sin_port': '22','sin_addr': '192.168.19.153'}""}, {'name': 'addrlen', 'type': 'int', 'value': 16}]",1,1
487.132856,7555,7555,7548,1001,4026531840,tsm,ip-10-100-1-217,42,connect,[],3,-114,"[{'name': 'sockfd', 'type': 'int', 'value': 375}, {'name': 'addr', 'type': 'struct sockaddr*', 'value': ""{'sin_addr': '192.168.19.154','sa_family': 'AF_INET','sin_port': '22'}""}, {'name': 'addrlen', 'type': 'int', 'value': 16}]",1,1
487.132878,7555,7555,7548,1001,4026531840,tsm,ip-10-100-1-217,42,connect,[],3,-114,"[{'name': 'sockfd', 'type': 'int', 'value': 376}, {'name': 'addr', 'type': 'struct sockaddr*', 'value': ""{'sin_addr': '192.168.19.155','sa_family': 'AF_INET','sin_port': '22'}""}, {'name': 'addrlen', 'type': 'int', 'value': 16}]",1,1
487.1329,7555,7555,7548,1001,4026531840,tsm,ip-10-100-1-217,42,connect,[],3,-114,"[{'name': 'sockfd', 'type': 'int', 'value': 377}, {'name': 'addr', 'type': 'struct sockaddr*', 'value': ""{'sa_family': 'AF_INET','sin_port': '22','sin_addr': '192.168.19.156'}""}, {'name': 'addrlen', 'type': 'int', 'value': 16}]",1,1
487.132922,7555,7555,7548,1001,4026531840,tsm,ip-10-100-1-217,42,connect,[],3,-114,"[{'name': 'sockfd', 'type': 'int', 'value': 378}, {'name': 'addr', 'type': 'struct sockaddr*', 'value': ""{'sa_family': 'AF_INET','sin_port': '22','sin_addr': '192.168.19.157'}""}, {'name': 'addrlen', 'type': 'int', 'value': 16}]",1,1
487.132944,7555,7555,7548,1001,4026531840,tsm,ip-10-100-1-217,42,connect,[],3,-114,"[{'name': 'sockfd', 'type': 'int', 'value': 379}, {'name': 'addr', 'type': 'struct sockaddr*', 'value': ""{'sa_family': 'AF_INET','sin_port': '22','sin_addr': '192.168.19.158'}""}, {'name': 'addrlen', 'type': 'int', 'value': 16}]",1,1
487.132966,7555,7555,7548,1001,4026531840,tsm,ip-10-100-1-217,42,connect,[],3,-114,"[{'name': 'sockfd', 'type': 'int', 'value': 380}, {'name': 'addr', 'type': 'struct sockaddr*', 'value': ""{'sa_family': 'AF_INET','sin_port': '22','sin_addr': '192.168.19.159'}""}, {'name': 'addrlen', 'type': 'int', 'value': 16}]",1,1
487.132988,7555,7555,7548,1001,4026531840,tsm,ip-10-100-1-217,42,connect,[],3,-114,"[{'name': 'sockfd', 'type': 'int', 'value': 381}, {'name': 'addr', 'type': 'struct sockaddr*', 'value': ""{'sa_family': 'AF_INET','sin_port': '22','sin_addr': '192.168.19.160'}""}, {'name': 'addrlen', 'type': 'int', 'value': 16}]",1,1
487.13301,7555,7555,7548,1001,4026531840,tsm,ip-10-100-1-217,42,connect,[],3,-114,"[{'name': 'sockfd', 'type': 'int', 'value': 382}, {'name': 'addr', 'type': 'struct sockaddr*', 'value': ""{'sa_family': 'AF_INET','sin_port': '22','sin_addr': '192.168.19.161'}""}, {'name': 'addrlen', 'type': 'int', 'value': 16}]",1,1
487.133032,7555,7555,7548,1001,4026531840,tsm,ip-10-100-1-217,42,connect,[],3,-114,"[{'name': 'sockfd', 'type': 'int', 'value': 383}, {'name': 'addr', 'type': 'struct sockaddr*', 'value': ""{'sa_family': 'AF_INET','sin_port': '22','sin_addr': '192.168.19.162'}""}, {'name': 'addrlen', 'type': 'int', 'value': 16}]",1,1
487.133054,7555,7555,7548,1001,4026531840,tsm,ip-10-100-1-217,42,connect,[],3,-114,"[{'name': 'sockfd', 'type': 'int', 'value': 384}, {'name': 'addr', 'type': 'struct sockaddr*', 'value': ""{'sa_family': 'AF_INET','sin_port': '22','sin_addr': '192.168.19.163'}""}, {'name': 'addrlen', 'type': 'int', 'value': 16}]",1,1
487.133076,7555,7555,7548,1001,4026531840,tsm,ip-10-100-1-217,42,connect,[],3,-114,"[{'name': 'sockfd', 'type': 'int', 'value': 385}, {'name': 'addr', 'type': 'struct sockaddr*', 'value': ""{'sa_family': 'AF_INET','sin_port': '22','sin_addr': '192.168.19.164'}""}, {'name': 'addrlen', 'type': 'int', 'value': 16}]",1,1
487.133098,7555,7555,7548,1001,4026531840,tsm,ip-10-100-1-217,42,connect,[],3,-114,"[{'name': 'sockfd', 'type': 'int', 'value': 386}, {'name': 'addr', 'type': 'struct sockaddr*', 'value': ""{'sin_addr': '192.168.19.165','sa_family': 'AF_INET','sin_port': '22'}""}, {'name': 'addrlen', 'type': 'int', 'value': 16}]",1,1
487.13312,7555,7555,7548,1001,4026531840,tsm,ip-10-100-1-217,42,connect,[],3,-114,"[{'name': 'sockfd', 'type': 'int', 'value': 387}, {'name': 'addr', 'type': 'struct sockaddr*', 'value': ""{'sa_family': 'AF_INET','sin_port': '22','sin_addr': '192.168.19.166'}""}, {'name': 'addrlen', 'type': 'int', 'value': 16}]",1,1
487.133142,7555,7555,7548,1001,4026531840,tsm,ip-10-100-1-217,42,connect,[],3,-114,"[{'name': 'sockfd', 'type': 'int', 'value': 388}, {'name': 'addr', 'type': 'struct sockaddr*', 'value': ""{'sin_addr': '192.168.19.167','sa_family': 'AF_INET','sin_port': '22'}""}, {'name': 'addrlen', 'type': 'int', 'value': 16}]",1,1
487.133164,7555,7555,7548,1001,4026531840,tsm,ip-10-100-1-217,42,connect,[],3,-114,"[{'name': 'sockfd', 'type': 'int', 'value': 389}, {'name': 'addr', 'type': 'struct sockaddr*', 'value': ""{'sa_family': 'AF_INET','sin_port': '22','sin_addr': '192.168.19.168'}""}, {'name': 'addrlen', 'type': 'int', 'value': 16}]",1,1
487.133186,7555,7555,7548,1001,4026531840,tsm,ip-10-100-1-217,42,connect,[],3,-114,"[{'name': 'sockfd', 'type': 'int', 'value': 390}, {'name': 'addr', 'type': 'struct sockaddr*', 'value': ""{'sa_family': 'AF_INET','sin_port': '22','sin_addr': '192.168.19.169'}""}, {'name': 'addrlen', 'type': 'int', 'value': 16}]",1,1
487.133208,7555,7555,7548,1001,4026531840,tsm,ip-10-100-1-217,42,connect,[],3,-114,"[{'name': 'sockfd', 'type': 'int', 'value': 391}, {'name': 'addr', 'type': 'struct sockaddr*', 'value': ""{'sa_family': 'AF_INET','sin_port': '22','sin_addr': '192.168.19.170'}""}, {'name': 'addrlen', 'type': 'int', 'value': 16}]",1,1
487.13323,7555,7555,7548,1001,4026531840,tsm,ip-10-100-1-217,42,connect,[],3,-114,"[{'name': 'sockfd', 'type': 'int', 'value': 392}, {'name': 'addr', 'type': 'struct sockaddr*', 'value': ""{'sa_family': 'AF_INET','sin_port': '22','sin_addr': '192.168.19.171'}""}, {'name': 'addrlen', 'type': 'int', 'value': 16}]",1,1
487.133252,7555,7555,7548,1001,4026531840,tsm,ip-10-100-1-217,42,connect,[],3,-114,"[{'name': 'sockfd', 'type': 'int', 'value': 393}, {'name': 'addr', 'type': 'struct sockaddr*', 'value': ""{'sa_family': 'AF_INET','sin_port': '22','sin_addr': '192.168.19.172'}""}, {'name': 'addrlen', 'type': 'int', 'value': 16}]",1,1
487.133274,7555,7555,7548,1001,4026531840,tsm,ip-10-100-1-217,42,connect,[],3,-114,"[{'name': 'sockfd', 'type': 'int', 'value': 394}, {'name': 'addr', 'type': 'struct sockaddr*', 'value': ""{'sa_family': 'AF_INET','sin_port': '22','sin_addr': '192.168.19.173'}""}, {'name': 'addrlen', 'type': 'int', 'value': 16}]",1,1
487.133297,7555,7555,7548,1001,4026531840,tsm,ip-10-100-1-217,42,connect,[],3,-114,"[{'name': 'sockfd', 'type': 'int', 'value': 395}, {'name': 'addr', 'type': 'struct sockaddr*', 'value': ""{'sin_port': '22','sin_addr': '192.168.19.174','sa_family': 'AF_INET'}""}, {'name': 'addrlen', 'type': 'int', 'value': 16}]",1,1
487.133319,7555,7555,7548,1001,4026531840,tsm,ip-10-100-1-217,42,connect,[],3,-114,"[{'name': 'sockfd', 'type': 'int', 'value': 396}, {'name': 'addr', 'type': 'struct sockaddr*', 'value': ""{'sa_family': 'AF_INET','sin_port': '22','sin_addr': '192.168.19.175'}""}, {'name': 'addrlen', 'type': 'int', 'value': 16}]",1,1
487.133341,7555,7555,7548,1001,4026531840,tsm,ip-10-100-1-217,42,connect,[],3,-114,"[{'name': 'sockfd', 'type': 'int', 'value': 397}, {'name': 'addr', 'type': 'struct sockaddr*', 'value': ""{'sa_family': 'AF_INET','sin_port': '22','sin_addr': '192.168.19.176'}""}, {'name': 'addrlen', 'type': 'int', 'value': 16}]",1,1
487.133363,7555,7555,7548,1001,4026531840,tsm,ip-10-100-1-217,42,connect,[],3,-114,"[{'name': 'sockfd', 'type': 'int', 'value': 398}, {'name': 'addr', 'type': 'struct sockaddr*', 'value': ""{'sa_family': 'AF_INET','sin_port': '22','sin_addr': '192.168.19.177'}""}, {'name': 'addrlen', 'type': 'int', 'value': 16}]",1,1
487.133387,7555,7555,7548,1001,4026531840,tsm,ip-10-100-1-217,42,connect,[],3,-114,"[{'name': 'sockfd', 'type': 'int', 'value': 399}, {'name': 'addr', 'type': 'struct sockaddr*', 'value': ""{'sa_family': 'AF_INET','sin_port': '22','sin_addr': '192.168.19.178'}""}, {'name': 'addrlen', 'type': 'int', 'value': 16}]",1,1
487.133409,7555,7555,7548,1001,4026531840,tsm,ip-10-100-1-217,42,connect,[],3,-114,"[{'name': 'sockfd', 'type': 'int', 'value': 400}, {'name': 'addr', 'type': 'struct sockaddr*', 'value': ""{'sa_family': 'AF_INET','sin_port': '22','sin_addr': '192.168.19.179'}""}, {'name': 'addrlen', 'type': 'int', 'value': 16}]",1,1
487.133432,7555,7555,7548,1001,4026531840,tsm,ip-10-100-1-217,42,connect,[],3,-114,"[{'name': 'sockfd', 'type': 'int', 'value': 401}, {'name': 'addr', 'type': 'struct sockaddr*', 'value': ""{'sin_port': '22','sin_addr': '192.168.19.180','sa_family': 'AF_INET'}""}, {'name': 'addrlen', 'type': 'int', 'value': 16}]",1,1
487.133453,7555,7555,7548,1001,4026531840,tsm,ip-10-100-1-217,42,connect,[],3,-114,"[{'name': 'sockfd', 'type': 'int', 'value': 402}, {'name': 'addr', 'type': 'struct sockaddr*', 'value': ""{'sa_family': 'AF_INET','sin_port': '22','sin_addr': '192.168.19.181'}""}, {'name': 'addrlen', 'type': 'int', 'value': 16}]",1,1
487.133476,7555,7555,7548,1001,4026531840,tsm,ip-10-100-1-217,42,connect,[],3,-114,"[{'name': 'sockfd', 'type': 'int', 'value': 403}, {'name': 'addr', 'type': 'struct sockaddr*', 'value': ""{'sin_port': '22','sin_addr': '192.168.19.182','sa_family': 'AF_INET'}""}, {'name': 'addrlen', 'type': 'int', 'value': 16}]",1,1
487.133497,7555,7555,7548,1001,4026531840,tsm,ip-10-100-1-217,42,connect,[],3,-114,"[{'name': 'sockfd', 'type': 'int', 'value': 404}, {'name': 'addr', 'type': 'struct sockaddr*', 'value': ""{'sin_port': '22','sin_addr': '192.168.19.183','sa_family': 'AF_INET'}""}, {'name': 'addrlen', 'type': 'int', 'value': 16}]",1,1
487.133519,7555,7555,7548,1001,4026531840,tsm,ip-10-100-1-217,42,connect,[],3,-114,"[{'name': 'sockfd', 'type': 'int', 'value': 405}, {'name': 'addr', 'type': 'struct sockaddr*', 'value': ""{'sa_family': 'AF_INET','sin_port': '22','sin_addr': '192.168.19.184'}""}, {'name': 'addrlen', 'type': 'int', 'value': 16}]",1,1
487.133541,7555,7555,7548,1001,4026531840,tsm,ip-10-100-1-217,42,connect,[],3,-114,"[{'name': 'sockfd', 'type': 'int', 'value': 406}, {'name': 'addr', 'type': 'struct sockaddr*', 'value': ""{'sa_family': 'AF_INET','sin_port': '22','sin_addr': '192.168.19.185'}""}, {'name': 'addrlen', 'type': 'int', 'value': 16}]",1,1
487.133563,7555,7555,7548,1001,4026531840,tsm,ip-10-100-1-217,42,connect,[],3,-114,"[{'name': 'sockfd', 'type': 'int', 'value': 407}, {'name': 'addr', 'type': 'struct sockaddr*', 'value': ""{'sa_family': 'AF_INET','sin_port': '22','sin_addr': '192.168.19.186'}""}, {'name': 'addrlen', 'type': 'int', 'value': 16}]",1,1
487.133585,7555,7555,7548,1001,4026531840,tsm,ip-10-100-1-217,42,connect,[],3,-114,"[{'name': 'sockfd', 'type': 'int', 'value': 408}, {'name': 'addr', 'type': 'struct sockaddr*', 'value': ""{'sin_port': '22','sin_addr': '192.168.19.187','sa_family': 'AF_INET'}""}, {'name': 'addrlen', 'type': 'int', 'value': 16}]",1,1
487.133607,7555,7555,7548,1001,4026531840,tsm,ip-10-100-1-217,42,connect,[],3,-114,"[{'name': 'sockfd', 'type': 'int', 'value': 409}, {'name': 'addr', 'type': 'struct sockaddr*', 'value': ""{'sa_family': 'AF_INET','sin_port': '22','sin_addr': '192.168.19.188'}""}, {'name': 'addrlen', 'type': 'int', 'value': 16}]",1,1
487.133629,7555,7555,7548,1001,4026531840,tsm,ip-10-100-1-217,42,connect,[],3,-114,"[{'name': 'sockfd', 'type': 'int', 'value': 410}, {'name': 'addr', 'type': 'struct sockaddr*', 'value': ""{'sa_family': 'AF_INET','sin_port': '22','sin_addr': '192.168.19.189'}""}, {'name': 'addrlen', 'type': 'int', 'value': 16}]",1,1
487.133651,7555,7555,7548,1001,4026531840,tsm,ip-10-100-1-217,42,connect,[],3,-114,"[{'name': 'sockfd', 'type': 'int', 'value': 411}, {'name': 'addr', 'type': 'struct sockaddr*', 'value': ""{'sa_family': 'AF_INET','sin_port': '22','sin_addr': '192.168.19.190'}""}, {'name': 'addrlen', 'type': 'int', 'value': 16}]",1,1
487.133673,7555,7555,7548,1001,4026531840,tsm,ip-10-100-1-217,42,connect,[],3,-114,"[{'name': 'sockfd', 'type': 'int', 'value': 412}, {'name': 'addr', 'type': 'struct sockaddr*', 'value': ""{'sa_family': 'AF_INET','sin_port': '22','sin_addr': '192.168.19.191'}""}, {'name': 'addrlen', 'type': 'int', 'value': 16}]",1,1
487.133695,7555,7555,7548,1001,4026531840,tsm,ip-10-100-1-217,42,connect,[],3,-114,"[{'name': 'sockfd', 'type': 'int', 'value': 413}, {'name': 'addr', 'type': 'struct sockaddr*', 'value': ""{'sa_family': 'AF_INET','sin_port': '22','sin_addr': '192.168.19.192'}""}, {'name': 'addrlen', 'type': 'int', 'value': 16}]",1,1
487.133717,7555,7555,7548,1001,4026531840,tsm,ip-10-100-1-217,42,connect,[],3,-114,"[{'name': 'sockfd', 'type': 'int', 'value': 414}, {'name': 'addr', 'type': 'struct sockaddr*', 'value': ""{'sa_family': 'AF_INET','sin_port': '22','sin_addr': '192.168.19.193'}""}, {'name': 'addrlen', 'type': 'int', 'value': 16}]",1,1
487.133739,7555,7555,7548,1001,4026531840,tsm,ip-10-100-1-217,42,connect,[],3,-114,"[{'name': 'sockfd', 'type': 'int', 'value': 415}, {'name': 'addr', 'type': 'struct sockaddr*', 'value': ""{'sa_family': 'AF_INET','sin_port': '22','sin_addr': '192.168.19.194'}""}, {'name': 'addrlen', 'type': 'int', 'value': 16}]",1,1
487.133761,7555,7555,7548,1001,4026531840,tsm,ip-10-100-1-217,42,connect,[],3,-114,"[{'name': 'sockfd', 'type': 'int', 'value': 416}, {'name': 'addr', 'type': 'struct sockaddr*', 'value': ""{'sin_port': '22','sin_addr': '192.168.19.195','sa_family': 'AF_INET'}""}, {'name': 'addrlen', 'type': 'int', 'value': 16}]",1,1
487.133783,7555,7555,7548,1001,4026531840,tsm,ip-10-100-1-217,42,connect,[],3,-114,"[{'name': 'sockfd', 'type': 'int', 'value': 417}, {'name': 'addr', 'type': 'struct sockaddr*', 'value': ""{'sa_family': 'AF_INET','sin_port': '22','sin_addr': '192.168.19.196'}""}, {'name': 'addrlen', 'type': 'int', 'value': 16}]",1,1
487.133806,7555,7555,7548,1001,4026531840,tsm,ip-10-100-1-217,42,connect,[],3,-114,"[{'name': 'sockfd', 'type': 'int', 'value': 418}, {'name': 'addr', 'type': 'struct sockaddr*', 'value': ""{'sa_family': 'AF_INET','sin_port': '22','sin_addr': '192.168.19.197'}""}, {'name': 'addrlen', 'type': 'int', 'value': 16}]",1,1
487.133828,7555,7555,7548,1001,4026531840,tsm,ip-10-100-1-217,42,connect,[],3,-114,"[{'name': 'sockfd', 'type': 'int', 'value': 419}, {'name': 'addr', 'type': 'struct sockaddr*', 'value': ""{'sa_family': 'AF_INET','sin_port': '22','sin_addr': '192.168.19.198'}""}, {'name': 'addrlen', 'type': 'int', 'value': 16}]",1,1
487.13385,7555,7555,7548,1001,4026531840,tsm,ip-10-100-1-217,42,connect,[],3,-114,"[{'name': 'sockfd', 'type': 'int', 'value': 420}, {'name': 'addr', 'type': 'struct sockaddr*', 'value': ""{'sa_family': 'AF_INET','sin_port': '22','sin_addr': '192.168.19.199'}""}, {'name': 'addrlen', 'type': 'int', 'value': 16}]",1,1
487.133871,7555,7555,7548,1001,4026531840,tsm,ip-10-100-1-217,42,connect,[],3,-114,"[{'name': 'sockfd', 'type': 'int', 'value': 421}, {'name': 'addr', 'type': 'struct sockaddr*', 'value': ""{'sin_addr': '192.168.19.200','sa_family': 'AF_INET','sin_port': '22'}""}, {'name': 'addrlen', 'type': 'int', 'value': 16}]",1,1
487.133893,7555,7555,7548,1001,4026531840,tsm,ip-10-100-1-217,42,connect,[],3,-114,"[{'name': 'sockfd', 'type': 'int', 'value': 422}, {'name': 'addr', 'type': 'struct sockaddr*', 'value': ""{'sa_family': 'AF_INET','sin_port': '22','sin_addr': '192.168.19.201'}""}, {'name': 'addrlen', 'type': 'int', 'value': 16}]",1,1
487.133915,7555,7555,7548,1001,4026531840,tsm,ip-10-100-1-217,42,connect,[],3,-114,"[{'name': 'sockfd', 'type': 'int', 'value': 423}, {'name': 'addr', 'type': 'struct sockaddr*', 'value': ""{'sa_family': 'AF_INET','sin_port': '22','sin_addr': '192.168.19.202'}""}, {'name': 'addrlen', 'type': 'int', 'value': 16}]",1,1
487.133937,7555,7555,7548,1001,4026531840,tsm,ip-10-100-1-217,42,connect,[],3,-114,"[{'name': 'sockfd', 'type': 'int', 'value': 424}, {'name': 'addr', 'type': 'struct sockaddr*', 'value': ""{'sa_family': 'AF_INET','sin_port': '22','sin_addr': '192.168.19.203'}""}, {'name': 'addrlen', 'type': 'int', 'value': 16}]",1,1
487.133959,7555,7555,7548,1001,4026531840,tsm,ip-10-100-1-217,42,connect,[],3,-114,"[{'name': 'sockfd', 'type': 'int', 'value': 425}, {'name': 'addr', 'type': 'struct sockaddr*', 'value': ""{'sa_family': 'AF_INET','sin_port': '22','sin_addr': '192.168.19.204'}""}, {'name': 'addrlen', 'type': 'int', 'value': 16}]",1,1
487.133981,7555,7555,7548,1001,4026531840,tsm,ip-10-100-1-217,42,connect,[],3,-114,"[{'name': 'sockfd', 'type': 'int', 'value': 426}, {'name': 'addr', 'type': 'struct sockaddr*', 'value': ""{'sa_family': 'AF_INET','sin_port': '22','sin_addr': '192.168.19.205'}""}, {'name': 'addrlen', 'type': 'int', 'value': 16}]",1,1
487.134003,7555,7555,7548,1001,4026531840,tsm,ip-10-100-1-217,42,connect,[],3,-114,"[{'name': 'sockfd', 'type': 'int', 'value': 427}, {'name': 'addr', 'type': 'struct sockaddr*', 'value': ""{'sa_family': 'AF_INET','sin_port': '22','sin_addr': '192.168.19.206'}""}, {'name': 'addrlen', 'type': 'int', 'value': 16}]",1,1
487.134025,7555,7555,7548,1001,4026531840,tsm,ip-10-100-1-217,42,connect,[],3,-114,"[{'name': 'sockfd', 'type': 'int', 'value': 428}, {'name': 'addr', 'type': 'struct sockaddr*', 'value': ""{'sin_port': '22','sin_addr': '192.168.19.207','sa_family': 'AF_INET'}""}, {'name': 'addrlen', 'type': 'int', 'value': 16}]",1,1
487.134047,7555,7555,7548,1001,4026531840,tsm,ip-10-100-1-217,42,connect,[],3,-114,"[{'name': 'sockfd', 'type': 'int', 'value': 429}, {'name': 'addr', 'type': 'struct sockaddr*', 'value': ""{'sa_family': 'AF_INET','sin_port': '22','sin_addr': '192.168.19.208'}""}, {'name': 'addrlen', 'type': 'int', 'value': 16}]",1,1
487.134069,7555,7555,7548,1001,4026531840,tsm,ip-10-100-1-217,42,connect,[],3,-114,"[{'name': 'sockfd', 'type': 'int', 'value': 430}, {'name': 'addr', 'type': 'struct sockaddr*', 'value': ""{'sa_family': 'AF_INET','sin_port': '22','sin_addr': '192.168.19.209'}""}, {'name': 'addrlen', 'type': 'int', 'value': 16}]",1,1
487.134091,7555,7555,7548,1001,4026531840,tsm,ip-10-100-1-217,42,connect,[],3,-114,"[{'name': 'sockfd', 'type': 'int', 'value': 431}, {'name': 'addr', 'type': 'struct sockaddr*', 'value': ""{'sin_addr': '192.168.19.210','sa_family': 'AF_INET','sin_port': '22'}""}, {'name': 'addrlen', 'type': 'int', 'value': 16}]",1,1
487.134113,7555,7555,7548,1001,4026531840,tsm,ip-10-100-1-217,42,connect,[],3,-114,"[{'name': 'sockfd', 'type': 'int', 'value': 432}, {'name': 'addr', 'type': 'struct sockaddr*', 'value': ""{'sa_family': 'AF_INET','sin_port': '22','sin_addr': '192.168.19.211'}""}, {'name': 'addrlen', 'type': 'int', 'value': 16}]",1,1
487.134135,7555,7555,7548,1001,4026531840,tsm,ip-10-100-1-217,42,connect,[],3,-114,"[{'name': 'sockfd', 'type': 'int', 'value': 433}, {'name': 'addr', 'type': 'struct sockaddr*', 'value': ""{'sa_family': 'AF_INET','sin_port': '22','sin_addr': '192.168.19.212'}""}, {'name': 'addrlen', 'type': 'int', 'value': 16}]",1,1
487.134157,7555,7555,7548,1001,4026531840,tsm,ip-10-100-1-217,42,connect,[],3,-114,"[{'name': 'sockfd', 'type': 'int', 'value': 434}, {'name': 'addr', 'type': 'struct sockaddr*', 'value': ""{'sa_family': 'AF_INET','sin_port': '22','sin_addr': '192.168.19.213'}""}, {'name': 'addrlen', 'type': 'int', 'value': 16}]",1,1
487.134179,7555,7555,7548,1001,4026531840,tsm,ip-10-100-1-217,42,connect,[],3,-114,"[{'name': 'sockfd', 'type': 'int', 'value': 435}, {'name': 'addr', 'type': 'struct sockaddr*', 'value': ""{'sa_family': 'AF_INET','sin_port': '22','sin_addr': '192.168.19.214'}""}, {'name': 'addrlen', 'type': 'int', 'value': 16}]",1,1
487.134201,7555,7555,7548,1001,4026531840,tsm,ip-10-100-1-217,42,connect,[],3,-114,"[{'name': 'sockfd', 'type': 'int', 'value': 436}, {'name': 'addr', 'type': 'struct sockaddr*', 'value': ""{'sa_family': 'AF_INET','sin_port': '22','sin_addr': '192.168.19.215'}""}, {'name': 'addrlen', 'type': 'int', 'value': 16}]",1,1
487.134223,7555,7555,7548,1001,4026531840,tsm,ip-10-100-1-217,42,connect,[],3,-114,"[{'name': 'sockfd', 'type': 'int', 'value': 437}, {'name': 'addr', 'type': 'struct sockaddr*', 'value': ""{'sa_family': 'AF_INET','sin_port': '22','sin_addr': '192.168.19.216'}""}, {'name': 'addrlen', 'type': 'int', 'value': 16}]",1,1
487.134247,7555,7555,7548,1001,4026531840,tsm,ip-10-100-1-217,42,connect,[],3,-114,"[{'name': 'sockfd', 'type': 'int', 'value': 438}, {'name': 'addr', 'type': 'struct sockaddr*', 'value': ""{'sa_family': 'AF_INET','sin_port': '22','sin_addr': '192.168.19.217'}""}, {'name': 'addrlen', 'type': 'int', 'value': 16}]",1,1
487.134269,7555,7555,7548,1001,4026531840,tsm,ip-10-100-1-217,42,connect,[],3,-114,"[{'name': 'sockfd', 'type': 'int', 'value': 439}, {'name': 'addr', 'type': 'struct sockaddr*', 'value': ""{'sa_family': 'AF_INET','sin_port': '22','sin_addr': '192.168.19.218'}""}, {'name': 'addrlen', 'type': 'int', 'value': 16}]",1,1
487.134291,7555,7555,7548,1001,4026531840,tsm,ip-10-100-1-217,42,connect,[],3,-114,"[{'name': 'sockfd', 'type': 'int', 'value': 440}, {'name': 'addr', 'type': 'struct sockaddr*', 'value': ""{'sin_port': '22','sin_addr': '192.168.19.219','sa_family': 'AF_INET'}""}, {'name': 'addrlen', 'type': 'int', 'value': 16}]",1,1
487.134313,7555,7555,7548,1001,4026531840,tsm,ip-10-100-1-217,42,connect,[],3,-114,"[{'name': 'sockfd', 'type': 'int', 'value': 441}, {'name': 'addr', 'type': 'struct sockaddr*', 'value': ""{'sa_family': 'AF_INET','sin_port': '22','sin_addr': '192.168.19.220'}""}, {'name': 'addrlen', 'type': 'int', 'value': 16}]",1,1
487.134335,7555,7555,7548,1001,4026531840,tsm,ip-10-100-1-217,42,connect,[],3,-114,"[{'name': 'sockfd', 'type': 'int', 'value': 442}, {'name': 'addr', 'type': 'struct sockaddr*', 'value': ""{'sin_port': '22','sin_addr': '192.168.19.221','sa_family': 'AF_INET'}""}, {'name': 'addrlen', 'type': 'int', 'value': 16}]",1,1
487.134357,7555,7555,7548,1001,4026531840,tsm,ip-10-100-1-217,42,connect,[],3,-114,"[{'name': 'sockfd', 'type': 'int', 'value': 443}, {'name': 'addr', 'type': 'struct sockaddr*', 'value': ""{'sa_family': 'AF_INET','sin_port': '22','sin_addr': '192.168.19.222'}""}, {'name': 'addrlen', 'type': 'int', 'value': 16}]",1,1
487.134379,7555,7555,7548,1001,4026531840,tsm,ip-10-100-1-217,42,connect,[],3,-114,"[{'name': 'sockfd', 'type': 'int', 'value': 444}, {'name': 'addr', 'type': 'struct sockaddr*', 'value': ""{'sa_family': 'AF_INET','sin_port': '22','sin_addr': '192.168.19.223'}""}, {'name': 'addrlen', 'type': 'int', 'value': 16}]",1,1
487.134401,7555,7555,7548,1001,4026531840,tsm,ip-10-100-1-217,42,connect,[],3,-114,"[{'name': 'sockfd', 'type': 'int', 'value': 445}, {'name': 'addr', 'type': 'struct sockaddr*', 'value': ""{'sa_family': 'AF_INET','sin_port': '22','sin_addr': '192.168.19.224'}""}, {'name': 'addrlen', 'type': 'int', 'value': 16}]",1,1
487.134423,7555,7555,7548,1001,4026531840,tsm,ip-10-100-1-217,42,connect,[],3,-114,"[{'name': 'sockfd', 'type': 'int', 'value': 446}, {'name': 'addr', 'type': 'struct sockaddr*', 'value': ""{'sa_family': 'AF_INET','sin_port': '22','sin_addr': '192.168.19.225'}""}, {'name': 'addrlen', 'type': 'int', 'value': 16}]",1,1
487.134445,7555,7555,7548,1001,4026531840,tsm,ip-10-100-1-217,42,connect,[],3,-114,"[{'name': 'sockfd', 'type': 'int', 'value': 447}, {'name': 'addr', 'type': 'struct sockaddr*', 'value': ""{'sa_family': 'AF_INET','sin_port': '22','sin_addr': '192.168.19.226'}""}, {'name': 'addrlen', 'type': 'int', 'value': 16}]",1,1
487.137227,7555,7555,7548,1001,4026531840,tsm,ip-10-100-1-217,42,connect,[],3,-114,"[{'name': 'sockfd', 'type': 'int', 'value': 448}, {'name': 'addr', 'type': 'struct sockaddr*', 'value': ""{'sin_addr': '192.168.19.227','sa_family': 'AF_INET','sin_port': '22'}""}, {'name': 'addrlen', 'type': 'int', 'value': 16}]",1,1
487.137255,7555,7555,7548,1001,4026531840,tsm,ip-10-100-1-217,42,connect,[],3,-114,"[{'name': 'sockfd', 'type': 'int', 'value': 449}, {'name': 'addr', 'type': 'struct sockaddr*', 'value': ""{'sa_family': 'AF_INET','sin_port': '22','sin_addr': '192.168.19.228'}""}, {'name': 'addrlen', 'type': 'int', 'value': 16}]",1,1
487.137278,7555,7555,7548,1001,4026531840,tsm,ip-10-100-1-217,42,connect,[],3,-114,"[{'name': 'sockfd', 'type': 'int', 'value': 450}, {'name': 'addr', 'type': 'struct sockaddr*', 'value': ""{'sin_port': '22','sin_addr': '192.168.19.229','sa_family': 'AF_INET'}""}, {'name': 'addrlen', 'type': 'int', 'value': 16}]",1,1
487.1373,7555,7555,7548,1001,4026531840,tsm,ip-10-100-1-217,42,connect,[],3,-114,"[{'name': 'sockfd', 'type': 'int', 'value': 451}, {'name': 'addr', 'type': 'struct sockaddr*', 'value': ""{'sin_addr': '192.168.19.230','sa_family': 'AF_INET','sin_port': '22'}""}, {'name': 'addrlen', 'type': 'int', 'value': 16}]",1,1
487.137322,7555,7555,7548,1001,4026531840,tsm,ip-10-100-1-217,42,connect,[],3,-114,"[{'name': 'sockfd', 'type': 'int', 'value': 452}, {'name': 'addr', 'type': 'struct sockaddr*', 'value': ""{'sa_family': 'AF_INET','sin_port': '22','sin_addr': '192.168.19.231'}""}, {'name': 'addrlen', 'type': 'int', 'value': 16}]",1,1
487.137344,7555,7555,7548,1001,4026531840,tsm,ip-10-100-1-217,42,connect,[],3,-114,"[{'name': 'sockfd', 'type': 'int', 'value': 453}, {'name': 'addr', 'type': 'struct sockaddr*', 'value': ""{'sin_port': '22','sin_addr': '192.168.19.232','sa_family': 'AF_INET'}""}, {'name': 'addrlen', 'type': 'int', 'value': 16}]",1,1
487.137365,7555,7555,7548,1001,4026531840,tsm,ip-10-100-1-217,42,connect,[],3,-114,"[{'name': 'sockfd', 'type': 'int', 'value': 454}, {'name': 'addr', 'type': 'struct sockaddr*', 'value': ""{'sa_family': 'AF_INET','sin_port': '22','sin_addr': '192.168.19.233'}""}, {'name': 'addrlen', 'type': 'int', 'value': 16}]",1,1
487.137409,7555,7555,7548,1001,4026531840,tsm,ip-10-100-1-217,42,connect,[],3,-114,"[{'name': 'sockfd', 'type': 'int', 'value': 455}, {'name': 'addr', 'type': 'struct sockaddr*', 'value': ""{'sin_addr': '192.168.19.234','sa_family': 'AF_INET','sin_port': '22'}""}, {'name': 'addrlen', 'type': 'int', 'value': 16}]",1,1
487.137438,7555,7555,7548,1001,4026531840,tsm,ip-10-100-1-217,42,connect,[],3,-114,"[{'name': 'sockfd', 'type': 'int', 'value': 456}, {'name': 'addr', 'type': 'struct sockaddr*', 'value': ""{'sa_family': 'AF_INET','sin_port': '22','sin_addr': '192.168.19.235'}""}, {'name': 'addrlen', 'type': 'int', 'value': 16}]",1,1
487.13746,7555,7555,7548,1001,4026531840,tsm,ip-10-100-1-217,42,connect,[],3,-114,"[{'name': 'sockfd', 'type': 'int', 'value': 457}, {'name': 'addr', 'type': 'struct sockaddr*', 'value': ""{'sa_family': 'AF_INET','sin_port': '22','sin_addr': '192.168.19.236'}""}, {'name': 'addrlen', 'type': 'int', 'value': 16}]",1,1
487.137486,7555,7555,7548,1001,4026531840,tsm,ip-10-100-1-217,42,connect,[],3,-114,"[{'name': 'sockfd', 'type': 'int', 'value': 458}, {'name': 'addr', 'type': 'struct sockaddr*', 'value': ""{'sa_family': 'AF_INET','sin_port': '22','sin_addr': '192.168.19.237'}""}, {'name': 'addrlen', 'type': 'int', 'value': 16}]",1,1
487.137508,7555,7555,7548,1001,4026531840,tsm,ip-10-100-1-217,42,connect,[],3,-114,"[{'name': 'sockfd', 'type': 'int', 'value': 459}, {'name': 'addr', 'type': 'struct sockaddr*', 'value': ""{'sin_port': '22','sin_addr': '192.168.19.238','sa_family': 'AF_INET'}""}, {'name': 'addrlen', 'type': 'int', 'value': 16}]",1,1
487.13753,7555,7555,7548,1001,4026531840,tsm,ip-10-100-1-217,42,connect,[],3,-114,"[{'name': 'sockfd', 'type': 'int', 'value': 460}, {'name': 'addr', 'type': 'struct sockaddr*', 'value': ""{'sin_port': '22','sin_addr': '192.168.19.239','sa_family': 'AF_INET'}""}, {'name': 'addrlen', 'type': 'int', 'value': 16}]",1,1
487.137554,7555,7555,7548,1001,4026531840,tsm,ip-10-100-1-217,42,connect,[],3,-114,"[{'name': 'sockfd', 'type': 'int', 'value': 461}, {'name': 'addr', 'type': 'struct sockaddr*', 'value': ""{'sa_family': 'AF_INET','sin_port': '22','sin_addr': '192.168.19.240'}""}, {'name': 'addrlen', 'type': 'int', 'value': 16}]",1,1
487.137577,7555,7555,7548,1001,4026531840,tsm,ip-10-100-1-217,42,connect,[],3,-114,"[{'name': 'sockfd', 'type': 'int', 'value': 462}, {'name': 'addr', 'type': 'struct sockaddr*', 'value': ""{'sin_addr': '192.168.19.241','sa_family': 'AF_INET','sin_port': '22'}""}, {'name': 'addrlen', 'type': 'int', 'value': 16}]",1,1
487.137599,7555,7555,7548,1001,4026531840,tsm,ip-10-100-1-217,42,connect,[],3,-114,"[{'name': 'sockfd', 'type': 'int', 'value': 463}, {'name': 'addr', 'type': 'struct sockaddr*', 'value': ""{'sa_family': 'AF_INET','sin_port': '22','sin_addr': '192.168.19.242'}""}, {'name': 'addrlen', 'type': 'int', 'value': 16}]",1,1
487.137621,7555,7555,7548,1001,4026531840,tsm,ip-10-100-1-217,42,connect,[],3,-114,"[{'name': 'sockfd', 'type': 'int', 'value': 464}, {'name': 'addr', 'type': 'struct sockaddr*', 'value': ""{'sin_port': '22','sin_addr': '192.168.19.243','sa_family': 'AF_INET'}""}, {'name': 'addrlen', 'type': 'int', 'value': 16}]",1,1
487.137643,7555,7555,7548,1001,4026531840,tsm,ip-10-100-1-217,42,connect,[],3,-114,"[{'name': 'sockfd', 'type': 'int', 'value': 465}, {'name': 'addr', 'type': 'struct sockaddr*', 'value': ""{'sa_family': 'AF_INET','sin_port': '22','sin_addr': '192.168.19.244'}""}, {'name': 'addrlen', 'type': 'int', 'value': 16}]",1,1
487.137665,7555,7555,7548,1001,4026531840,tsm,ip-10-100-1-217,42,connect,[],3,-114,"[{'name': 'sockfd', 'type': 'int', 'value': 466}, {'name': 'addr', 'type': 'struct sockaddr*', 'value': ""{'sin_port': '22','sin_addr': '192.168.19.245','sa_family': 'AF_INET'}""}, {'name': 'addrlen', 'type': 'int', 'value': 16}]",1,1
487.137687,7555,7555,7548,1001,4026531840,tsm,ip-10-100-1-217,42,connect,[],3,-114,"[{'name': 'sockfd', 'type': 'int', 'value': 467}, {'name': 'addr', 'type': 'struct sockaddr*', 'value': ""{'sin_port': '22','sin_addr': '192.168.19.246','sa_family': 'AF_INET'}""}, {'name': 'addrlen', 'type': 'int', 'value': 16}]",1,1
487.137709,7555,7555,7548,1001,4026531840,tsm,ip-10-100-1-217,42,connect,[],3,-114,"[{'name': 'sockfd', 'type': 'int', 'value': 468}, {'name': 'addr', 'type': 'struct sockaddr*', 'value': ""{'sa_family': 'AF_INET','sin_port': '22','sin_addr': '192.168.19.247'}""}, {'name': 'addrlen', 'type': 'int', 'value': 16}]",1,1
487.137731,7555,7555,7548,1001,4026531840,tsm,ip-10-100-1-217,42,connect,[],3,-114,"[{'name': 'sockfd', 'type': 'int', 'value': 469}, {'name': 'addr', 'type': 'struct sockaddr*', 'value': ""{'sa_family': 'AF_INET','sin_port': '22','sin_addr': '192.168.19.248'}""}, {'name': 'addrlen', 'type': 'int', 'value': 16}]",1,1
487.137753,7555,7555,7548,1001,4026531840,tsm,ip-10-100-1-217,42,connect,[],3,-114,"[{'name': 'sockfd', 'type': 'int', 'value': 470}, {'name': 'addr', 'type': 'struct sockaddr*', 'value': ""{'sa_family': 'AF_INET','sin_port': '22','sin_addr': '192.168.19.249'}""}, {'name': 'addrlen', 'type': 'int', 'value': 16}]",1,1
487.137775,7555,7555,7548,1001,4026531840,tsm,ip-10-100-1-217,42,connect,[],3,-114,"[{'name': 'sockfd', 'type': 'int', 'value': 471}, {'name': 'addr', 'type': 'struct sockaddr*', 'value': ""{'sa_family': 'AF_INET','sin_port': '22','sin_addr': '192.168.19.250'}""}, {'name': 'addrlen', 'type': 'int', 'value': 16}]",1,1
487.137797,7555,7555,7548,1001,4026531840,tsm,ip-10-100-1-217,42,connect,[],3,-114,"[{'name': 'sockfd', 'type': 'int', 'value': 472}, {'name': 'addr', 'type': 'struct sockaddr*', 'value': ""{'sa_family': 'AF_INET','sin_port': '22','sin_addr': '192.168.19.251'}""}, {'name': 'addrlen', 'type': 'int', 'value': 16}]",1,1
487.137819,7555,7555,7548,1001,4026531840,tsm,ip-10-100-1-217,42,connect,[],3,-114,"[{'name': 'sockfd', 'type': 'int', 'value': 473}, {'name': 'addr', 'type': 'struct sockaddr*', 'value': ""{'sa_family': 'AF_INET','sin_port': '22','sin_addr': '192.168.19.252'}""}, {'name': 'addrlen', 'type': 'int', 'value': 16}]",1,1
487.137841,7555,7555,7548,1001,4026531840,tsm,ip-10-100-1-217,42,connect,[],3,-114,"[{'name': 'sockfd', 'type': 'int', 'value': 474}, {'name': 'addr', 'type': 'struct sockaddr*', 'value': ""{'sa_family': 'AF_INET','sin_port': '22','sin_addr': '192.168.19.253'}""}, {'name': 'addrlen', 'type': 'int', 'value': 16}]",1,1
487.137863,7555,7555,7548,1001,4026531840,tsm,ip-10-100-1-217,42,connect,[],3,-114,"[{'name': 'sockfd', 'type': 'int', 'value': 475}, {'name': 'addr', 'type': 'struct sockaddr*', 'value': ""{'sin_addr': '192.168.19.254','sa_family': 'AF_INET','sin_port': '22'}""}, {'name': 'addrlen', 'type': 'int', 'value': 16}]",1,1
487.137885,7555,7555,7548,1001,4026531840,tsm,ip-10-100-1-217,42,connect,[],3,-114,"[{'name': 'sockfd', 'type': 'int', 'value': 476}, {'name': 'addr', 'type': 'struct sockaddr*', 'value': ""{'sa_family': 'AF_INET','sin_port': '22','sin_addr': '192.168.20.0'}""}, {'name': 'addrlen', 'type': 'int', 'value': 16}]",1,1
487.137907,7555,7555,7548,1001,4026531840,tsm,ip-10-100-1-217,42,connect,[],3,-114,"[{'name': 'sockfd', 'type': 'int', 'value': 477}, {'name': 'addr', 'type': 'struct sockaddr*', 'value': ""{'sa_family': 'AF_INET','sin_port': '22','sin_addr': '192.168.20.1'}""}, {'name': 'addrlen', 'type': 'int', 'value': 16}]",1,1
487.137929,7555,7555,7548,1001,4026531840,tsm,ip-10-100-1-217,42,connect,[],3,-114,"[{'name': 'sockfd', 'type': 'int', 'value': 478}, {'name': 'addr', 'type': 'struct sockaddr*', 'value': ""{'sa_family': 'AF_INET','sin_port': '22','sin_addr': '192.168.20.2'}""}, {'name': 'addrlen', 'type': 'int', 'value': 16}]",1,1
487.137951,7555,7555,7548,1001,4026531840,tsm,ip-10-100-1-217,42,connect,[],3,-114,"[{'name': 'sockfd', 'type': 'int', 'value': 479}, {'name': 'addr', 'type': 'struct sockaddr*', 'value': ""{'sa_family': 'AF_INET','sin_port': '22','sin_addr': '192.168.20.3'}""}, {'name': 'addrlen', 'type': 'int', 'value': 16}]",1,1
487.137973,7555,7555,7548,1001,4026531840,tsm,ip-10-100-1-217,42,connect,[],3,-114,"[{'name': 'sockfd', 'type': 'int', 'value': 480}, {'name': 'addr', 'type': 'struct sockaddr*', 'value': ""{'sa_family': 'AF_INET','sin_port': '22','sin_addr': '192.168.20.4'}""}, {'name': 'addrlen', 'type': 'int', 'value': 16}]",1,1
487.137995,7555,7555,7548,1001,4026531840,tsm,ip-10-100-1-217,42,connect,[],3,-114,"[{'name': 'sockfd', 'type': 'int', 'value': 481}, {'name': 'addr', 'type': 'struct sockaddr*', 'value': ""{'sa_family': 'AF_INET','sin_port': '22','sin_addr': '192.168.20.5'}""}, {'name': 'addrlen', 'type': 'int', 'value': 16}]",1,1
487.138017,7555,7555,7548,1001,4026531840,tsm,ip-10-100-1-217,42,connect,[],3,-114,"[{'name': 'sockfd', 'type': 'int', 'value': 482}, {'name': 'addr', 'type': 'struct sockaddr*', 'value': ""{'sa_family': 'AF_INET','sin_port': '22','sin_addr': '192.168.20.6'}""}, {'name': 'addrlen', 'type': 'int', 'value': 16}]",1,1
487.138039,7555,7555,7548,1001,4026531840,tsm,ip-10-100-1-217,42,connect,[],3,-114,"[{'name': 'sockfd', 'type': 'int', 'value': 483}, {'name': 'addr', 'type': 'struct sockaddr*', 'value': ""{'sin_addr': '192.168.20.7','sa_family': 'AF_INET','sin_port': '22'}""}, {'name': 'addrlen', 'type': 'int', 'value': 16}]",1,1
487.138061,7555,7555,7548,1001,4026531840,tsm,ip-10-100-1-217,42,connect,[],3,-114,"[{'name': 'sockfd', 'type': 'int', 'value': 484}, {'name': 'addr', 'type': 'struct sockaddr*', 'value': ""{'sa_family': 'AF_INET','sin_port': '22','sin_addr': '192.168.20.8'}""}, {'name': 'addrlen', 'type': 'int', 'value': 16}]",1,1
487.138083,7555,7555,7548,1001,4026531840,tsm,ip-10-100-1-217,42,connect,[],3,-114,"[{'name': 'sockfd', 'type': 'int', 'value': 485}, {'name': 'addr', 'type': 'struct sockaddr*', 'value': ""{'sin_port': '22','sin_addr': '192.168.20.9','sa_family': 'AF_INET'}""}, {'name': 'addrlen', 'type': 'int', 'value': 16}]",1,1
487.138105,7555,7555,7548,1001,4026531840,tsm,ip-10-100-1-217,42,connect,[],3,-114,"[{'name': 'sockfd', 'type': 'int', 'value': 486}, {'name': 'addr', 'type': 'struct sockaddr*', 'value': ""{'sin_port': '22','sin_addr': '192.168.20.10','sa_family': 'AF_INET'}""}, {'name': 'addrlen', 'type': 'int', 'value': 16}]",1,1
487.138127,7555,7555,7548,1001,4026531840,tsm,ip-10-100-1-217,42,connect,[],3,-114,"[{'name': 'sockfd', 'type': 'int', 'value': 487}, {'name': 'addr', 'type': 'struct sockaddr*', 'value': ""{'sa_family': 'AF_INET','sin_port': '22','sin_addr': '192.168.20.11'}""}, {'name': 'addrlen', 'type': 'int', 'value': 16}]",1,1
487.138149,7555,7555,7548,1001,4026531840,tsm,ip-10-100-1-217,42,connect,[],3,-114,"[{'name': 'sockfd', 'type': 'int', 'value': 488}, {'name': 'addr', 'type': 'struct sockaddr*', 'value': ""{'sa_family': 'AF_INET','sin_port': '22','sin_addr': '192.168.20.12'}""}, {'name': 'addrlen', 'type': 'int', 'value': 16}]",1,1
487.138172,7555,7555,7548,1001,4026531840,tsm,ip-10-100-1-217,42,connect,[],3,-114,"[{'name': 'sockfd', 'type': 'int', 'value': 489}, {'name': 'addr', 'type': 'struct sockaddr*', 'value': ""{'sin_addr': '192.168.20.13','sa_family': 'AF_INET','sin_port': '22'}""}, {'name': 'addrlen', 'type': 'int', 'value': 16}]",1,1
487.138194,7555,7555,7548,1001,4026531840,tsm,ip-10-100-1-217,42,connect,[],3,-114,"[{'name': 'sockfd', 'type': 'int', 'value': 490}, {'name': 'addr', 'type': 'struct sockaddr*', 'value': ""{'sa_family': 'AF_INET','sin_port': '22','sin_addr': '192.168.20.14'}""}, {'name': 'addrlen', 'type': 'int', 'value': 16}]",1,1
487.138216,7555,7555,7548,1001,4026531840,tsm,ip-10-100-1-217,42,connect,[],3,-114,"[{'name': 'sockfd', 'type': 'int', 'value': 491}, {'name': 'addr', 'type': 'struct sockaddr*', 'value': ""{'sa_family': 'AF_INET','sin_port': '22','sin_addr': '192.168.20.15'}""}, {'name': 'addrlen', 'type': 'int', 'value': 16}]",1,1
487.138238,7555,7555,7548,1001,4026531840,tsm,ip-10-100-1-217,42,connect,[],3,-114,"[{'name': 'sockfd', 'type': 'int', 'value': 492}, {'name': 'addr', 'type': 'struct sockaddr*', 'value': ""{'sa_family': 'AF_INET','sin_port': '22','sin_addr': '192.168.20.16'}""}, {'name': 'addrlen', 'type': 'int', 'value': 16}]",1,1
487.13826,7555,7555,7548,1001,4026531840,tsm,ip-10-100-1-217,42,connect,[],3,-114,"[{'name': 'sockfd', 'type': 'int', 'value': 493}, {'name': 'addr', 'type': 'struct sockaddr*', 'value': ""{'sa_family': 'AF_INET','sin_port': '22','sin_addr': '192.168.20.17'}""}, {'name': 'addrlen', 'type': 'int', 'value': 16}]",1,1
487.138282,7555,7555,7548,1001,4026531840,tsm,ip-10-100-1-217,42,connect,[],3,-114,"[{'name': 'sockfd', 'type': 'int', 'value': 494}, {'name': 'addr', 'type': 'struct sockaddr*', 'value': ""{'sa_family': 'AF_INET','sin_port': '22','sin_addr': '192.168.20.18'}""}, {'name': 'addrlen', 'type': 'int', 'value': 16}]",1,1
487.138306,7555,7555,7548,1001,4026531840,tsm,ip-10-100-1-217,42,connect,[],3,-114,"[{'name': 'sockfd', 'type': 'int', 'value': 495}, {'name': 'addr', 'type': 'struct sockaddr*', 'value': ""{'sin_port': '22','sin_addr': '192.168.20.19','sa_family': 'AF_INET'}""}, {'name': 'addrlen', 'type': 'int', 'value': 16}]",1,1
487.138328,7555,7555,7548,1001,4026531840,tsm,ip-10-100-1-217,42,connect,[],3,-114,"[{'name': 'sockfd', 'type': 'int', 'value': 496}, {'name': 'addr', 'type': 'struct sockaddr*', 'value': ""{'sa_family': 'AF_INET','sin_port': '22','sin_addr': '192.168.20.20'}""}, {'name': 'addrlen', 'type': 'int', 'value': 16}]",1,1
487.13835,7555,7555,7548,1001,4026531840,tsm,ip-10-100-1-217,42,connect,[],3,-114,"[{'name': 'sockfd', 'type': 'int', 'value': 497}, {'name': 'addr', 'type': 'struct sockaddr*', 'value': ""{'sin_port': '22','sin_addr': '192.168.20.21','sa_family': 'AF_INET'}""}, {'name': 'addrlen', 'type': 'int', 'value': 16}]",1,1
487.138372,7555,7555,7548,1001,4026531840,tsm,ip-10-100-1-217,42,connect,[],3,-114,"[{'name': 'sockfd', 'type': 'int', 'value': 498}, {'name': 'addr', 'type': 'struct sockaddr*', 'value': ""{'sa_family': 'AF_INET','sin_port': '22','sin_addr': '192.168.20.22'}""}, {'name': 'addrlen', 'type': 'int', 'value': 16}]",1,1
487.138394,7555,7555,7548,1001,4026531840,tsm,ip-10-100-1-217,42,connect,[],3,-114,"[{'name': 'sockfd', 'type': 'int', 'value': 499}, {'name': 'addr', 'type': 'struct sockaddr*', 'value': ""{'sa_family': 'AF_INET','sin_port': '22','sin_addr': '192.168.20.23'}""}, {'name': 'addrlen', 'type': 'int', 'value': 16}]",1,1
487.138416,7555,7555,7548,1001,4026531840,tsm,ip-10-100-1-217,42,connect,[],3,-114,"[{'name': 'sockfd', 'type': 'int', 'value': 500}, {'name': 'addr', 'type': 'struct sockaddr*', 'value': ""{'sa_family': 'AF_INET','sin_port': '22','sin_addr': '192.168.20.24'}""}, {'name': 'addrlen', 'type': 'int', 'value': 16}]",1,1
487.138438,7555,7555,7548,1001,4026531840,tsm,ip-10-100-1-217,42,connect,[],3,-114,"[{'name': 'sockfd', 'type': 'int', 'value': 501}, {'name': 'addr', 'type': 'struct sockaddr*', 'value': ""{'sa_family': 'AF_INET','sin_port': '22','sin_addr': '192.168.20.25'}""}, {'name': 'addrlen', 'type': 'int', 'value': 16}]",1,1
487.13847,7555,7555,7548,1001,4026531840,tsm,ip-10-100-1-217,42,connect,[],3,-114,"[{'name': 'sockfd', 'type': 'int', 'value': 502}, {'name': 'addr', 'type': 'struct sockaddr*', 'value': ""{'sa_family': 'AF_INET','sin_port': '22','sin_addr': '192.168.20.26'}""}, {'name': 'addrlen', 'type': 'int', 'value': 16}]",1,1
487.138493,7555,7555,7548,1001,4026531840,tsm,ip-10-100-1-217,42,connect,[],3,-114,"[{'name': 'sockfd', 'type': 'int', 'value': 503}, {'name': 'addr', 'type': 'struct sockaddr*', 'value': ""{'sa_family': 'AF_INET','sin_port': '22','sin_addr': '192.168.20.27'}""}, {'name': 'addrlen', 'type': 'int', 'value': 16}]",1,1
487.138516,7555,7555,7548,1001,4026531840,tsm,ip-10-100-1-217,42,connect,[],3,-114,"[{'name': 'sockfd', 'type': 'int', 'value': 504}, {'name': 'addr', 'type': 'struct sockaddr*', 'value': ""{'sa_family': 'AF_INET','sin_port': '22','sin_addr': '192.168.20.28'}""}, {'name': 'addrlen', 'type': 'int', 'value': 16}]",1,1
487.138538,7555,7555,7548,1001,4026531840,tsm,ip-10-100-1-217,42,connect,[],3,-114,"[{'name': 'sockfd', 'type': 'int', 'value': 505}, {'name': 'addr', 'type': 'struct sockaddr*', 'value': ""{'sin_port': '22','sin_addr': '192.168.20.29','sa_family': 'AF_INET'}""}, {'name': 'addrlen', 'type': 'int', 'value': 16}]",1,1
487.13856,7555,7555,7548,1001,4026531840,tsm,ip-10-100-1-217,42,connect,[],3,-114,"[{'name': 'sockfd', 'type': 'int', 'value': 506}, {'name': 'addr', 'type': 'struct sockaddr*', 'value': ""{'sa_family': 'AF_INET','sin_port': '22','sin_addr': '192.168.20.30'}""}, {'name': 'addrlen', 'type': 'int', 'value': 16}]",1,1
487.138582,7555,7555,7548,1001,4026531840,tsm,ip-10-100-1-217,42,connect,[],3,-114,"[{'name': 'sockfd', 'type': 'int', 'value': 507}, {'name': 'addr', 'type': 'struct sockaddr*', 'value': ""{'sa_family': 'AF_INET','sin_port': '22','sin_addr': '192.168.20.31'}""}, {'name': 'addrlen', 'type': 'int', 'value': 16}]",1,1
487.138604,7555,7555,7548,1001,4026531840,tsm,ip-10-100-1-217,42,connect,[],3,-114,"[{'name': 'sockfd', 'type': 'int', 'value': 508}, {'name': 'addr', 'type': 'struct sockaddr*', 'value': ""{'sa_family': 'AF_INET','sin_port': '22','sin_addr': '192.168.20.32'}""}, {'name': 'addrlen', 'type': 'int', 'value': 16}]",1,1
487.138626,7555,7555,7548,1001,4026531840,tsm,ip-10-100-1-217,42,connect,[],3,-114,"[{'name': 'sockfd', 'type': 'int', 'value': 509}, {'name': 'addr', 'type': 'struct sockaddr*', 'value': ""{'sin_addr': '192.168.20.33','sa_family': 'AF_INET','sin_port': '22'}""}, {'name': 'addrlen', 'type': 'int', 'value': 16}]",1,1
487.138648,7555,7555,7548,1001,4026531840,tsm,ip-10-100-1-217,42,connect,[],3,-114,"[{'name': 'sockfd', 'type': 'int', 'value': 510}, {'name': 'addr', 'type': 'struct sockaddr*', 'value': ""{'sin_addr': '192.168.20.34','sa_family': 'AF_INET','sin_port': '22'}""}, {'name': 'addrlen', 'type': 'int', 'value': 16}]",1,1
487.13867,7555,7555,7548,1001,4026531840,tsm,ip-10-100-1-217,42,connect,[],3,-114,"[{'name': 'sockfd', 'type': 'int', 'value': 511}, {'name': 'addr', 'type': 'struct sockaddr*', 'value': ""{'sa_family': 'AF_INET','sin_port': '22','sin_addr': '192.168.20.35'}""}, {'name': 'addrlen', 'type': 'int', 'value': 16}]",1,1
487.138692,7555,7555,7548,1001,4026531840,tsm,ip-10-100-1-217,42,connect,[],3,-114,"[{'name': 'sockfd', 'type': 'int', 'value': 512}, {'name': 'addr', 'type': 'struct sockaddr*', 'value': ""{'sin_addr': '192.168.20.36','sa_family': 'AF_INET','sin_port': '22'}""}, {'name': 'addrlen', 'type': 'int', 'value': 16}]",1,1
487.138714,7555,7555,7548,1001,4026531840,tsm,ip-10-100-1-217,42,connect,[],3,-114,"[{'name': 'sockfd', 'type': 'int', 'value': 513}, {'name': 'addr', 'type': 'struct sockaddr*', 'value': ""{'sa_family': 'AF_INET','sin_port': '22','sin_addr': '192.168.20.37'}""}, {'name': 'addrlen', 'type': 'int', 'value': 16}]",1,1
487.138736,7555,7555,7548,1001,4026531840,tsm,ip-10-100-1-217,42,connect,[],3,-114,"[{'name': 'sockfd', 'type': 'int', 'value': 514}, {'name': 'addr', 'type': 'struct sockaddr*', 'value': ""{'sa_family': 'AF_INET','sin_port': '22','sin_addr': '192.168.20.38'}""}, {'name': 'addrlen', 'type': 'int', 'value': 16}]",1,1
487.138758,7555,7555,7548,1001,4026531840,tsm,ip-10-100-1-217,42,connect,[],3,-114,"[{'name': 'sockfd', 'type': 'int', 'value': 515}, {'name': 'addr', 'type': 'struct sockaddr*', 'value': ""{'sin_port': '22','sin_addr': '192.168.20.39','sa_family': 'AF_INET'}""}, {'name': 'addrlen', 'type': 'int', 'value': 16}]",1,1
487.13878,7555,7555,7548,1001,4026531840,tsm,ip-10-100-1-217,42,connect,[],3,-114,"[{'name': 'sockfd', 'type': 'int', 'value': 516}, {'name': 'addr', 'type': 'struct sockaddr*', 'value': ""{'sa_family': 'AF_INET','sin_port': '22','sin_addr': '192.168.20.40'}""}, {'name': 'addrlen', 'type': 'int', 'value': 16}]",1,1
487.138802,7555,7555,7548,1001,4026531840,tsm,ip-10-100-1-217,42,connect,[],3,-114,"[{'name': 'sockfd', 'type': 'int', 'value': 517}, {'name': 'addr', 'type': 'struct sockaddr*', 'value': ""{'sa_family': 'AF_INET','sin_port': '22','sin_addr': '192.168.20.41'}""}, {'name': 'addrlen', 'type': 'int', 'value': 16}]",1,1
487.138824,7555,7555,7548,1001,4026531840,tsm,ip-10-100-1-217,42,connect,[],3,-114,"[{'name': 'sockfd', 'type': 'int', 'value': 518}, {'name': 'addr', 'type': 'struct sockaddr*', 'value': ""{'sa_family': 'AF_INET','sin_port': '22','sin_addr': '192.168.20.42'}""}, {'name': 'addrlen', 'type': 'int', 'value': 16}]",1,1
487.138846,7555,7555,7548,1001,4026531840,tsm,ip-10-100-1-217,42,connect,[],3,-114,"[{'name': 'sockfd', 'type': 'int', 'value': 519}, {'name': 'addr', 'type': 'struct sockaddr*', 'value': ""{'sin_addr': '192.168.20.43','sa_family': 'AF_INET','sin_port': '22'}""}, {'name': 'addrlen', 'type': 'int', 'value': 16}]",1,1
487.138868,7555,7555,7548,1001,4026531840,tsm,ip-10-100-1-217,42,connect,[],3,-114,"[{'name': 'sockfd', 'type': 'int', 'value': 520}, {'name': 'addr', 'type': 'struct sockaddr*', 'value': ""{'sa_family': 'AF_INET','sin_port': '22','sin_addr': '192.168.20.44'}""}, {'name': 'addrlen', 'type': 'int', 'value': 16}]",1,1
487.13889,7555,7555,7548,1001,4026531840,tsm,ip-10-100-1-217,42,connect,[],3,-114,"[{'name': 'sockfd', 'type': 'int', 'value': 521}, {'name': 'addr', 'type': 'struct sockaddr*', 'value': ""{'sa_family': 'AF_INET','sin_port': '22','sin_addr': '192.168.20.45'}""}, {'name': 'addrlen', 'type': 'int', 'value': 16}]",1,1
487.138912,7555,7555,7548,1001,4026531840,tsm,ip-10-100-1-217,42,connect,[],3,-114,"[{'name': 'sockfd', 'type': 'int', 'value': 522}, {'name': 'addr', 'type': 'struct sockaddr*', 'value': ""{'sa_family': 'AF_INET','sin_port': '22','sin_addr': '192.168.20.46'}""}, {'name': 'addrlen', 'type': 'int', 'value': 16}]",1,1
487.138937,7555,7555,7548,1001,4026531840,tsm,ip-10-100-1-217,42,connect,[],3,-114,"[{'name': 'sockfd', 'type': 'int', 'value': 523}, {'name': 'addr', 'type': 'struct sockaddr*', 'value': ""{'sa_family': 'AF_INET','sin_port': '22','sin_addr': '192.168.20.47'}""}, {'name': 'addrlen', 'type': 'int', 'value': 16}]",1,1
487.138959,7555,7555,7548,1001,4026531840,tsm,ip-10-100-1-217,42,connect,[],3,-114,"[{'name': 'sockfd', 'type': 'int', 'value': 524}, {'name': 'addr', 'type': 'struct sockaddr*', 'value': ""{'sa_family': 'AF_INET','sin_port': '22','sin_addr': '192.168.20.48'}""}, {'name': 'addrlen', 'type': 'int', 'value': 16}]",1,1
487.138981,7555,7555,7548,1001,4026531840,tsm,ip-10-100-1-217,42,connect,[],3,-114,"[{'name': 'sockfd', 'type': 'int', 'value': 525}, {'name': 'addr', 'type': 'struct sockaddr*', 'value': ""{'sin_addr': '192.168.20.49','sa_family': 'AF_INET','sin_port': '22'}""}, {'name': 'addrlen', 'type': 'int', 'value': 16}]",1,1
487.139003,7555,7555,7548,1001,4026531840,tsm,ip-10-100-1-217,42,connect,[],3,-114,"[{'name': 'sockfd', 'type': 'int', 'value': 526}, {'name': 'addr', 'type': 'struct sockaddr*', 'value': ""{'sin_addr': '192.168.20.50','sa_family': 'AF_INET','sin_port': '22'}""}, {'name': 'addrlen', 'type': 'int', 'value': 16}]",1,1
487.139025,7555,7555,7548,1001,4026531840,tsm,ip-10-100-1-217,42,connect,[],3,-114,"[{'name': 'sockfd', 'type': 'int', 'value': 527}, {'name': 'addr', 'type': 'struct sockaddr*', 'value': ""{'sa_family': 'AF_INET','sin_port': '22','sin_addr': '192.168.20.51'}""}, {'name': 'addrlen', 'type': 'int', 'value': 16}]",1,1
487.139047,7555,7555,7548,1001,4026531840,tsm,ip-10-100-1-217,42,connect,[],3,-114,"[{'name': 'sockfd', 'type': 'int', 'value': 528}, {'name': 'addr', 'type': 'struct sockaddr*', 'value': ""{'sa_family': 'AF_INET','sin_port': '22','sin_addr': '192.168.20.52'}""}, {'name': 'addrlen', 'type': 'int', 'value': 16}]",1,1
487.139069,7555,7555,7548,1001,4026531840,tsm,ip-10-100-1-217,42,connect,[],3,-114,"[{'name': 'sockfd', 'type': 'int', 'value': 529}, {'name': 'addr', 'type': 'struct sockaddr*', 'value': ""{'sa_family': 'AF_INET','sin_port': '22','sin_addr': '192.168.20.53'}""}, {'name': 'addrlen', 'type': 'int', 'value': 16}]",1,1
487.139091,7555,7555,7548,1001,4026531840,tsm,ip-10-100-1-217,42,connect,[],3,-114,"[{'name': 'sockfd', 'type': 'int', 'value': 530}, {'name': 'addr', 'type': 'struct sockaddr*', 'value': ""{'sin_port': '22','sin_addr': '192.168.20.54','sa_family': 'AF_INET'}""}, {'name': 'addrlen', 'type': 'int', 'value': 16}]",1,1
487.139113,7555,7555,7548,1001,4026531840,tsm,ip-10-100-1-217,42,connect,[],3,-114,"[{'name': 'sockfd', 'type': 'int', 'value': 531}, {'name': 'addr', 'type': 'struct sockaddr*', 'value': ""{'sa_family': 'AF_INET','sin_port': '22','sin_addr': '192.168.20.55'}""}, {'name': 'addrlen', 'type': 'int', 'value': 16}]",1,1
487.139135,7555,7555,7548,1001,4026531840,tsm,ip-10-100-1-217,42,connect,[],3,-114,"[{'name': 'sockfd', 'type': 'int', 'value': 532}, {'name': 'addr', 'type': 'struct sockaddr*', 'value': ""{'sa_family': 'AF_INET','sin_port': '22','sin_addr': '192.168.20.56'}""}, {'name': 'addrlen', 'type': 'int', 'value': 16}]",1,1
487.139157,7555,7555,7548,1001,4026531840,tsm,ip-10-100-1-217,42,connect,[],3,-114,"[{'name': 'sockfd', 'type': 'int', 'value': 533}, {'name': 'addr', 'type': 'struct sockaddr*', 'value': ""{'sa_family': 'AF_INET','sin_port': '22','sin_addr': '192.168.20.57'}""}, {'name': 'addrlen', 'type': 'int', 'value': 16}]",1,1
487.139179,7555,7555,7548,1001,4026531840,tsm,ip-10-100-1-217,42,connect,[],3,-114,"[{'name': 'sockfd', 'type': 'int', 'value': 534}, {'name': 'addr', 'type': 'struct sockaddr*', 'value': ""{'sa_family': 'AF_INET','sin_port': '22','sin_addr': '192.168.20.58'}""}, {'name': 'addrlen', 'type': 'int', 'value': 16}]",1,1
487.139201,7555,7555,7548,1001,4026531840,tsm,ip-10-100-1-217,42,connect,[],3,-114,"[{'name': 'sockfd', 'type': 'int', 'value': 535}, {'name': 'addr', 'type': 'struct sockaddr*', 'value': ""{'sa_family': 'AF_INET','sin_port': '22','sin_addr': '192.168.20.59'}""}, {'name': 'addrlen', 'type': 'int', 'value': 16}]",1,1
487.139223,7555,7555,7548,1001,4026531840,tsm,ip-10-100-1-217,42,connect,[],3,-114,"[{'name': 'sockfd', 'type': 'int', 'value': 536}, {'name': 'addr', 'type': 'struct sockaddr*', 'value': ""{'sa_family': 'AF_INET','sin_port': '22','sin_addr': '192.168.20.60'}""}, {'name': 'addrlen', 'type': 'int', 'value': 16}]",1,1
487.139245,7555,7555,7548,1001,4026531840,tsm,ip-10-100-1-217,42,connect,[],3,-114,"[{'name': 'sockfd', 'type': 'int', 'value': 537}, {'name': 'addr', 'type': 'struct sockaddr*', 'value': ""{'sa_family': 'AF_INET','sin_port': '22','sin_addr': '192.168.20.61'}""}, {'name': 'addrlen', 'type': 'int', 'value': 16}]",1,1
487.139266,7555,7555,7548,1001,4026531840,tsm,ip-10-100-1-217,42,connect,[],3,-114,"[{'name': 'sockfd', 'type': 'int', 'value': 538}, {'name': 'addr', 'type': 'struct sockaddr*', 'value': ""{'sa_family': 'AF_INET','sin_port': '22','sin_addr': '192.168.20.62'}""}, {'name': 'addrlen', 'type': 'int', 'value': 16}]",1,1
487.139289,7555,7555,7548,1001,4026531840,tsm,ip-10-100-1-217,42,connect,[],3,-114,"[{'name': 'sockfd', 'type': 'int', 'value': 539}, {'name': 'addr', 'type': 'struct sockaddr*', 'value': ""{'sin_addr': '192.168.20.63','sa_family': 'AF_INET','sin_port': '22'}""}, {'name': 'addrlen', 'type': 'int', 'value': 16}]",1,1
487.139311,7555,7555,7548,1001,4026531840,tsm,ip-10-100-1-217,42,connect,[],3,-114,"[{'name': 'sockfd', 'type': 'int', 'value': 540}, {'name': 'addr', 'type': 'struct sockaddr*', 'value': ""{'sa_family': 'AF_INET','sin_port': '22','sin_addr': '192.168.20.64'}""}, {'name': 'addrlen', 'type': 'int', 'value': 16}]",1,1
487.139333,7555,7555,7548,1001,4026531840,tsm,ip-10-100-1-217,42,connect,[],3,-114,"[{'name': 'sockfd', 'type': 'int', 'value': 541}, {'name': 'addr', 'type': 'struct sockaddr*', 'value': ""{'sa_family': 'AF_INET','sin_port': '22','sin_addr': '192.168.20.65'}""}, {'name': 'addrlen', 'type': 'int', 'value': 16}]",1,1
487.139354,7555,7555,7548,1001,4026531840,tsm,ip-10-100-1-217,42,connect,[],3,-114,"[{'name': 'sockfd', 'type': 'int', 'value': 542}, {'name': 'addr', 'type': 'struct sockaddr*', 'value': ""{'sa_family': 'AF_INET','sin_port': '22','sin_addr': '192.168.20.66'}""}, {'name': 'addrlen', 'type': 'int', 'value': 16}]",1,1
487.139376,7555,7555,7548,1001,4026531840,tsm,ip-10-100-1-217,42,connect,[],3,-114,"[{'name': 'sockfd', 'type': 'int', 'value': 543}, {'name': 'addr', 'type': 'struct sockaddr*', 'value': ""{'sa_family': 'AF_INET','sin_port': '22','sin_addr': '192.168.20.67'}""}, {'name': 'addrlen', 'type': 'int', 'value': 16}]",1,1
487.139398,7555,7555,7548,1001,4026531840,tsm,ip-10-100-1-217,42,connect,[],3,-114,"[{'name': 'sockfd', 'type': 'int', 'value': 544}, {'name': 'addr', 'type': 'struct sockaddr*', 'value': ""{'sin_addr': '192.168.20.68','sa_family': 'AF_INET','sin_port': '22'}""}, {'name': 'addrlen', 'type': 'int', 'value': 16}]",1,1
487.13942,7555,7555,7548,1001,4026531840,tsm,ip-10-100-1-217,42,connect,[],3,-114,"[{'name': 'sockfd', 'type': 'int', 'value': 545}, {'name': 'addr', 'type': 'struct sockaddr*', 'value': ""{'sa_family': 'AF_INET','sin_port': '22','sin_addr': '192.168.20.69'}""}, {'name': 'addrlen', 'type': 'int', 'value': 16}]",1,1
487.139442,7555,7555,7548,1001,4026531840,tsm,ip-10-100-1-217,42,connect,[],3,-114,"[{'name': 'sockfd', 'type': 'int', 'value': 546}, {'name': 'addr', 'type': 'struct sockaddr*', 'value': ""{'sa_family': 'AF_INET','sin_port': '22','sin_addr': '192.168.20.70'}""}, {'name': 'addrlen', 'type': 'int', 'value': 16}]",1,1
487.139464,7555,7555,7548,1001,4026531840,tsm,ip-10-100-1-217,42,connect,[],3,-114,"[{'name': 'sockfd', 'type': 'int', 'value': 547}, {'name': 'addr', 'type': 'struct sockaddr*', 'value': ""{'sa_family': 'AF_INET','sin_port': '22','sin_addr': '192.168.20.71'}""}, {'name': 'addrlen', 'type': 'int', 'value': 16}]",1,1
487.139486,7555,7555,7548,1001,4026531840,tsm,ip-10-100-1-217,42,connect,[],3,-114,"[{'name': 'sockfd', 'type': 'int', 'value': 548}, {'name': 'addr', 'type': 'struct sockaddr*', 'value': ""{'sa_family': 'AF_INET','sin_port': '22','sin_addr': '192.168.20.72'}""}, {'name': 'addrlen', 'type': 'int', 'value': 16}]",1,1
487.139508,7555,7555,7548,1001,4026531840,tsm,ip-10-100-1-217,42,connect,[],3,-114,"[{'name': 'sockfd', 'type': 'int', 'value': 549}, {'name': 'addr', 'type': 'struct sockaddr*', 'value': ""{'sin_port': '22','sin_addr': '192.168.20.73','sa_family': 'AF_INET'}""}, {'name': 'addrlen', 'type': 'int', 'value': 16}]",1,1
487.13953,7555,7555,7548,1001,4026531840,tsm,ip-10-100-1-217,42,connect,[],3,-114,"[{'name': 'sockfd', 'type': 'int', 'value': 550}, {'name': 'addr', 'type': 'struct sockaddr*', 'value': ""{'sa_family': 'AF_INET','sin_port': '22','sin_addr': '192.168.20.74'}""}, {'name': 'addrlen', 'type': 'int', 'value': 16}]",1,1
487.139552,7555,7555,7548,1001,4026531840,tsm,ip-10-100-1-217,42,connect,[],3,-114,"[{'name': 'sockfd', 'type': 'int', 'value': 551}, {'name': 'addr', 'type': 'struct sockaddr*', 'value': ""{'sin_port': '22','sin_addr': '192.168.20.75','sa_family': 'AF_INET'}""}, {'name': 'addrlen', 'type': 'int', 'value': 16}]",1,1
487.139574,7555,7555,7548,1001,4026531840,tsm,ip-10-100-1-217,42,connect,[],3,-114,"[{'name': 'sockfd', 'type': 'int', 'value': 552}, {'name': 'addr', 'type': 'struct sockaddr*', 'value': ""{'sa_family': 'AF_INET','sin_port': '22','sin_addr': '192.168.20.76'}""}, {'name': 'addrlen', 'type': 'int', 'value': 16}]",1,1
487.139596,7555,7555,7548,1001,4026531840,tsm,ip-10-100-1-217,42,connect,[],3,-114,"[{'name': 'sockfd', 'type': 'int', 'value': 553}, {'name': 'addr', 'type': 'struct sockaddr*', 'value': ""{'sa_family': 'AF_INET','sin_port': '22','sin_addr': '192.168.20.77'}""}, {'name': 'addrlen', 'type': 'int', 'value': 16}]",1,1
487.139617,7555,7555,7548,1001,4026531840,tsm,ip-10-100-1-217,42,connect,[],3,-114,"[{'name': 'sockfd', 'type': 'int', 'value': 554}, {'name': 'addr', 'type': 'struct sockaddr*', 'value': ""{'sa_family': 'AF_INET','sin_port': '22','sin_addr': '192.168.20.78'}""}, {'name': 'addrlen', 'type': 'int', 'value': 16}]",1,1
487.139639,7555,7555,7548,1001,4026531840,tsm,ip-10-100-1-217,42,connect,[],3,-114,"[{'name': 'sockfd', 'type': 'int', 'value': 555}, {'name': 'addr', 'type': 'struct sockaddr*', 'value': ""{'sin_port': '22','sin_addr': '192.168.20.79','sa_family': 'AF_INET'}""}, {'name': 'addrlen', 'type': 'int', 'value': 16}]",1,1
487.139661,7555,7555,7548,1001,4026531840,tsm,ip-10-100-1-217,42,connect,[],3,-114,"[{'name': 'sockfd', 'type': 'int', 'value': 556}, {'name': 'addr', 'type': 'struct sockaddr*', 'value': ""{'sa_family': 'AF_INET','sin_port': '22','sin_addr': '192.168.20.80'}""}, {'name': 'addrlen', 'type': 'int', 'value': 16}]",1,1
487.139683,7555,7555,7548,1001,4026531840,tsm,ip-10-100-1-217,42,connect,[],3,-114,"[{'name': 'sockfd', 'type': 'int', 'value': 557}, {'name': 'addr', 'type': 'struct sockaddr*', 'value': ""{'sa_family': 'AF_INET','sin_port': '22','sin_addr': '192.168.20.81'}""}, {'name': 'addrlen', 'type': 'int', 'value': 16}]",1,1
487.139705,7555,7555,7548,1001,4026531840,tsm,ip-10-100-1-217,42,connect,[],3,-114,"[{'name': 'sockfd', 'type': 'int', 'value': 558}, {'name': 'addr', 'type': 'struct sockaddr*', 'value': ""{'sa_family': 'AF_INET','sin_port': '22','sin_addr': '192.168.20.82'}""}, {'name': 'addrlen', 'type': 'int', 'value': 16}]",1,1
487.139727,7555,7555,7548,1001,4026531840,tsm,ip-10-100-1-217,42,connect,[],3,-114,"[{'name': 'sockfd', 'type': 'int', 'value': 559}, {'name': 'addr', 'type': 'struct sockaddr*', 'value': ""{'sa_family': 'AF_INET','sin_port': '22','sin_addr': '192.168.20.83'}""}, {'name': 'addrlen', 'type': 'int', 'value': 16}]",1,1
487.139749,7555,7555,7548,1001,4026531840,tsm,ip-10-100-1-217,42,connect,[],3,-114,"[{'name': 'sockfd', 'type': 'int', 'value': 560}, {'name': 'addr', 'type': 'struct sockaddr*', 'value': ""{'sa_family': 'AF_INET','sin_port': '22','sin_addr': '192.168.20.84'}""}, {'name': 'addrlen', 'type': 'int', 'value': 16}]",1,1
487.139771,7555,7555,7548,1001,4026531840,tsm,ip-10-100-1-217,42,connect,[],3,-114,"[{'name': 'sockfd', 'type': 'int', 'value': 561}, {'name': 'addr', 'type': 'struct sockaddr*', 'value': ""{'sa_family': 'AF_INET','sin_port': '22','sin_addr': '192.168.20.85'}""}, {'name': 'addrlen', 'type': 'int', 'value': 16}]",1,1
487.139792,7555,7555,7548,1001,4026531840,tsm,ip-10-100-1-217,42,connect,[],3,-114,"[{'name': 'sockfd', 'type': 'int', 'value': 562}, {'name': 'addr', 'type': 'struct sockaddr*', 'value': ""{'sin_port': '22','sin_addr': '192.168.20.86','sa_family': 'AF_INET'}""}, {'name': 'addrlen', 'type': 'int', 'value': 16}]",1,1
487.139815,7555,7555,7548,1001,4026531840,tsm,ip-10-100-1-217,42,connect,[],3,-114,"[{'name': 'sockfd', 'type': 'int', 'value': 563}, {'name': 'addr', 'type': 'struct sockaddr*', 'value': ""{'sin_addr': '192.168.20.87','sa_family': 'AF_INET','sin_port': '22'}""}, {'name': 'addrlen', 'type': 'int', 'value': 16}]",1,1
487.139836,7555,7555,7548,1001,4026531840,tsm,ip-10-100-1-217,42,connect,[],3,-114,"[{'name': 'sockfd', 'type': 'int', 'value': 564}, {'name': 'addr', 'type': 'struct sockaddr*', 'value': ""{'sin_addr': '192.168.20.88','sa_family': 'AF_INET','sin_port': '22'}""}, {'name': 'addrlen', 'type': 'int', 'value': 16}]",1,1
487.139858,7555,7555,7548,1001,4026531840,tsm,ip-10-100-1-217,42,connect,[],3,-114,"[{'name': 'sockfd', 'type': 'int', 'value': 565}, {'name': 'addr', 'type': 'struct sockaddr*', 'value': ""{'sa_family': 'AF_INET','sin_port': '22','sin_addr': '192.168.20.89'}""}, {'name': 'addrlen', 'type': 'int', 'value': 16}]",1,1
487.13988,7555,7555,7548,1001,4026531840,tsm,ip-10-100-1-217,42,connect,[],3,-114,"[{'name': 'sockfd', 'type': 'int', 'value': 566}, {'name': 'addr', 'type': 'struct sockaddr*', 'value': ""{'sa_family': 'AF_INET','sin_port': '22','sin_addr': '192.168.20.90'}""}, {'name': 'addrlen', 'type': 'int', 'value': 16}]",1,1
487.139902,7555,7555,7548,1001,4026531840,tsm,ip-10-100-1-217,42,connect,[],3,-114,"[{'name': 'sockfd', 'type': 'int', 'value': 567}, {'name': 'addr', 'type': 'struct sockaddr*', 'value': ""{'sa_family': 'AF_INET','sin_port': '22','sin_addr': '192.168.20.91'}""}, {'name': 'addrlen', 'type': 'int', 'value': 16}]",1,1
487.139924,7555,7555,7548,1001,4026531840,tsm,ip-10-100-1-217,42,connect,[],3,-114,"[{'name': 'sockfd', 'type': 'int', 'value': 568}, {'name': 'addr', 'type': 'struct sockaddr*', 'value': ""{'sa_family': 'AF_INET','sin_port': '22','sin_addr': '192.168.20.92'}""}, {'name': 'addrlen', 'type': 'int', 'value': 16}]",1,1
487.139946,7555,7555,7548,1001,4026531840,tsm,ip-10-100-1-217,42,connect,[],3,-114,"[{'name': 'sockfd', 'type': 'int', 'value': 569}, {'name': 'addr', 'type': 'struct sockaddr*', 'value': ""{'sa_family': 'AF_INET','sin_port': '22','sin_addr': '192.168.20.93'}""}, {'name': 'addrlen', 'type': 'int', 'value': 16}]",1,1
487.139968,7555,7555,7548,1001,4026531840,tsm,ip-10-100-1-217,42,connect,[],3,-114,"[{'name': 'sockfd', 'type': 'int', 'value': 570}, {'name': 'addr', 'type': 'struct sockaddr*', 'value': ""{'sin_port': '22','sin_addr': '192.168.20.94','sa_family': 'AF_INET'}""}, {'name': 'addrlen', 'type': 'int', 'value': 16}]",1,1
487.13999,7555,7555,7548,1001,4026531840,tsm,ip-10-100-1-217,42,connect,[],3,-114,"[{'name': 'sockfd', 'type': 'int', 'value': 571}, {'name': 'addr', 'type': 'struct sockaddr*', 'value': ""{'sin_addr': '192.168.20.95','sa_family': 'AF_INET','sin_port': '22'}""}, {'name': 'addrlen', 'type': 'int', 'value': 16}]",1,1
487.140012,7555,7555,7548,1001,4026531840,tsm,ip-10-100-1-217,42,connect,[],3,-114,"[{'name': 'sockfd', 'type': 'int', 'value': 572}, {'name': 'addr', 'type': 'struct sockaddr*', 'value': ""{'sa_family': 'AF_INET','sin_port': '22','sin_addr': '192.168.20.96'}""}, {'name': 'addrlen', 'type': 'int', 'value': 16}]",1,1
487.140034,7555,7555,7548,1001,4026531840,tsm,ip-10-100-1-217,42,connect,[],3,-114,"[{'name': 'sockfd', 'type': 'int', 'value': 573}, {'name': 'addr', 'type': 'struct sockaddr*', 'value': ""{'sa_family': 'AF_INET','sin_port': '22','sin_addr': '192.168.20.97'}""}, {'name': 'addrlen', 'type': 'int', 'value': 16}]",1,1
487.140056,7555,7555,7548,1001,4026531840,tsm,ip-10-100-1-217,42,connect,[],3,-114,"[{'name': 'sockfd', 'type': 'int', 'value': 574}, {'name': 'addr', 'type': 'struct sockaddr*', 'value': ""{'sa_family': 'AF_INET','sin_port': '22','sin_addr': '192.168.20.98'}""}, {'name': 'addrlen', 'type': 'int', 'value': 16}]",1,1
487.140078,7555,7555,7548,1001,4026531840,tsm,ip-10-100-1-217,42,connect,[],3,-114,"[{'name': 'sockfd', 'type': 'int', 'value': 575}, {'name': 'addr', 'type': 'struct sockaddr*', 'value': ""{'sa_family': 'AF_INET','sin_port': '22','sin_addr': '192.168.20.99'}""}, {'name': 'addrlen', 'type': 'int', 'value': 16}]",1,1
487.1401,7555,7555,7548,1001,4026531840,tsm,ip-10-100-1-217,42,connect,[],3,-114,"[{'name': 'sockfd', 'type': 'int', 'value': 576}, {'name': 'addr', 'type': 'struct sockaddr*', 'value': ""{'sin_port': '22','sin_addr': '192.168.20.100','sa_family': 'AF_INET'}""}, {'name': 'addrlen', 'type': 'int', 'value': 16}]",1,1
487.140122,7555,7555,7548,1001,4026531840,tsm,ip-10-100-1-217,42,connect,[],3,-114,"[{'name': 'sockfd', 'type': 'int', 'value': 577}, {'name': 'addr', 'type': 'struct sockaddr*', 'value': ""{'sa_family': 'AF_INET','sin_port': '22','sin_addr': '192.168.20.101'}""}, {'name': 'addrlen', 'type': 'int', 'value': 16}]",1,1
487.140144,7555,7555,7548,1001,4026531840,tsm,ip-10-100-1-217,42,connect,[],3,-114,"[{'name': 'sockfd', 'type': 'int', 'value': 578}, {'name': 'addr', 'type': 'struct sockaddr*', 'value': ""{'sa_family': 'AF_INET','sin_port': '22','sin_addr': '192.168.20.102'}""}, {'name': 'addrlen', 'type': 'int', 'value': 16}]",1,1
487.140166,7555,7555,7548,1001,4026531840,tsm,ip-10-100-1-217,42,connect,[],3,-114,"[{'name': 'sockfd', 'type': 'int', 'value': 579}, {'name': 'addr', 'type': 'struct sockaddr*', 'value': ""{'sin_addr': '192.168.20.103','sa_family': 'AF_INET','sin_port': '22'}""}, {'name': 'addrlen', 'type': 'int', 'value': 16}]",1,1
487.140188,7555,7555,7548,1001,4026531840,tsm,ip-10-100-1-217,42,connect,[],3,-114,"[{'name': 'sockfd', 'type': 'int', 'value': 580}, {'name': 'addr', 'type': 'struct sockaddr*', 'value': ""{'sin_port': '22','sin_addr': '192.168.20.104','sa_family': 'AF_INET'}""}, {'name': 'addrlen', 'type': 'int', 'value': 16}]",1,1
487.14021,7555,7555,7548,1001,4026531840,tsm,ip-10-100-1-217,42,connect,[],3,-114,"[{'name': 'sockfd', 'type': 'int', 'value': 581}, {'name': 'addr', 'type': 'struct sockaddr*', 'value': ""{'sin_port': '22','sin_addr': '192.168.20.105','sa_family': 'AF_INET'}""}, {'name': 'addrlen', 'type': 'int', 'value': 16}]",1,1
487.140232,7555,7555,7548,1001,4026531840,tsm,ip-10-100-1-217,42,connect,[],3,-114,"[{'name': 'sockfd', 'type': 'int', 'value': 582}, {'name': 'addr', 'type': 'struct sockaddr*', 'value': ""{'sin_addr': '192.168.20.106','sa_family': 'AF_INET','sin_port': '22'}""}, {'name': 'addrlen', 'type': 'int', 'value': 16}]",1,1
487.140254,7555,7555,7548,1001,4026531840,tsm,ip-10-100-1-217,42,connect,[],3,-114,"[{'name': 'sockfd', 'type': 'int', 'value': 583}, {'name': 'addr', 'type': 'struct sockaddr*', 'value': ""{'sa_family': 'AF_INET','sin_port': '22','sin_addr': '192.168.20.107'}""}, {'name': 'addrlen', 'type': 'int', 'value': 16}]",1,1
487.140276,7555,7555,7548,1001,4026531840,tsm,ip-10-100-1-217,42,connect,[],3,-114,"[{'name': 'sockfd', 'type': 'int', 'value': 584}, {'name': 'addr', 'type': 'struct sockaddr*', 'value': ""{'sin_port': '22','sin_addr': '192.168.20.108','sa_family': 'AF_INET'}""}, {'name': 'addrlen', 'type': 'int', 'value': 16}]",1,1
487.140298,7555,7555,7548,1001,4026531840,tsm,ip-10-100-1-217,42,connect,[],3,-114,"[{'name': 'sockfd', 'type': 'int', 'value': 585}, {'name': 'addr', 'type': 'struct sockaddr*', 'value': ""{'sa_family': 'AF_INET','sin_port': '22','sin_addr': '192.168.20.109'}""}, {'name': 'addrlen', 'type': 'int', 'value': 16}]",1,1
487.140322,7555,7555,7548,1001,4026531840,tsm,ip-10-100-1-217,42,connect,[],3,-114,"[{'name': 'sockfd', 'type': 'int', 'value': 586}, {'name': 'addr', 'type': 'struct sockaddr*', 'value': ""{'sin_addr': '192.168.20.110','sa_family': 'AF_INET','sin_port': '22'}""}, {'name': 'addrlen', 'type': 'int', 'value': 16}]",1,1
487.140344,7555,7555,7548,1001,4026531840,tsm,ip-10-100-1-217,42,connect,[],3,-114,"[{'name': 'sockfd', 'type': 'int', 'value': 587}, {'name': 'addr', 'type': 'struct sockaddr*', 'value': ""{'sa_family': 'AF_INET','sin_port': '22','sin_addr': '192.168.20.111'}""}, {'name': 'addrlen', 'type': 'int', 'value': 16}]",1,1
487.140366,7555,7555,7548,1001,4026531840,tsm,ip-10-100-1-217,42,connect,[],3,-114,"[{'name': 'sockfd', 'type': 'int', 'value': 588}, {'name': 'addr', 'type': 'struct sockaddr*', 'value': ""{'sa_family': 'AF_INET','sin_port': '22','sin_addr': '192.168.20.112'}""}, {'name': 'addrlen', 'type': 'int', 'value': 16}]",1,1
487.140388,7555,7555,7548,1001,4026531840,tsm,ip-10-100-1-217,42,connect,[],3,-114,"[{'name': 'sockfd', 'type': 'int', 'value': 589}, {'name': 'addr', 'type': 'struct sockaddr*', 'value': ""{'sa_family': 'AF_INET','sin_port': '22','sin_addr': '192.168.20.113'}""}, {'name': 'addrlen', 'type': 'int', 'value': 16}]",1,1
487.140411,7555,7555,7548,1001,4026531840,tsm,ip-10-100-1-217,42,connect,[],3,-114,"[{'name': 'sockfd', 'type': 'int', 'value': 590}, {'name': 'addr', 'type': 'struct sockaddr*', 'value': ""{'sin_addr': '192.168.20.114','sa_family': 'AF_INET','sin_port': '22'}""}, {'name': 'addrlen', 'type': 'int', 'value': 16}]",1,1
487.140433,7555,7555,7548,1001,4026531840,tsm,ip-10-100-1-217,42,connect,[],3,-114,"[{'name': 'sockfd', 'type': 'int', 'value': 591}, {'name': 'addr', 'type': 'struct sockaddr*', 'value': ""{'sa_family': 'AF_INET','sin_port': '22','sin_addr': '192.168.20.115'}""}, {'name': 'addrlen', 'type': 'int', 'value': 16}]",1,1
487.140455,7555,7555,7548,1001,4026531840,tsm,ip-10-100-1-217,42,connect,[],3,-114,"[{'name': 'sockfd', 'type': 'int', 'value': 592}, {'name': 'addr', 'type': 'struct sockaddr*', 'value': ""{'sin_port': '22','sin_addr': '192.168.20.116','sa_family': 'AF_INET'}""}, {'name': 'addrlen', 'type': 'int', 'value': 16}]",1,1
487.140477,7555,7555,7548,1001,4026531840,tsm,ip-10-100-1-217,42,connect,[],3,-114,"[{'name': 'sockfd', 'type': 'int', 'value': 593}, {'name': 'addr', 'type': 'struct sockaddr*', 'value': ""{'sa_family': 'AF_INET','sin_port': '22','sin_addr': '192.168.20.117'}""}, {'name': 'addrlen', 'type': 'int', 'value': 16}]",1,1
487.140499,7555,7555,7548,1001,4026531840,tsm,ip-10-100-1-217,42,connect,[],3,-114,"[{'name': 'sockfd', 'type': 'int', 'value': 594}, {'name': 'addr', 'type': 'struct sockaddr*', 'value': ""{'sa_family': 'AF_INET','sin_port': '22','sin_addr': '192.168.20.118'}""}, {'name': 'addrlen', 'type': 'int', 'value': 16}]",1,1
487.140521,7555,7555,7548,1001,4026531840,tsm,ip-10-100-1-217,42,connect,[],3,-114,"[{'name': 'sockfd', 'type': 'int', 'value': 595}, {'name': 'addr', 'type': 'struct sockaddr*', 'value': ""{'sa_family': 'AF_INET','sin_port': '22','sin_addr': '192.168.20.119'}""}, {'name': 'addrlen', 'type': 'int', 'value': 16}]",1,1
487.140543,7555,7555,7548,1001,4026531840,tsm,ip-10-100-1-217,42,connect,[],3,-114,"[{'name': 'sockfd', 'type': 'int', 'value': 596}, {'name': 'addr', 'type': 'struct sockaddr*', 'value': ""{'sin_addr': '192.168.20.120','sa_family': 'AF_INET','sin_port': '22'}""}, {'name': 'addrlen', 'type': 'int', 'value': 16}]",1,1
487.140565,7555,7555,7548,1001,4026531840,tsm,ip-10-100-1-217,42,connect,[],3,-114,"[{'name': 'sockfd', 'type': 'int', 'value': 597}, {'name': 'addr', 'type': 'struct sockaddr*', 'value': ""{'sin_addr': '192.168.20.121','sa_family': 'AF_INET','sin_port': '22'}""}, {'name': 'addrlen', 'type': 'int', 'value': 16}]",1,1
487.140587,7555,7555,7548,1001,4026531840,tsm,ip-10-100-1-217,42,connect,[],3,-114,"[{'name': 'sockfd', 'type': 'int', 'value': 598}, {'name': 'addr', 'type': 'struct sockaddr*', 'value': ""{'sa_family': 'AF_INET','sin_port': '22','sin_addr': '192.168.20.122'}""}, {'name': 'addrlen', 'type': 'int', 'value': 16}]",1,1
487.140608,7555,7555,7548,1001,4026531840,tsm,ip-10-100-1-217,42,connect,[],3,-114,"[{'name': 'sockfd', 'type': 'int', 'value': 599}, {'name': 'addr', 'type': 'struct sockaddr*', 'value': ""{'sin_addr': '192.168.20.123','sa_family': 'AF_INET','sin_port': '22'}""}, {'name': 'addrlen', 'type': 'int', 'value': 16}]",1,1
487.140631,7555,7555,7548,1001,4026531840,tsm,ip-10-100-1-217,42,connect,[],3,-114,"[{'name': 'sockfd', 'type': 'int', 'value': 600}, {'name': 'addr', 'type': 'struct sockaddr*', 'value': ""{'sa_family': 'AF_INET','sin_port': '22','sin_addr': '192.168.20.124'}""}, {'name': 'addrlen', 'type': 'int', 'value': 16}]",1,1
487.140652,7555,7555,7548,1001,4026531840,tsm,ip-10-100-1-217,42,connect,[],3,-114,"[{'name': 'sockfd', 'type': 'int', 'value': 601}, {'name': 'addr', 'type': 'struct sockaddr*', 'value': ""{'sin_port': '22','sin_addr': '192.168.20.125','sa_family': 'AF_INET'}""}, {'name': 'addrlen', 'type': 'int', 'value': 16}]",1,1
487.140674,7555,7555,7548,1001,4026531840,tsm,ip-10-100-1-217,42,connect,[],3,-114,"[{'name': 'sockfd', 'type': 'int', 'value': 602}, {'name': 'addr', 'type': 'struct sockaddr*', 'value': ""{'sa_family': 'AF_INET','sin_port': '22','sin_addr': '192.168.20.126'}""}, {'name': 'addrlen', 'type': 'int', 'value': 16}]",1,1
487.140696,7555,7555,7548,1001,4026531840,tsm,ip-10-100-1-217,42,connect,[],3,-114,"[{'name': 'sockfd', 'type': 'int', 'value': 603}, {'name': 'addr', 'type': 'struct sockaddr*', 'value': ""{'sa_family': 'AF_INET','sin_port': '22','sin_addr': '192.168.20.127'}""}, {'name': 'addrlen', 'type': 'int', 'value': 16}]",1,1
487.140718,7555,7555,7548,1001,4026531840,tsm,ip-10-100-1-217,42,connect,[],3,-114,"[{'name': 'sockfd', 'type': 'int', 'value': 604}, {'name': 'addr', 'type': 'struct sockaddr*', 'value': ""{'sa_family': 'AF_INET','sin_port': '22','sin_addr': '192.168.20.128'}""}, {'name': 'addrlen', 'type': 'int', 'value': 16}]",1,1
487.14074,7555,7555,7548,1001,4026531840,tsm,ip-10-100-1-217,42,connect,[],3,-114,"[{'name': 'sockfd', 'type': 'int', 'value': 605}, {'name': 'addr', 'type': 'struct sockaddr*', 'value': ""{'sa_family': 'AF_INET','sin_port': '22','sin_addr': '192.168.20.129'}""}, {'name': 'addrlen', 'type': 'int', 'value': 16}]",1,1
487.140762,7555,7555,7548,1001,4026531840,tsm,ip-10-100-1-217,42,connect,[],3,-114,"[{'name': 'sockfd', 'type': 'int', 'value': 606}, {'name': 'addr', 'type': 'struct sockaddr*', 'value': ""{'sa_family': 'AF_INET','sin_port': '22','sin_addr': '192.168.20.130'}""}, {'name': 'addrlen', 'type': 'int', 'value': 16}]",1,1
487.140784,7555,7555,7548,1001,4026531840,tsm,ip-10-100-1-217,42,connect,[],3,-114,"[{'name': 'sockfd', 'type': 'int', 'value': 607}, {'name': 'addr', 'type': 'struct sockaddr*', 'value': ""{'sa_family': 'AF_INET','sin_port': '22','sin_addr': '192.168.20.131'}""}, {'name': 'addrlen', 'type': 'int', 'value': 16}]",1,1
487.140806,7555,7555,7548,1001,4026531840,tsm,ip-10-100-1-217,42,connect,[],3,-114,"[{'name': 'sockfd', 'type': 'int', 'value': 608}, {'name': 'addr', 'type': 'struct sockaddr*', 'value': ""{'sa_family': 'AF_INET','sin_port': '22','sin_addr': '192.168.20.132'}""}, {'name': 'addrlen', 'type': 'int', 'value': 16}]",1,1
487.140828,7555,7555,7548,1001,4026531840,tsm,ip-10-100-1-217,42,connect,[],3,-114,"[{'name': 'sockfd', 'type': 'int', 'value': 609}, {'name': 'addr', 'type': 'struct sockaddr*', 'value': ""{'sin_addr': '192.168.20.133','sa_family': 'AF_INET','sin_port': '22'}""}, {'name': 'addrlen', 'type': 'int', 'value': 16}]",1,1
487.14085,7555,7555,7548,1001,4026531840,tsm,ip-10-100-1-217,42,connect,[],3,-114,"[{'name': 'sockfd', 'type': 'int', 'value': 610}, {'name': 'addr', 'type': 'struct sockaddr*', 'value': ""{'sa_family': 'AF_INET','sin_port': '22','sin_addr': '192.168.20.134'}""}, {'name': 'addrlen', 'type': 'int', 'value': 16}]",1,1
487.140872,7555,7555,7548,1001,4026531840,tsm,ip-10-100-1-217,42,connect,[],3,-114,"[{'name': 'sockfd', 'type': 'int', 'value': 611}, {'name': 'addr', 'type': 'struct sockaddr*', 'value': ""{'sa_family': 'AF_INET','sin_port': '22','sin_addr': '192.168.20.135'}""}, {'name': 'addrlen', 'type': 'int', 'value': 16}]",1,1
487.140894,7555,7555,7548,1001,4026531840,tsm,ip-10-100-1-217,42,connect,[],3,-114,"[{'name': 'sockfd', 'type': 'int', 'value': 612}, {'name': 'addr', 'type': 'struct sockaddr*', 'value': ""{'sa_family': 'AF_INET','sin_port': '22','sin_addr': '192.168.20.136'}""}, {'name': 'addrlen', 'type': 'int', 'value': 16}]",1,1
487.140916,7555,7555,7548,1001,4026531840,tsm,ip-10-100-1-217,42,connect,[],3,-114,"[{'name': 'sockfd', 'type': 'int', 'value': 613}, {'name': 'addr', 'type': 'struct sockaddr*', 'value': ""{'sa_family': 'AF_INET','sin_port': '22','sin_addr': '192.168.20.137'}""}, {'name': 'addrlen', 'type': 'int', 'value': 16}]",1,1
487.140938,7555,7555,7548,1001,4026531840,tsm,ip-10-100-1-217,42,connect,[],3,-114,"[{'name': 'sockfd', 'type': 'int', 'value': 614}, {'name': 'addr', 'type': 'struct sockaddr*', 'value': ""{'sa_family': 'AF_INET','sin_port': '22','sin_addr': '192.168.20.138'}""}, {'name': 'addrlen', 'type': 'int', 'value': 16}]",1,1
487.14096,7555,7555,7548,1001,4026531840,tsm,ip-10-100-1-217,42,connect,[],3,-114,"[{'name': 'sockfd', 'type': 'int', 'value': 615}, {'name': 'addr', 'type': 'struct sockaddr*', 'value': ""{'sa_family': 'AF_INET','sin_port': '22','sin_addr': '192.168.20.139'}""}, {'name': 'addrlen', 'type': 'int', 'value': 16}]",1,1
487.140982,7555,7555,7548,1001,4026531840,tsm,ip-10-100-1-217,42,connect,[],3,-114,"[{'name': 'sockfd', 'type': 'int', 'value': 616}, {'name': 'addr', 'type': 'struct sockaddr*', 'value': ""{'sin_port': '22','sin_addr': '192.168.20.140','sa_family': 'AF_INET'}""}, {'name': 'addrlen', 'type': 'int', 'value': 16}]",1,1
487.141004,7555,7555,7548,1001,4026531840,tsm,ip-10-100-1-217,42,connect,[],3,-114,"[{'name': 'sockfd', 'type': 'int', 'value': 617}, {'name': 'addr', 'type': 'struct sockaddr*', 'value': ""{'sa_family': 'AF_INET','sin_port': '22','sin_addr': '192.168.20.141'}""}, {'name': 'addrlen', 'type': 'int', 'value': 16}]",1,1
487.141026,7555,7555,7548,1001,4026531840,tsm,ip-10-100-1-217,42,connect,[],3,-114,"[{'name': 'sockfd', 'type': 'int', 'value': 618}, {'name': 'addr', 'type': 'struct sockaddr*', 'value': ""{'sa_family': 'AF_INET','sin_port': '22','sin_addr': '192.168.20.142'}""}, {'name': 'addrlen', 'type': 'int', 'value': 16}]",1,1
487.141048,7555,7555,7548,1001,4026531840,tsm,ip-10-100-1-217,42,connect,[],3,-114,"[{'name': 'sockfd', 'type': 'int', 'value': 619}, {'name': 'addr', 'type': 'struct sockaddr*', 'value': ""{'sin_port': '22','sin_addr': '192.168.20.143','sa_family': 'AF_INET'}""}, {'name': 'addrlen', 'type': 'int', 'value': 16}]",1,1
487.14107,7555,7555,7548,1001,4026531840,tsm,ip-10-100-1-217,42,connect,[],3,-114,"[{'name': 'sockfd', 'type': 'int', 'value': 620}, {'name': 'addr', 'type': 'struct sockaddr*', 'value': ""{'sa_family': 'AF_INET','sin_port': '22','sin_addr': '192.168.20.144'}""}, {'name': 'addrlen', 'type': 'int', 'value': 16}]",1,1
487.141092,7555,7555,7548,1001,4026531840,tsm,ip-10-100-1-217,42,connect,[],3,-114,"[{'name': 'sockfd', 'type': 'int', 'value': 621}, {'name': 'addr', 'type': 'struct sockaddr*', 'value': ""{'sin_addr': '192.168.20.145','sa_family': 'AF_INET','sin_port': '22'}""}, {'name': 'addrlen', 'type': 'int', 'value': 16}]",1,1
487.141113,7555,7555,7548,1001,4026531840,tsm,ip-10-100-1-217,42,connect,[],3,-114,"[{'name': 'sockfd', 'type': 'int', 'value': 622}, {'name': 'addr', 'type': 'struct sockaddr*', 'value': ""{'sa_family': 'AF_INET','sin_port': '22','sin_addr': '192.168.20.146'}""}, {'name': 'addrlen', 'type': 'int', 'value': 16}]",1,1
487.141135,7555,7555,7548,1001,4026531840,tsm,ip-10-100-1-217,42,connect,[],3,-114,"[{'name': 'sockfd', 'type': 'int', 'value': 623}, {'name': 'addr', 'type': 'struct sockaddr*', 'value': ""{'sa_family': 'AF_INET','sin_port': '22','sin_addr': '192.168.20.147'}""}, {'name': 'addrlen', 'type': 'int', 'value': 16}]",1,1
487.141157,7555,7555,7548,1001,4026531840,tsm,ip-10-100-1-217,42,connect,[],3,-114,"[{'name': 'sockfd', 'type': 'int', 'value': 624}, {'name': 'addr', 'type': 'struct sockaddr*', 'value': ""{'sa_family': 'AF_INET','sin_port': '22','sin_addr': '192.168.20.148'}""}, {'name': 'addrlen', 'type': 'int', 'value': 16}]",1,1
487.141179,7555,7555,7548,1001,4026531840,tsm,ip-10-100-1-217,42,connect,[],3,-114,"[{'name': 'sockfd', 'type': 'int', 'value': 625}, {'name': 'addr', 'type': 'struct sockaddr*', 'value': ""{'sa_family': 'AF_INET','sin_port': '22','sin_addr': '192.168.20.149'}""}, {'name': 'addrlen', 'type': 'int', 'value': 16}]",1,1
487.141201,7555,7555,7548,1001,4026531840,tsm,ip-10-100-1-217,42,connect,[],3,-114,"[{'name': 'sockfd', 'type': 'int', 'value': 626}, {'name': 'addr', 'type': 'struct sockaddr*', 'value': ""{'sa_family': 'AF_INET','sin_port': '22','sin_addr': '192.168.20.150'}""}, {'name': 'addrlen', 'type': 'int', 'value': 16}]",1,1
487.141223,7555,7555,7548,1001,4026531840,tsm,ip-10-100-1-217,42,connect,[],3,-114,"[{'name': 'sockfd', 'type': 'int', 'value': 627}, {'name': 'addr', 'type': 'struct sockaddr*', 'value': ""{'sa_family': 'AF_INET','sin_port': '22','sin_addr': '192.168.20.151'}""}, {'name': 'addrlen', 'type': 'int', 'value': 16}]",1,1
487.141245,7555,7555,7548,1001,4026531840,tsm,ip-10-100-1-217,42,connect,[],3,-114,"[{'name': 'sockfd', 'type': 'int', 'value': 628}, {'name': 'addr', 'type': 'struct sockaddr*', 'value': ""{'sa_family': 'AF_INET','sin_port': '22','sin_addr': '192.168.20.152'}""}, {'name': 'addrlen', 'type': 'int', 'value': 16}]",1,1
487.141267,7555,7555,7548,1001,4026531840,tsm,ip-10-100-1-217,42,connect,[],3,-114,"[{'name': 'sockfd', 'type': 'int', 'value': 629}, {'name': 'addr', 'type': 'struct sockaddr*', 'value': ""{'sa_family': 'AF_INET','sin_port': '22','sin_addr': '192.168.20.153'}""}, {'name': 'addrlen', 'type': 'int', 'value': 16}]",1,1
487.141289,7555,7555,7548,1001,4026531840,tsm,ip-10-100-1-217,42,connect,[],3,-114,"[{'name': 'sockfd', 'type': 'int', 'value': 630}, {'name': 'addr', 'type': 'struct sockaddr*', 'value': ""{'sin_addr': '192.168.20.154','sa_family': 'AF_INET','sin_port': '22'}""}, {'name': 'addrlen', 'type': 'int', 'value': 16}]",1,1
487.141311,7555,7555,7548,1001,4026531840,tsm,ip-10-100-1-217,42,connect,[],3,-114,"[{'name': 'sockfd', 'type': 'int', 'value': 631}, {'name': 'addr', 'type': 'struct sockaddr*', 'value': ""{'sa_family': 'AF_INET','sin_port': '22','sin_addr': '192.168.20.155'}""}, {'name': 'addrlen', 'type': 'int', 'value': 16}]",1,1
487.141333,7555,7555,7548,1001,4026531840,tsm,ip-10-100-1-217,42,connect,[],3,-114,"[{'name': 'sockfd', 'type': 'int', 'value': 632}, {'name': 'addr', 'type': 'struct sockaddr*', 'value': ""{'sa_family': 'AF_INET','sin_port': '22','sin_addr': '192.168.20.156'}""}, {'name': 'addrlen', 'type': 'int', 'value': 16}]",1,1
487.141355,7555,7555,7548,1001,4026531840,tsm,ip-10-100-1-217,42,connect,[],3,-114,"[{'name': 'sockfd', 'type': 'int', 'value': 633}, {'name': 'addr', 'type': 'struct sockaddr*', 'value': ""{'sa_family': 'AF_INET','sin_port': '22','sin_addr': '192.168.20.157'}""}, {'name': 'addrlen', 'type': 'int', 'value': 16}]",1,1
487.141376,7555,7555,7548,1001,4026531840,tsm,ip-10-100-1-217,42,connect,[],3,-114,"[{'name': 'sockfd', 'type': 'int', 'value': 634}, {'name': 'addr', 'type': 'struct sockaddr*', 'value': ""{'sa_family': 'AF_INET','sin_port': '22','sin_addr': '192.168.20.158'}""}, {'name': 'addrlen', 'type': 'int', 'value': 16}]",1,1
487.141398,7555,7555,7548,1001,4026531840,tsm,ip-10-100-1-217,42,connect,[],3,-114,"[{'name': 'sockfd', 'type': 'int', 'value': 635}, {'name': 'addr', 'type': 'struct sockaddr*', 'value': ""{'sin_port': '22','sin_addr': '192.168.20.159','sa_family': 'AF_INET'}""}, {'name': 'addrlen', 'type': 'int', 'value': 16}]",1,1
487.14142,7555,7555,7548,1001,4026531840,tsm,ip-10-100-1-217,42,connect,[],3,-114,"[{'name': 'sockfd', 'type': 'int', 'value': 636}, {'name': 'addr', 'type': 'struct sockaddr*', 'value': ""{'sa_family': 'AF_INET','sin_port': '22','sin_addr': '192.168.20.160'}""}, {'name': 'addrlen', 'type': 'int', 'value': 16}]",1,1
487.141442,7555,7555,7548,1001,4026531840,tsm,ip-10-100-1-217,42,connect,[],3,-114,"[{'name': 'sockfd', 'type': 'int', 'value': 637}, {'name': 'addr', 'type': 'struct sockaddr*', 'value': ""{'sa_family': 'AF_INET','sin_port': '22','sin_addr': '192.168.20.161'}""}, {'name': 'addrlen', 'type': 'int', 'value': 16}]",1,1
487.141464,7555,7555,7548,1001,4026531840,tsm,ip-10-100-1-217,42,connect,[],3,-114,"[{'name': 'sockfd', 'type': 'int', 'value': 638}, {'name': 'addr', 'type': 'struct sockaddr*', 'value': ""{'sin_addr': '192.168.20.162','sa_family': 'AF_INET','sin_port': '22'}""}, {'name': 'addrlen', 'type': 'int', 'value': 16}]",1,1
487.141486,7555,7555,7548,1001,4026531840,tsm,ip-10-100-1-217,42,connect,[],3,-114,"[{'name': 'sockfd', 'type': 'int', 'value': 639}, {'name': 'addr', 'type': 'struct sockaddr*', 'value': ""{'sin_port': '22','sin_addr': '192.168.20.163','sa_family': 'AF_INET'}""}, {'name': 'addrlen', 'type': 'int', 'value': 16}]",1,1
487.141508,7555,7555,7548,1001,4026531840,tsm,ip-10-100-1-217,42,connect,[],3,-114,"[{'name': 'sockfd', 'type': 'int', 'value': 640}, {'name': 'addr', 'type': 'struct sockaddr*', 'value': ""{'sa_family': 'AF_INET','sin_port': '22','sin_addr': '192.168.20.164'}""}, {'name': 'addrlen', 'type': 'int', 'value': 16}]",1,1
487.14153,7555,7555,7548,1001,4026531840,tsm,ip-10-100-1-217,42,connect,[],3,-114,"[{'name': 'sockfd', 'type': 'int', 'value': 641}, {'name': 'addr', 'type': 'struct sockaddr*', 'value': ""{'sa_family': 'AF_INET','sin_port': '22','sin_addr': '192.168.20.165'}""}, {'name': 'addrlen', 'type': 'int', 'value': 16}]",1,1
487.141552,7555,7555,7548,1001,4026531840,tsm,ip-10-100-1-217,42,connect,[],3,-114,"[{'name': 'sockfd', 'type': 'int', 'value': 642}, {'name': 'addr', 'type': 'struct sockaddr*', 'value': ""{'sa_family': 'AF_INET','sin_port': '22','sin_addr': '192.168.20.166'}""}, {'name': 'addrlen', 'type': 'int', 'value': 16}]",1,1
487.141573,7555,7555,7548,1001,4026531840,tsm,ip-10-100-1-217,42,connect,[],3,-114,"[{'name': 'sockfd', 'type': 'int', 'value': 643}, {'name': 'addr', 'type': 'struct sockaddr*', 'value': ""{'sin_addr': '192.168.20.167','sa_family': 'AF_INET','sin_port': '22'}""}, {'name': 'addrlen', 'type': 'int', 'value': 16}]",1,1
487.141595,7555,7555,7548,1001,4026531840,tsm,ip-10-100-1-217,42,connect,[],3,-114,"[{'name': 'sockfd', 'type': 'int', 'value': 644}, {'name': 'addr', 'type': 'struct sockaddr*', 'value': ""{'sin_port': '22','sin_addr': '192.168.20.168','sa_family': 'AF_INET'}""}, {'name': 'addrlen', 'type': 'int', 'value': 16}]",1,1
487.141617,7555,7555,7548,1001,4026531840,tsm,ip-10-100-1-217,42,connect,[],3,-114,"[{'name': 'sockfd', 'type': 'int', 'value': 645}, {'name': 'addr', 'type': 'struct sockaddr*', 'value': ""{'sa_family': 'AF_INET','sin_port': '22','sin_addr': '192.168.20.169'}""}, {'name': 'addrlen', 'type': 'int', 'value': 16}]",1,1
487.141639,7555,7555,7548,1001,4026531840,tsm,ip-10-100-1-217,42,connect,[],3,-114,"[{'name': 'sockfd', 'type': 'int', 'value': 646}, {'name': 'addr', 'type': 'struct sockaddr*', 'value': ""{'sin_port': '22','sin_addr': '192.168.20.170','sa_family': 'AF_INET'}""}, {'name': 'addrlen', 'type': 'int', 'value': 16}]",1,1
487.141661,7555,7555,7548,1001,4026531840,tsm,ip-10-100-1-217,42,connect,[],3,-114,"[{'name': 'sockfd', 'type': 'int', 'value': 647}, {'name': 'addr', 'type': 'struct sockaddr*', 'value': ""{'sa_family': 'AF_INET','sin_port': '22','sin_addr': '192.168.20.171'}""}, {'name': 'addrlen', 'type': 'int', 'value': 16}]",1,1
487.141683,7555,7555,7548,1001,4026531840,tsm,ip-10-100-1-217,42,connect,[],3,-114,"[{'name': 'sockfd', 'type': 'int', 'value': 648}, {'name': 'addr', 'type': 'struct sockaddr*', 'value': ""{'sin_port': '22','sin_addr': '192.168.20.172','sa_family': 'AF_INET'}""}, {'name': 'addrlen', 'type': 'int', 'value': 16}]",1,1
487.141707,7555,7555,7548,1001,4026531840,tsm,ip-10-100-1-217,42,connect,[],3,-114,"[{'name': 'sockfd', 'type': 'int', 'value': 649}, {'name': 'addr', 'type': 'struct sockaddr*', 'value': ""{'sin_port': '22','sin_addr': '192.168.20.173','sa_family': 'AF_INET'}""}, {'name': 'addrlen', 'type': 'int', 'value': 16}]",1,1
487.141729,7555,7555,7548,1001,4026531840,tsm,ip-10-100-1-217,42,connect,[],3,-114,"[{'name': 'sockfd', 'type': 'int', 'value': 650}, {'name': 'addr', 'type': 'struct sockaddr*', 'value': ""{'sa_family': 'AF_INET','sin_port': '22','sin_addr': '192.168.20.174'}""}, {'name': 'addrlen', 'type': 'int', 'value': 16}]",1,1
487.141751,7555,7555,7548,1001,4026531840,tsm,ip-10-100-1-217,42,connect,[],3,-114,"[{'name': 'sockfd', 'type': 'int', 'value': 651}, {'name': 'addr', 'type': 'struct sockaddr*', 'value': ""{'sin_port': '22','sin_addr': '192.168.20.175','sa_family': 'AF_INET'}""}, {'name': 'addrlen', 'type': 'int', 'value': 16}]",1,1
487.141772,7555,7555,7548,1001,4026531840,tsm,ip-10-100-1-217,42,connect,[],3,-114,"[{'name': 'sockfd', 'type': 'int', 'value': 652}, {'name': 'addr', 'type': 'struct sockaddr*', 'value': ""{'sa_family': 'AF_INET','sin_port': '22','sin_addr': '192.168.20.176'}""}, {'name': 'addrlen', 'type': 'int', 'value': 16}]",1,1
487.141794,7555,7555,7548,1001,4026531840,tsm,ip-10-100-1-217,42,connect,[],3,-114,"[{'name': 'sockfd', 'type': 'int', 'value': 653}, {'name': 'addr', 'type': 'struct sockaddr*', 'value': ""{'sin_addr': '192.168.20.177','sa_family': 'AF_INET','sin_port': '22'}""}, {'name': 'addrlen', 'type': 'int', 'value': 16}]",1,1
487.141816,7555,7555,7548,1001,4026531840,tsm,ip-10-100-1-217,42,connect,[],3,-114,"[{'name': 'sockfd', 'type': 'int', 'value': 654}, {'name': 'addr', 'type': 'struct sockaddr*', 'value': ""{'sa_family': 'AF_INET','sin_port': '22','sin_addr': '192.168.20.178'}""}, {'name': 'addrlen', 'type': 'int', 'value': 16}]",1,1
487.141838,7555,7555,7548,1001,4026531840,tsm,ip-10-100-1-217,42,connect,[],3,-114,"[{'name': 'sockfd', 'type': 'int', 'value': 655}, {'name': 'addr', 'type': 'struct sockaddr*', 'value': ""{'sin_port': '22','sin_addr': '192.168.20.179','sa_family': 'AF_INET'}""}, {'name': 'addrlen', 'type': 'int', 'value': 16}]",1,1
487.14186,7555,7555,7548,1001,4026531840,tsm,ip-10-100-1-217,42,connect,[],3,-114,"[{'name': 'sockfd', 'type': 'int', 'value': 656}, {'name': 'addr', 'type': 'struct sockaddr*', 'value': ""{'sa_family': 'AF_INET','sin_port': '22','sin_addr': '192.168.20.180'}""}, {'name': 'addrlen', 'type': 'int', 'value': 16}]",1,1
487.141882,7555,7555,7548,1001,4026531840,tsm,ip-10-100-1-217,42,connect,[],3,-114,"[{'name': 'sockfd', 'type': 'int', 'value': 657}, {'name': 'addr', 'type': 'struct sockaddr*', 'value': ""{'sa_family': 'AF_INET','sin_port': '22','sin_addr': '192.168.20.181'}""}, {'name': 'addrlen', 'type': 'int', 'value': 16}]",1,1
487.141904,7555,7555,7548,1001,4026531840,tsm,ip-10-100-1-217,42,connect,[],3,-114,"[{'name': 'sockfd', 'type': 'int', 'value': 658}, {'name': 'addr', 'type': 'struct sockaddr*', 'value': ""{'sin_port': '22','sin_addr': '192.168.20.182','sa_family': 'AF_INET'}""}, {'name': 'addrlen', 'type': 'int', 'value': 16}]",1,1
487.141926,7555,7555,7548,1001,4026531840,tsm,ip-10-100-1-217,42,connect,[],3,-114,"[{'name': 'sockfd', 'type': 'int', 'value': 659}, {'name': 'addr', 'type': 'struct sockaddr*', 'value': ""{'sa_family': 'AF_INET','sin_port': '22','sin_addr': '192.168.20.183'}""}, {'name': 'addrlen', 'type': 'int', 'value': 16}]",1,1
487.141948,7555,7555,7548,1001,4026531840,tsm,ip-10-100-1-217,42,connect,[],3,-114,"[{'name': 'sockfd', 'type': 'int', 'value': 660}, {'name': 'addr', 'type': 'struct sockaddr*', 'value': ""{'sa_family': 'AF_INET','sin_port': '22','sin_addr': '192.168.20.184'}""}, {'name': 'addrlen', 'type': 'int', 'value': 16}]",1,1
487.14197,7555,7555,7548,1001,4026531840,tsm,ip-10-100-1-217,42,connect,[],3,-114,"[{'name': 'sockfd', 'type': 'int', 'value': 661}, {'name': 'addr', 'type': 'struct sockaddr*', 'value': ""{'sa_family': 'AF_INET','sin_port': '22','sin_addr': '192.168.20.185'}""}, {'name': 'addrlen', 'type': 'int', 'value': 16}]",1,1
487.141992,7555,7555,7548,1001,4026531840,tsm,ip-10-100-1-217,42,connect,[],3,-114,"[{'name': 'sockfd', 'type': 'int', 'value': 662}, {'name': 'addr', 'type': 'struct sockaddr*', 'value': ""{'sa_family': 'AF_INET','sin_port': '22','sin_addr': '192.168.20.186'}""}, {'name': 'addrlen', 'type': 'int', 'value': 16}]",1,1
487.142013,7555,7555,7548,1001,4026531840,tsm,ip-10-100-1-217,42,connect,[],3,-114,"[{'name': 'sockfd', 'type': 'int', 'value': 663}, {'name': 'addr', 'type': 'struct sockaddr*', 'value': ""{'sin_addr': '192.168.20.187','sa_family': 'AF_INET','sin_port': '22'}""}, {'name': 'addrlen', 'type': 'int', 'value': 16}]",1,1
487.142035,7555,7555,7548,1001,4026531840,tsm,ip-10-100-1-217,42,connect,[],3,-114,"[{'name': 'sockfd', 'type': 'int', 'value': 664}, {'name': 'addr', 'type': 'struct sockaddr*', 'value': ""{'sin_port': '22','sin_addr': '192.168.20.188','sa_family': 'AF_INET'}""}, {'name': 'addrlen', 'type': 'int', 'value': 16}]",1,1
487.142057,7555,7555,7548,1001,4026531840,tsm,ip-10-100-1-217,42,connect,[],3,-114,"[{'name': 'sockfd', 'type': 'int', 'value': 665}, {'name': 'addr', 'type': 'struct sockaddr*', 'value': ""{'sa_family': 'AF_INET','sin_port': '22','sin_addr': '192.168.20.189'}""}, {'name': 'addrlen', 'type': 'int', 'value': 16}]",1,1
487.142079,7555,7555,7548,1001,4026531840,tsm,ip-10-100-1-217,42,connect,[],3,-114,"[{'name': 'sockfd', 'type': 'int', 'value': 666}, {'name': 'addr', 'type': 'struct sockaddr*', 'value': ""{'sa_family': 'AF_INET','sin_port': '22','sin_addr': '192.168.20.190'}""}, {'name': 'addrlen', 'type': 'int', 'value': 16}]",1,1
487.142101,7555,7555,7548,1001,4026531840,tsm,ip-10-100-1-217,42,connect,[],3,-114,"[{'name': 'sockfd', 'type': 'int', 'value': 667}, {'name': 'addr', 'type': 'struct sockaddr*', 'value': ""{'sa_family': 'AF_INET','sin_port': '22','sin_addr': '192.168.20.191'}""}, {'name': 'addrlen', 'type': 'int', 'value': 16}]",1,1
487.142123,7555,7555,7548,1001,4026531840,tsm,ip-10-100-1-217,42,connect,[],3,-114,"[{'name': 'sockfd', 'type': 'int', 'value': 668}, {'name': 'addr', 'type': 'struct sockaddr*', 'value': ""{'sin_addr': '192.168.20.192','sa_family': 'AF_INET','sin_port': '22'}""}, {'name': 'addrlen', 'type': 'int', 'value': 16}]",1,1
487.142144,7555,7555,7548,1001,4026531840,tsm,ip-10-100-1-217,42,connect,[],3,-114,"[{'name': 'sockfd', 'type': 'int', 'value': 669}, {'name': 'addr', 'type': 'struct sockaddr*', 'value': ""{'sin_port': '22','sin_addr': '192.168.20.193','sa_family': 'AF_INET'}""}, {'name': 'addrlen', 'type': 'int', 'value': 16}]",1,1
487.142166,7555,7555,7548,1001,4026531840,tsm,ip-10-100-1-217,42,connect,[],3,-114,"[{'name': 'sockfd', 'type': 'int', 'value': 670}, {'name': 'addr', 'type': 'struct sockaddr*', 'value': ""{'sa_family': 'AF_INET','sin_port': '22','sin_addr': '192.168.20.194'}""}, {'name': 'addrlen', 'type': 'int', 'value': 16}]",1,1
487.142188,7555,7555,7548,1001,4026531840,tsm,ip-10-100-1-217,42,connect,[],3,-114,"[{'name': 'sockfd', 'type': 'int', 'value': 671}, {'name': 'addr', 'type': 'struct sockaddr*', 'value': ""{'sa_family': 'AF_INET','sin_port': '22','sin_addr': '192.168.20.195'}""}, {'name': 'addrlen', 'type': 'int', 'value': 16}]",1,1
487.14221,7555,7555,7548,1001,4026531840,tsm,ip-10-100-1-217,42,connect,[],3,-114,"[{'name': 'sockfd', 'type': 'int', 'value': 672}, {'name': 'addr', 'type': 'struct sockaddr*', 'value': ""{'sa_family': 'AF_INET','sin_port': '22','sin_addr': '192.168.20.196'}""}, {'name': 'addrlen', 'type': 'int', 'value': 16}]",1,1
487.142232,7555,7555,7548,1001,4026531840,tsm,ip-10-100-1-217,42,connect,[],3,-114,"[{'name': 'sockfd', 'type': 'int', 'value': 673}, {'name': 'addr', 'type': 'struct sockaddr*', 'value': ""{'sin_port': '22','sin_addr': '192.168.20.197','sa_family': 'AF_INET'}""}, {'name': 'addrlen', 'type': 'int', 'value': 16}]",1,1
487.142254,7555,7555,7548,1001,4026531840,tsm,ip-10-100-1-217,42,connect,[],3,-114,"[{'name': 'sockfd', 'type': 'int', 'value': 674}, {'name': 'addr', 'type': 'struct sockaddr*', 'value': ""{'sa_family': 'AF_INET','sin_port': '22','sin_addr': '192.168.20.198'}""}, {'name': 'addrlen', 'type': 'int', 'value': 16}]",1,1
487.142276,7555,7555,7548,1001,4026531840,tsm,ip-10-100-1-217,42,connect,[],3,-114,"[{'name': 'sockfd', 'type': 'int', 'value': 675}, {'name': 'addr', 'type': 'struct sockaddr*', 'value': ""{'sa_family': 'AF_INET','sin_port': '22','sin_addr': '192.168.20.199'}""}, {'name': 'addrlen', 'type': 'int', 'value': 16}]",1,1
487.142298,7555,7555,7548,1001,4026531840,tsm,ip-10-100-1-217,42,connect,[],3,-114,"[{'name': 'sockfd', 'type': 'int', 'value': 676}, {'name': 'addr', 'type': 'struct sockaddr*', 'value': ""{'sa_family': 'AF_INET','sin_port': '22','sin_addr': '192.168.20.200'}""}, {'name': 'addrlen', 'type': 'int', 'value': 16}]",1,1
487.14232,7555,7555,7548,1001,4026531840,tsm,ip-10-100-1-217,42,connect,[],3,-114,"[{'name': 'sockfd', 'type': 'int', 'value': 677}, {'name': 'addr', 'type': 'struct sockaddr*', 'value': ""{'sa_family': 'AF_INET','sin_port': '22','sin_addr': '192.168.20.201'}""}, {'name': 'addrlen', 'type': 'int', 'value': 16}]",1,1
487.142342,7555,7555,7548,1001,4026531840,tsm,ip-10-100-1-217,42,connect,[],3,-114,"[{'name': 'sockfd', 'type': 'int', 'value': 678}, {'name': 'addr', 'type': 'struct sockaddr*', 'value': ""{'sa_family': 'AF_INET','sin_port': '22','sin_addr': '192.168.20.202'}""}, {'name': 'addrlen', 'type': 'int', 'value': 16}]",1,1
487.142367,7555,7555,7548,1001,4026531840,tsm,ip-10-100-1-217,42,connect,[],3,-114,"[{'name': 'sockfd', 'type': 'int', 'value': 679}, {'name': 'addr', 'type': 'struct sockaddr*', 'value': ""{'sa_family': 'AF_INET','sin_port': '22','sin_addr': '192.168.20.203'}""}, {'name': 'addrlen', 'type': 'int', 'value': 16}]",1,1
487.142389,7555,7555,7548,1001,4026531840,tsm,ip-10-100-1-217,42,connect,[],3,-114,"[{'name': 'sockfd', 'type': 'int', 'value': 680}, {'name': 'addr', 'type': 'struct sockaddr*', 'value': ""{'sa_family': 'AF_INET','sin_port': '22','sin_addr': '192.168.20.204'}""}, {'name': 'addrlen', 'type': 'int', 'value': 16}]",1,1
487.142411,7555,7555,7548,1001,4026531840,tsm,ip-10-100-1-217,42,connect,[],3,-114,"[{'name': 'sockfd', 'type': 'int', 'value': 681}, {'name': 'addr', 'type': 'struct sockaddr*', 'value': ""{'sa_family': 'AF_INET','sin_port': '22','sin_addr': '192.168.20.205'}""}, {'name': 'addrlen', 'type': 'int', 'value': 16}]",1,1
487.142432,7555,7555,7548,1001,4026531840,tsm,ip-10-100-1-217,42,connect,[],3,-114,"[{'name': 'sockfd', 'type': 'int', 'value': 682}, {'name': 'addr', 'type': 'struct sockaddr*', 'value': ""{'sa_family': 'AF_INET','sin_port': '22','sin_addr': '192.168.20.206'}""}, {'name': 'addrlen', 'type': 'int', 'value': 16}]",1,1
487.142462,7555,7555,7548,1001,4026531840,tsm,ip-10-100-1-217,42,connect,[],3,-114,"[{'name': 'sockfd', 'type': 'int', 'value': 683}, {'name': 'addr', 'type': 'struct sockaddr*', 'value': ""{'sa_family': 'AF_INET','sin_port': '22','sin_addr': '192.168.20.207'}""}, {'name': 'addrlen', 'type': 'int', 'value': 16}]",1,1
487.14779,7555,7555,7548,1001,4026531840,tsm,ip-10-100-1-217,42,connect,[],3,-114,"[{'name': 'sockfd', 'type': 'int', 'value': 684}, {'name': 'addr', 'type': 'struct sockaddr*', 'value': ""{'sa_family': 'AF_INET','sin_port': '22','sin_addr': '192.168.20.208'}""}, {'name': 'addrlen', 'type': 'int', 'value': 16}]",1,1
487.147818,7555,7555,7548,1001,4026531840,tsm,ip-10-100-1-217,42,connect,[],3,-114,"[{'name': 'sockfd', 'type': 'int', 'value': 685}, {'name': 'addr', 'type': 'struct sockaddr*', 'value': ""{'sin_addr': '192.168.20.209','sa_family': 'AF_INET','sin_port': '22'}""}, {'name': 'addrlen', 'type': 'int', 'value': 16}]",1,1
487.14784,7555,7555,7548,1001,4026531840,tsm,ip-10-100-1-217,42,connect,[],3,-114,"[{'name': 'sockfd', 'type': 'int', 'value': 686}, {'name': 'addr', 'type': 'struct sockaddr*', 'value': ""{'sa_family': 'AF_INET','sin_port': '22','sin_addr': '192.168.20.210'}""}, {'name': 'addrlen', 'type': 'int', 'value': 16}]",1,1
487.147862,7555,7555,7548,1001,4026531840,tsm,ip-10-100-1-217,42,connect,[],3,-114,"[{'name': 'sockfd', 'type': 'int', 'value': 687}, {'name': 'addr', 'type': 'struct sockaddr*', 'value': ""{'sa_family': 'AF_INET','sin_port': '22','sin_addr': '192.168.20.211'}""}, {'name': 'addrlen', 'type': 'int', 'value': 16}]",1,1
487.147884,7555,7555,7548,1001,4026531840,tsm,ip-10-100-1-217,42,connect,[],3,-114,"[{'name': 'sockfd', 'type': 'int', 'value': 688}, {'name': 'addr', 'type': 'struct sockaddr*', 'value': ""{'sin_port': '22','sin_addr': '192.168.20.212','sa_family': 'AF_INET'}""}, {'name': 'addrlen', 'type': 'int', 'value': 16}]",1,1
487.147906,7555,7555,7548,1001,4026531840,tsm,ip-10-100-1-217,42,connect,[],3,-114,"[{'name': 'sockfd', 'type': 'int', 'value': 689}, {'name': 'addr', 'type': 'struct sockaddr*', 'value': ""{'sa_family': 'AF_INET','sin_port': '22','sin_addr': '192.168.20.213'}""}, {'name': 'addrlen', 'type': 'int', 'value': 16}]",1,1
487.147928,7555,7555,7548,1001,4026531840,tsm,ip-10-100-1-217,42,connect,[],3,-114,"[{'name': 'sockfd', 'type': 'int', 'value': 690}, {'name': 'addr', 'type': 'struct sockaddr*', 'value': ""{'sa_family': 'AF_INET','sin_port': '22','sin_addr': '192.168.20.214'}""}, {'name': 'addrlen', 'type': 'int', 'value': 16}]",1,1
487.14795,7555,7555,7548,1001,4026531840,tsm,ip-10-100-1-217,42,connect,[],3,-114,"[{'name': 'sockfd', 'type': 'int', 'value': 691}, {'name': 'addr', 'type': 'struct sockaddr*', 'value': ""{'sa_family': 'AF_INET','sin_port': '22','sin_addr': '192.168.20.215'}""}, {'name': 'addrlen', 'type': 'int', 'value': 16}]",1,1
487.148001,7555,7555,7548,1001,4026531840,tsm,ip-10-100-1-217,42,connect,[],3,-114,"[{'name': 'sockfd', 'type': 'int', 'value': 692}, {'name': 'addr', 'type': 'struct sockaddr*', 'value': ""{'sa_family': 'AF_INET','sin_port': '22','sin_addr': '192.168.20.216'}""}, {'name': 'addrlen', 'type': 'int', 'value': 16}]",1,1
487.148024,7555,7555,7548,1001,4026531840,tsm,ip-10-100-1-217,42,connect,[],3,-114,"[{'name': 'sockfd', 'type': 'int', 'value': 693}, {'name': 'addr', 'type': 'struct sockaddr*', 'value': ""{'sa_family': 'AF_INET','sin_port': '22','sin_addr': '192.168.20.217'}""}, {'name': 'addrlen', 'type': 'int', 'value': 16}]",1,1
487.148049,7555,7555,7548,1001,4026531840,tsm,ip-10-100-1-217,42,connect,[],3,-114,"[{'name': 'sockfd', 'type': 'int', 'value': 694}, {'name': 'addr', 'type': 'struct sockaddr*', 'value': ""{'sa_family': 'AF_INET','sin_port': '22','sin_addr': '192.168.20.218'}""}, {'name': 'addrlen', 'type': 'int', 'value': 16}]",1,1
487.148072,7555,7555,7548,1001,4026531840,tsm,ip-10-100-1-217,42,connect,[],3,-114,"[{'name': 'sockfd', 'type': 'int', 'value': 695}, {'name': 'addr', 'type': 'struct sockaddr*', 'value': ""{'sa_family': 'AF_INET','sin_port': '22','sin_addr': '192.168.20.219'}""}, {'name': 'addrlen', 'type': 'int', 'value': 16}]",1,1
487.148094,7555,7555,7548,1001,4026531840,tsm,ip-10-100-1-217,42,connect,[],3,-114,"[{'name': 'sockfd', 'type': 'int', 'value': 696}, {'name': 'addr', 'type': 'struct sockaddr*', 'value': ""{'sa_family': 'AF_INET','sin_port': '22','sin_addr': '192.168.20.220'}""}, {'name': 'addrlen', 'type': 'int', 'value': 16}]",1,1
487.148115,7555,7555,7548,1001,4026531840,tsm,ip-10-100-1-217,42,connect,[],3,-114,"[{'name': 'sockfd', 'type': 'int', 'value': 697}, {'name': 'addr', 'type': 'struct sockaddr*', 'value': ""{'sin_addr': '192.168.20.221','sa_family': 'AF_INET','sin_port': '22'}""}, {'name': 'addrlen', 'type': 'int', 'value': 16}]",1,1
487.148138,7555,7555,7548,1001,4026531840,tsm,ip-10-100-1-217,42,connect,[],3,-114,"[{'name': 'sockfd', 'type': 'int', 'value': 698}, {'name': 'addr', 'type': 'struct sockaddr*', 'value': ""{'sa_family': 'AF_INET','sin_port': '22','sin_addr': '192.168.20.222'}""}, {'name': 'addrlen', 'type': 'int', 'value': 16}]",1,1
487.148159,7555,7555,7548,1001,4026531840,tsm,ip-10-100-1-217,42,connect,[],3,-114,"[{'name': 'sockfd', 'type': 'int', 'value': 699}, {'name': 'addr', 'type': 'struct sockaddr*', 'value': ""{'sa_family': 'AF_INET','sin_port': '22','sin_addr': '192.168.20.223'}""}, {'name': 'addrlen', 'type': 'int', 'value': 16}]",1,1
487.148181,7555,7555,7548,1001,4026531840,tsm,ip-10-100-1-217,42,connect,[],3,-114,"[{'name': 'sockfd', 'type': 'int', 'value': 700}, {'name': 'addr', 'type': 'struct sockaddr*', 'value': ""{'sa_family': 'AF_INET','sin_port': '22','sin_addr': '192.168.20.224'}""}, {'name': 'addrlen', 'type': 'int', 'value': 16}]",1,1
487.148203,7555,7555,7548,1001,4026531840,tsm,ip-10-100-1-217,42,connect,[],3,-114,"[{'name': 'sockfd', 'type': 'int', 'value': 701}, {'name': 'addr', 'type': 'struct sockaddr*', 'value': ""{'sa_family': 'AF_INET','sin_port': '22','sin_addr': '192.168.20.225'}""}, {'name': 'addrlen', 'type': 'int', 'value': 16}]",1,1
487.148226,7555,7555,7548,1001,4026531840,tsm,ip-10-100-1-217,42,connect,[],3,-114,"[{'name': 'sockfd', 'type': 'int', 'value': 702}, {'name': 'addr', 'type': 'struct sockaddr*', 'value': ""{'sa_family': 'AF_INET','sin_port': '22','sin_addr': '192.168.20.226'}""}, {'name': 'addrlen', 'type': 'int', 'value': 16}]",1,1
487.148248,7555,7555,7548,1001,4026531840,tsm,ip-10-100-1-217,42,connect,[],3,-114,"[{'name': 'sockfd', 'type': 'int', 'value': 703}, {'name': 'addr', 'type': 'struct sockaddr*', 'value': ""{'sa_family': 'AF_INET','sin_port': '22','sin_addr': '192.168.20.227'}""}, {'name': 'addrlen', 'type': 'int', 'value': 16}]",1,1
487.14827,7555,7555,7548,1001,4026531840,tsm,ip-10-100-1-217,42,connect,[],3,-114,"[{'name': 'sockfd', 'type': 'int', 'value': 704}, {'name': 'addr', 'type': 'struct sockaddr*', 'value': ""{'sa_family': 'AF_INET','sin_port': '22','sin_addr': '192.168.20.228'}""}, {'name': 'addrlen', 'type': 'int', 'value': 16}]",1,1
487.148292,7555,7555,7548,1001,4026531840,tsm,ip-10-100-1-217,42,connect,[],3,-114,"[{'name': 'sockfd', 'type': 'int', 'value': 705}, {'name': 'addr', 'type': 'struct sockaddr*', 'value': ""{'sa_family': 'AF_INET','sin_port': '22','sin_addr': '192.168.20.229'}""}, {'name': 'addrlen', 'type': 'int', 'value': 16}]",1,1
487.148314,7555,7555,7548,1001,4026531840,tsm,ip-10-100-1-217,42,connect,[],3,-114,"[{'name': 'sockfd', 'type': 'int', 'value': 706}, {'name': 'addr', 'type': 'struct sockaddr*', 'value': ""{'sin_addr': '192.168.20.230','sa_family': 'AF_INET','sin_port': '22'}""}, {'name': 'addrlen', 'type': 'int', 'value': 16}]",1,1
487.148336,7555,7555,7548,1001,4026531840,tsm,ip-10-100-1-217,42,connect,[],3,-114,"[{'name': 'sockfd', 'type': 'int', 'value': 707}, {'name': 'addr', 'type': 'struct sockaddr*', 'value': ""{'sa_family': 'AF_INET','sin_port': '22','sin_addr': '192.168.20.231'}""}, {'name': 'addrlen', 'type': 'int', 'value': 16}]",1,1
487.148358,7555,7555,7548,1001,4026531840,tsm,ip-10-100-1-217,42,connect,[],3,-114,"[{'name': 'sockfd', 'type': 'int', 'value': 708}, {'name': 'addr', 'type': 'struct sockaddr*', 'value': ""{'sa_family': 'AF_INET','sin_port': '22','sin_addr': '192.168.20.232'}""}, {'name': 'addrlen', 'type': 'int', 'value': 16}]",1,1
487.148379,7555,7555,7548,1001,4026531840,tsm,ip-10-100-1-217,42,connect,[],3,-114,"[{'name': 'sockfd', 'type': 'int', 'value': 709}, {'name': 'addr', 'type': 'struct sockaddr*', 'value': ""{'sin_port': '22','sin_addr': '192.168.20.233','sa_family': 'AF_INET'}""}, {'name': 'addrlen', 'type': 'int', 'value': 16}]",1,1
487.148401,7555,7555,7548,1001,4026531840,tsm,ip-10-100-1-217,42,connect,[],3,-114,"[{'name': 'sockfd', 'type': 'int', 'value': 710}, {'name': 'addr', 'type': 'struct sockaddr*', 'value': ""{'sa_family': 'AF_INET','sin_port': '22','sin_addr': '192.168.20.234'}""}, {'name': 'addrlen', 'type': 'int', 'value': 16}]",1,1
487.148423,7555,7555,7548,1001,4026531840,tsm,ip-10-100-1-217,42,connect,[],3,-114,"[{'name': 'sockfd', 'type': 'int', 'value': 711}, {'name': 'addr', 'type': 'struct sockaddr*', 'value': ""{'sin_addr': '192.168.20.235','sa_family': 'AF_INET','sin_port': '22'}""}, {'name': 'addrlen', 'type': 'int', 'value': 16}]",1,1
487.148445,7555,7555,7548,1001,4026531840,tsm,ip-10-100-1-217,42,connect,[],3,-114,"[{'name': 'sockfd', 'type': 'int', 'value': 712}, {'name': 'addr', 'type': 'struct sockaddr*', 'value': ""{'sa_family': 'AF_INET','sin_port': '22','sin_addr': '192.168.20.236'}""}, {'name': 'addrlen', 'type': 'int', 'value': 16}]",1,1
487.148467,7555,7555,7548,1001,4026531840,tsm,ip-10-100-1-217,42,connect,[],3,-114,"[{'name': 'sockfd', 'type': 'int', 'value': 713}, {'name': 'addr', 'type': 'struct sockaddr*', 'value': ""{'sa_family': 'AF_INET','sin_port': '22','sin_addr': '192.168.20.237'}""}, {'name': 'addrlen', 'type': 'int', 'value': 16}]",1,1
487.148489,7555,7555,7548,1001,4026531840,tsm,ip-10-100-1-217,42,connect,[],3,-114,"[{'name': 'sockfd', 'type': 'int', 'value': 714}, {'name': 'addr', 'type': 'struct sockaddr*', 'value': ""{'sa_family': 'AF_INET','sin_port': '22','sin_addr': '192.168.20.238'}""}, {'name': 'addrlen', 'type': 'int', 'value': 16}]",1,1
487.148511,7555,7555,7548,1001,4026531840,tsm,ip-10-100-1-217,42,connect,[],3,-114,"[{'name': 'sockfd', 'type': 'int', 'value': 715}, {'name': 'addr', 'type': 'struct sockaddr*', 'value': ""{'sa_family': 'AF_INET','sin_port': '22','sin_addr': '192.168.20.239'}""}, {'name': 'addrlen', 'type': 'int', 'value': 16}]",1,1
487.148533,7555,7555,7548,1001,4026531840,tsm,ip-10-100-1-217,42,connect,[],3,-114,"[{'name': 'sockfd', 'type': 'int', 'value': 716}, {'name': 'addr', 'type': 'struct sockaddr*', 'value': ""{'sa_family': 'AF_INET','sin_port': '22','sin_addr': '192.168.20.240'}""}, {'name': 'addrlen', 'type': 'int', 'value': 16}]",1,1
487.148555,7555,7555,7548,1001,4026531840,tsm,ip-10-100-1-217,42,connect,[],3,-114,"[{'name': 'sockfd', 'type': 'int', 'value': 717}, {'name': 'addr', 'type': 'struct sockaddr*', 'value': ""{'sa_family': 'AF_INET','sin_port': '22','sin_addr': '192.168.20.241'}""}, {'name': 'addrlen', 'type': 'int', 'value': 16}]",1,1
487.148577,7555,7555,7548,1001,4026531840,tsm,ip-10-100-1-217,42,connect,[],3,-114,"[{'name': 'sockfd', 'type': 'int', 'value': 718}, {'name': 'addr', 'type': 'struct sockaddr*', 'value': ""{'sin_addr': '192.168.20.242','sa_family': 'AF_INET','sin_port': '22'}""}, {'name': 'addrlen', 'type': 'int', 'value': 16}]",1,1
487.148599,7555,7555,7548,1001,4026531840,tsm,ip-10-100-1-217,42,connect,[],3,-114,"[{'name': 'sockfd', 'type': 'int', 'value': 719}, {'name': 'addr', 'type': 'struct sockaddr*', 'value': ""{'sa_family': 'AF_INET','sin_port': '22','sin_addr': '192.168.20.243'}""}, {'name': 'addrlen', 'type': 'int', 'value': 16}]",1,1
487.148624,7555,7555,7548,1001,4026531840,tsm,ip-10-100-1-217,42,connect,[],3,-114,"[{'name': 'sockfd', 'type': 'int', 'value': 720}, {'name': 'addr', 'type': 'struct sockaddr*', 'value': ""{'sa_family': 'AF_INET','sin_port': '22','sin_addr': '192.168.20.244'}""}, {'name': 'addrlen', 'type': 'int', 'value': 16}]",1,1
487.148647,7555,7555,7548,1001,4026531840,tsm,ip-10-100-1-217,42,connect,[],3,-114,"[{'name': 'sockfd', 'type': 'int', 'value': 721}, {'name': 'addr', 'type': 'struct sockaddr*', 'value': ""{'sa_family': 'AF_INET','sin_port': '22','sin_addr': '192.168.20.245'}""}, {'name': 'addrlen', 'type': 'int', 'value': 16}]",1,1
487.148669,7555,7555,7548,1001,4026531840,tsm,ip-10-100-1-217,42,connect,[],3,-114,"[{'name': 'sockfd', 'type': 'int', 'value': 722}, {'name': 'addr', 'type': 'struct sockaddr*', 'value': ""{'sa_family': 'AF_INET','sin_port': '22','sin_addr': '192.168.20.246'}""}, {'name': 'addrlen', 'type': 'int', 'value': 16}]",1,1
487.148691,7555,7555,7548,1001,4026531840,tsm,ip-10-100-1-217,42,connect,[],3,-114,"[{'name': 'sockfd', 'type': 'int', 'value': 723}, {'name': 'addr', 'type': 'struct sockaddr*', 'value': ""{'sa_family': 'AF_INET','sin_port': '22','sin_addr': '192.168.20.247'}""}, {'name': 'addrlen', 'type': 'int', 'value': 16}]",1,1
487.148713,7555,7555,7548,1001,4026531840,tsm,ip-10-100-1-217,42,connect,[],3,-114,"[{'name': 'sockfd', 'type': 'int', 'value': 724}, {'name': 'addr', 'type': 'struct sockaddr*', 'value': ""{'sin_port': '22','sin_addr': '192.168.20.248','sa_family': 'AF_INET'}""}, {'name': 'addrlen', 'type': 'int', 'value': 16}]",1,1
487.148735,7555,7555,7548,1001,4026531840,tsm,ip-10-100-1-217,42,connect,[],3,-114,"[{'name': 'sockfd', 'type': 'int', 'value': 725}, {'name': 'addr', 'type': 'struct sockaddr*', 'value': ""{'sa_family': 'AF_INET','sin_port': '22','sin_addr': '192.168.20.249'}""}, {'name': 'addrlen', 'type': 'int', 'value': 16}]",1,1
487.148756,7555,7555,7548,1001,4026531840,tsm,ip-10-100-1-217,42,connect,[],3,-114,"[{'name': 'sockfd', 'type': 'int', 'value': 726}, {'name': 'addr', 'type': 'struct sockaddr*', 'value': ""{'sa_family': 'AF_INET','sin_port': '22','sin_addr': '192.168.20.250'}""}, {'name': 'addrlen', 'type': 'int', 'value': 16}]",1,1
487.148779,7555,7555,7548,1001,4026531840,tsm,ip-10-100-1-217,42,connect,[],3,-114,"[{'name': 'sockfd', 'type': 'int', 'value': 727}, {'name': 'addr', 'type': 'struct sockaddr*', 'value': ""{'sa_family': 'AF_INET','sin_port': '22','sin_addr': '192.168.20.251'}""}, {'name': 'addrlen', 'type': 'int', 'value': 16}]",1,1
487.148801,7555,7555,7548,1001,4026531840,tsm,ip-10-100-1-217,42,connect,[],3,-114,"[{'name': 'sockfd', 'type': 'int', 'value': 728}, {'name': 'addr', 'type': 'struct sockaddr*', 'value': ""{'sin_addr': '192.168.20.252','sa_family': 'AF_INET','sin_port': '22'}""}, {'name': 'addrlen', 'type': 'int', 'value': 16}]",1,1
487.148823,7555,7555,7548,1001,4026531840,tsm,ip-10-100-1-217,42,connect,[],3,-114,"[{'name': 'sockfd', 'type': 'int', 'value': 729}, {'name': 'addr', 'type': 'struct sockaddr*', 'value': ""{'sa_family': 'AF_INET','sin_port': '22','sin_addr': '192.168.20.253'}""}, {'name': 'addrlen', 'type': 'int', 'value': 16}]",1,1
487.148845,7555,7555,7548,1001,4026531840,tsm,ip-10-100-1-217,42,connect,[],3,-114,"[{'name': 'sockfd', 'type': 'int', 'value': 730}, {'name': 'addr', 'type': 'struct sockaddr*', 'value': ""{'sa_family': 'AF_INET','sin_port': '22','sin_addr': '192.168.20.254'}""}, {'name': 'addrlen', 'type': 'int', 'value': 16}]",1,1
487.148867,7555,7555,7548,1001,4026531840,tsm,ip-10-100-1-217,42,connect,[],3,-114,"[{'name': 'sockfd', 'type': 'int', 'value': 731}, {'name': 'addr', 'type': 'struct sockaddr*', 'value': ""{'sin_port': '22','sin_addr': '192.168.21.0','sa_family': 'AF_INET'}""}, {'name': 'addrlen', 'type': 'int', 'value': 16}]",1,1
487.148889,7555,7555,7548,1001,4026531840,tsm,ip-10-100-1-217,42,connect,[],3,-114,"[{'name': 'sockfd', 'type': 'int', 'value': 732}, {'name': 'addr', 'type': 'struct sockaddr*', 'value': ""{'sa_family': 'AF_INET','sin_port': '22','sin_addr': '192.168.21.1'}""}, {'name': 'addrlen', 'type': 'int', 'value': 16}]",1,1
487.14891,7555,7555,7548,1001,4026531840,tsm,ip-10-100-1-217,42,connect,[],3,-114,"[{'name': 'sockfd', 'type': 'int', 'value': 733}, {'name': 'addr', 'type': 'struct sockaddr*', 'value': ""{'sa_family': 'AF_INET','sin_port': '22','sin_addr': '192.168.21.2'}""}, {'name': 'addrlen', 'type': 'int', 'value': 16}]",1,1
487.148932,7555,7555,7548,1001,4026531840,tsm,ip-10-100-1-217,42,connect,[],3,-114,"[{'name': 'sockfd', 'type': 'int', 'value': 734}, {'name': 'addr', 'type': 'struct sockaddr*', 'value': ""{'sa_family': 'AF_INET','sin_port': '22','sin_addr': '192.168.21.3'}""}, {'name': 'addrlen', 'type': 'int', 'value': 16}]",1,1
487.148954,7555,7555,7548,1001,4026531840,tsm,ip-10-100-1-217,42,connect,[],3,-114,"[{'name': 'sockfd', 'type': 'int', 'value': 735}, {'name': 'addr', 'type': 'struct sockaddr*', 'value': ""{'sin_port': '22','sin_addr': '192.168.21.4','sa_family': 'AF_INET'}""}, {'name': 'addrlen', 'type': 'int', 'value': 16}]",1,1
487.148976,7555,7555,7548,1001,4026531840,tsm,ip-10-100-1-217,42,connect,[],3,-114,"[{'name': 'sockfd', 'type': 'int', 'value': 736}, {'name': 'addr', 'type': 'struct sockaddr*', 'value': ""{'sin_port': '22','sin_addr': '192.168.21.5','sa_family': 'AF_INET'}""}, {'name': 'addrlen', 'type': 'int', 'value': 16}]",1,1
487.148998,7555,7555,7548,1001,4026531840,tsm,ip-10-100-1-217,42,connect,[],3,-114,"[{'name': 'sockfd', 'type': 'int', 'value': 737}, {'name': 'addr', 'type': 'struct sockaddr*', 'value': ""{'sin_addr': '192.168.21.6','sa_family': 'AF_INET','sin_port': '22'}""}, {'name': 'addrlen', 'type': 'int', 'value': 16}]",1,1
487.14902,7555,7555,7548,1001,4026531840,tsm,ip-10-100-1-217,42,connect,[],3,-114,"[{'name': 'sockfd', 'type': 'int', 'value': 738}, {'name': 'addr', 'type': 'struct sockaddr*', 'value': ""{'sa_family': 'AF_INET','sin_port': '22','sin_addr': '192.168.21.7'}""}, {'name': 'addrlen', 'type': 'int', 'value': 16}]",1,1
487.149042,7555,7555,7548,1001,4026531840,tsm,ip-10-100-1-217,42,connect,[],3,-114,"[{'name': 'sockfd', 'type': 'int', 'value': 739}, {'name': 'addr', 'type': 'struct sockaddr*', 'value': ""{'sin_addr': '192.168.21.8','sa_family': 'AF_INET','sin_port': '22'}""}, {'name': 'addrlen', 'type': 'int', 'value': 16}]",1,1
487.149064,7555,7555,7548,1001,4026531840,tsm,ip-10-100-1-217,42,connect,[],3,-114,"[{'name': 'sockfd', 'type': 'int', 'value': 740}, {'name': 'addr', 'type': 'struct sockaddr*', 'value': ""{'sin_addr': '192.168.21.9','sa_family': 'AF_INET','sin_port': '22'}""}, {'name': 'addrlen', 'type': 'int', 'value': 16}]",1,1
487.149086,7555,7555,7548,1001,4026531840,tsm,ip-10-100-1-217,42,connect,[],3,-114,"[{'name': 'sockfd', 'type': 'int', 'value': 741}, {'name': 'addr', 'type': 'struct sockaddr*', 'value': ""{'sin_port': '22','sin_addr': '192.168.21.10','sa_family': 'AF_INET'}""}, {'name': 'addrlen', 'type': 'int', 'value': 16}]",1,1
487.149108,7555,7555,7548,1001,4026531840,tsm,ip-10-100-1-217,42,connect,[],3,-114,"[{'name': 'sockfd', 'type': 'int', 'value': 742}, {'name': 'addr', 'type': 'struct sockaddr*', 'value': ""{'sa_family': 'AF_INET','sin_port': '22','sin_addr': '192.168.21.11'}""}, {'name': 'addrlen', 'type': 'int', 'value': 16}]",1,1
487.14913,7555,7555,7548,1001,4026531840,tsm,ip-10-100-1-217,42,connect,[],3,-114,"[{'name': 'sockfd', 'type': 'int', 'value': 743}, {'name': 'addr', 'type': 'struct sockaddr*', 'value': ""{'sin_port': '22','sin_addr': '192.168.21.12','sa_family': 'AF_INET'}""}, {'name': 'addrlen', 'type': 'int', 'value': 16}]",1,1
487.149152,7555,7555,7548,1001,4026531840,tsm,ip-10-100-1-217,42,connect,[],3,-114,"[{'name': 'sockfd', 'type': 'int', 'value': 744}, {'name': 'addr', 'type': 'struct sockaddr*', 'value': ""{'sin_port': '22','sin_addr': '192.168.21.13','sa_family': 'AF_INET'}""}, {'name': 'addrlen', 'type': 'int', 'value': 16}]",1,1
487.149174,7555,7555,7548,1001,4026531840,tsm,ip-10-100-1-217,42,connect,[],3,-114,"[{'name': 'sockfd', 'type': 'int', 'value': 745}, {'name': 'addr', 'type': 'struct sockaddr*', 'value': ""{'sa_family': 'AF_INET','sin_port': '22','sin_addr': '192.168.21.14'}""}, {'name': 'addrlen', 'type': 'int', 'value': 16}]",1,1
487.149197,7555,7555,7548,1001,4026531840,tsm,ip-10-100-1-217,42,connect,[],3,-114,"[{'name': 'sockfd', 'type': 'int', 'value': 746}, {'name': 'addr', 'type': 'struct sockaddr*', 'value': ""{'sa_family': 'AF_INET','sin_port': '22','sin_addr': '192.168.21.15'}""}, {'name': 'addrlen', 'type': 'int', 'value': 16}]",1,1
487.149219,7555,7555,7548,1001,4026531840,tsm,ip-10-100-1-217,42,connect,[],3,-114,"[{'name': 'sockfd', 'type': 'int', 'value': 747}, {'name': 'addr', 'type': 'struct sockaddr*', 'value': ""{'sa_family': 'AF_INET','sin_port': '22','sin_addr': '192.168.21.16'}""}, {'name': 'addrlen', 'type': 'int', 'value': 16}]",1,1
487.14924,7555,7555,7548,1001,4026531840,tsm,ip-10-100-1-217,42,connect,[],3,-114,"[{'name': 'sockfd', 'type': 'int', 'value': 748}, {'name': 'addr', 'type': 'struct sockaddr*', 'value': ""{'sa_family': 'AF_INET','sin_port': '22','sin_addr': '192.168.21.17'}""}, {'name': 'addrlen', 'type': 'int', 'value': 16}]",1,1
487.149262,7555,7555,7548,1001,4026531840,tsm,ip-10-100-1-217,42,connect,[],3,-114,"[{'name': 'sockfd', 'type': 'int', 'value': 749}, {'name': 'addr', 'type': 'struct sockaddr*', 'value': ""{'sa_family': 'AF_INET','sin_port': '22','sin_addr': '192.168.21.18'}""}, {'name': 'addrlen', 'type': 'int', 'value': 16}]",1,1
487.149284,7555,7555,7548,1001,4026531840,tsm,ip-10-100-1-217,42,connect,[],3,-114,"[{'name': 'sockfd', 'type': 'int', 'value': 750}, {'name': 'addr', 'type': 'struct sockaddr*', 'value': ""{'sin_port': '22','sin_addr': '192.168.21.19','sa_family': 'AF_INET'}""}, {'name': 'addrlen', 'type': 'int', 'value': 16}]",1,1
487.149306,7555,7555,7548,1001,4026531840,tsm,ip-10-100-1-217,42,connect,[],3,-114,"[{'name': 'sockfd', 'type': 'int', 'value': 751}, {'name': 'addr', 'type': 'struct sockaddr*', 'value': ""{'sa_family': 'AF_INET','sin_port': '22','sin_addr': '192.168.21.20'}""}, {'name': 'addrlen', 'type': 'int', 'value': 16}]",1,1
487.149328,7555,7555,7548,1001,4026531840,tsm,ip-10-100-1-217,42,connect,[],3,-114,"[{'name': 'sockfd', 'type': 'int', 'value': 752}, {'name': 'addr', 'type': 'struct sockaddr*', 'value': ""{'sa_family': 'AF_INET','sin_port': '22','sin_addr': '192.168.21.21'}""}, {'name': 'addrlen', 'type': 'int', 'value': 16}]",1,1
487.14935,7555,7555,7548,1001,4026531840,tsm,ip-10-100-1-217,42,connect,[],3,-114,"[{'name': 'sockfd', 'type': 'int', 'value': 753}, {'name': 'addr', 'type': 'struct sockaddr*', 'value': ""{'sin_port': '22','sin_addr': '192.168.21.22','sa_family': 'AF_INET'}""}, {'name': 'addrlen', 'type': 'int', 'value': 16}]",1,1
487.149373,7555,7555,7548,1001,4026531840,tsm,ip-10-100-1-217,42,connect,[],3,-114,"[{'name': 'sockfd', 'type': 'int', 'value': 754}, {'name': 'addr', 'type': 'struct sockaddr*', 'value': ""{'sin_addr': '192.168.21.23','sa_family': 'AF_INET','sin_port': '22'}""}, {'name': 'addrlen', 'type': 'int', 'value': 16}]",1,1
487.149394,7555,7555,7548,1001,4026531840,tsm,ip-10-100-1-217,42,connect,[],3,-114,"[{'name': 'sockfd', 'type': 'int', 'value': 755}, {'name': 'addr', 'type': 'struct sockaddr*', 'value': ""{'sa_family': 'AF_INET','sin_port': '22','sin_addr': '192.168.21.24'}""}, {'name': 'addrlen', 'type': 'int', 'value': 16}]",1,1
487.149416,7555,7555,7548,1001,4026531840,tsm,ip-10-100-1-217,42,connect,[],3,-114,"[{'name': 'sockfd', 'type': 'int', 'value': 756}, {'name': 'addr', 'type': 'struct sockaddr*', 'value': ""{'sin_addr': '192.168.21.25','sa_family': 'AF_INET','sin_port': '22'}""}, {'name': 'addrlen', 'type': 'int', 'value': 16}]",1,1
487.149438,7555,7555,7548,1001,4026531840,tsm,ip-10-100-1-217,42,connect,[],3,-114,"[{'name': 'sockfd', 'type': 'int', 'value': 757}, {'name': 'addr', 'type': 'struct sockaddr*', 'value': ""{'sa_family': 'AF_INET','sin_port': '22','sin_addr': '192.168.21.26'}""}, {'name': 'addrlen', 'type': 'int', 'value': 16}]",1,1
487.14946,7555,7555,7548,1001,4026531840,tsm,ip-10-100-1-217,42,connect,[],3,-114,"[{'name': 'sockfd', 'type': 'int', 'value': 758}, {'name': 'addr', 'type': 'struct sockaddr*', 'value': ""{'sa_family': 'AF_INET','sin_port': '22','sin_addr': '192.168.21.27'}""}, {'name': 'addrlen', 'type': 'int', 'value': 16}]",1,1
487.149482,7555,7555,7548,1001,4026531840,tsm,ip-10-100-1-217,42,connect,[],3,-114,"[{'name': 'sockfd', 'type': 'int', 'value': 759}, {'name': 'addr', 'type': 'struct sockaddr*', 'value': ""{'sa_family': 'AF_INET','sin_port': '22','sin_addr': '192.168.21.28'}""}, {'name': 'addrlen', 'type': 'int', 'value': 16}]",1,1
487.149504,7555,7555,7548,1001,4026531840,tsm,ip-10-100-1-217,42,connect,[],3,-114,"[{'name': 'sockfd', 'type': 'int', 'value': 760}, {'name': 'addr', 'type': 'struct sockaddr*', 'value': ""{'sa_family': 'AF_INET','sin_port': '22','sin_addr': '192.168.21.29'}""}, {'name': 'addrlen', 'type': 'int', 'value': 16}]",1,1
487.149526,7555,7555,7548,1001,4026531840,tsm,ip-10-100-1-217,42,connect,[],3,-114,"[{'name': 'sockfd', 'type': 'int', 'value': 761}, {'name': 'addr', 'type': 'struct sockaddr*', 'value': ""{'sa_family': 'AF_INET','sin_port': '22','sin_addr': '192.168.21.30'}""}, {'name': 'addrlen', 'type': 'int', 'value': 16}]",1,1
487.149548,7555,7555,7548,1001,4026531840,tsm,ip-10-100-1-217,42,connect,[],3,-114,"[{'name': 'sockfd', 'type': 'int', 'value': 762}, {'name': 'addr', 'type': 'struct sockaddr*', 'value': ""{'sa_family': 'AF_INET','sin_port': '22','sin_addr': '192.168.21.31'}""}, {'name': 'addrlen', 'type': 'int', 'value': 16}]",1,1
487.14957,7555,7555,7548,1001,4026531840,tsm,ip-10-100-1-217,42,connect,[],3,-114,"[{'name': 'sockfd', 'type': 'int', 'value': 763}, {'name': 'addr', 'type': 'struct sockaddr*', 'value': ""{'sin_addr': '192.168.21.32','sa_family': 'AF_INET','sin_port': '22'}""}, {'name': 'addrlen', 'type': 'int', 'value': 16}]",1,1
487.149592,7555,7555,7548,1001,4026531840,tsm,ip-10-100-1-217,42,connect,[],3,-114,"[{'name': 'sockfd', 'type': 'int', 'value': 764}, {'name': 'addr', 'type': 'struct sockaddr*', 'value': ""{'sa_family': 'AF_INET','sin_port': '22','sin_addr': '192.168.21.33'}""}, {'name': 'addrlen', 'type': 'int', 'value': 16}]",1,1
487.149614,7555,7555,7548,1001,4026531840,tsm,ip-10-100-1-217,42,connect,[],3,-114,"[{'name': 'sockfd', 'type': 'int', 'value': 765}, {'name': 'addr', 'type': 'struct sockaddr*', 'value': ""{'sin_addr': '192.168.21.34','sa_family': 'AF_INET','sin_port': '22'}""}, {'name': 'addrlen', 'type': 'int', 'value': 16}]",1,1
487.149636,7555,7555,7548,1001,4026531840,tsm,ip-10-100-1-217,42,connect,[],3,-114,"[{'name': 'sockfd', 'type': 'int', 'value': 766}, {'name': 'addr', 'type': 'struct sockaddr*', 'value': ""{'sin_port': '22','sin_addr': '192.168.21.35','sa_family': 'AF_INET'}""}, {'name': 'addrlen', 'type': 'int', 'value': 16}]",1,1
487.149657,7555,7555,7548,1001,4026531840,tsm,ip-10-100-1-217,42,connect,[],3,-114,"[{'name': 'sockfd', 'type': 'int', 'value': 767}, {'name': 'addr', 'type': 'struct sockaddr*', 'value': ""{'sa_family': 'AF_INET','sin_port': '22','sin_addr': '192.168.21.36'}""}, {'name': 'addrlen', 'type': 'int', 'value': 16}]",1,1
487.149679,7555,7555,7548,1001,4026531840,tsm,ip-10-100-1-217,42,connect,[],3,-114,"[{'name': 'sockfd', 'type': 'int', 'value': 768}, {'name': 'addr', 'type': 'struct sockaddr*', 'value': ""{'sa_family': 'AF_INET','sin_port': '22','sin_addr': '192.168.21.37'}""}, {'name': 'addrlen', 'type': 'int', 'value': 16}]",1,1
487.149701,7555,7555,7548,1001,4026531840,tsm,ip-10-100-1-217,42,connect,[],3,-114,"[{'name': 'sockfd', 'type': 'int', 'value': 769}, {'name': 'addr', 'type': 'struct sockaddr*', 'value': ""{'sin_port': '22','sin_addr': '192.168.21.38','sa_family': 'AF_INET'}""}, {'name': 'addrlen', 'type': 'int', 'value': 16}]",1,1
487.149724,7555,7555,7548,1001,4026531840,tsm,ip-10-100-1-217,42,connect,[],3,-114,"[{'name': 'sockfd', 'type': 'int', 'value': 770}, {'name': 'addr', 'type': 'struct sockaddr*', 'value': ""{'sa_family': 'AF_INET','sin_port': '22','sin_addr': '192.168.21.39'}""}, {'name': 'addrlen', 'type': 'int', 'value': 16}]",1,1
487.149746,7555,7555,7548,1001,4026531840,tsm,ip-10-100-1-217,42,connect,[],3,-114,"[{'name': 'sockfd', 'type': 'int', 'value': 771}, {'name': 'addr', 'type': 'struct sockaddr*', 'value': ""{'sa_family': 'AF_INET','sin_port': '22','sin_addr': '192.168.21.40'}""}, {'name': 'addrlen', 'type': 'int', 'value': 16}]",1,1
487.149768,7555,7555,7548,1001,4026531840,tsm,ip-10-100-1-217,42,connect,[],3,-114,"[{'name': 'sockfd', 'type': 'int', 'value': 772}, {'name': 'addr', 'type': 'struct sockaddr*', 'value': ""{'sa_family': 'AF_INET','sin_port': '22','sin_addr': '192.168.21.41'}""}, {'name': 'addrlen', 'type': 'int', 'value': 16}]",1,1
487.14979,7555,7555,7548,1001,4026531840,tsm,ip-10-100-1-217,42,connect,[],3,-114,"[{'name': 'sockfd', 'type': 'int', 'value': 773}, {'name': 'addr', 'type': 'struct sockaddr*', 'value': ""{'sa_family': 'AF_INET','sin_port': '22','sin_addr': '192.168.21.42'}""}, {'name': 'addrlen', 'type': 'int', 'value': 16}]",1,1
487.149812,7555,7555,7548,1001,4026531840,tsm,ip-10-100-1-217,42,connect,[],3,-114,"[{'name': 'sockfd', 'type': 'int', 'value': 774}, {'name': 'addr', 'type': 'struct sockaddr*', 'value': ""{'sin_addr': '192.168.21.43','sa_family': 'AF_INET','sin_port': '22'}""}, {'name': 'addrlen', 'type': 'int', 'value': 16}]",1,1
487.149834,7555,7555,7548,1001,4026531840,tsm,ip-10-100-1-217,42,connect,[],3,-114,"[{'name': 'sockfd', 'type': 'int', 'value': 775}, {'name': 'addr', 'type': 'struct sockaddr*', 'value': ""{'sa_family': 'AF_INET','sin_port': '22','sin_addr': '192.168.21.44'}""}, {'name': 'addrlen', 'type': 'int', 'value': 16}]",1,1
487.149856,7555,7555,7548,1001,4026531840,tsm,ip-10-100-1-217,42,connect,[],3,-114,"[{'name': 'sockfd', 'type': 'int', 'value': 776}, {'name': 'addr', 'type': 'struct sockaddr*', 'value': ""{'sa_family': 'AF_INET','sin_port': '22','sin_addr': '192.168.21.45'}""}, {'name': 'addrlen', 'type': 'int', 'value': 16}]",1,1
487.149878,7555,7555,7548,1001,4026531840,tsm,ip-10-100-1-217,42,connect,[],3,-114,"[{'name': 'sockfd', 'type': 'int', 'value': 777}, {'name': 'addr', 'type': 'struct sockaddr*', 'value': ""{'sa_family': 'AF_INET','sin_port': '22','sin_addr': '192.168.21.46'}""}, {'name': 'addrlen', 'type': 'int', 'value': 16}]",1,1
487.1499,7555,7555,7548,1001,4026531840,tsm,ip-10-100-1-217,42,connect,[],3,-114,"[{'name': 'sockfd', 'type': 'int', 'value': 778}, {'name': 'addr', 'type': 'struct sockaddr*', 'value': ""{'sa_family': 'AF_INET','sin_port': '22','sin_addr': '192.168.21.47'}""}, {'name': 'addrlen', 'type': 'int', 'value': 16}]",1,1
487.149922,7555,7555,7548,1001,4026531840,tsm,ip-10-100-1-217,42,connect,[],3,-114,"[{'name': 'sockfd', 'type': 'int', 'value': 779}, {'name': 'addr', 'type': 'struct sockaddr*', 'value': ""{'sa_family': 'AF_INET','sin_port': '22','sin_addr': '192.168.21.48'}""}, {'name': 'addrlen', 'type': 'int', 'value': 16}]",1,1
487.149944,7555,7555,7548,1001,4026531840,tsm,ip-10-100-1-217,42,connect,[],3,-114,"[{'name': 'sockfd', 'type': 'int', 'value': 780}, {'name': 'addr', 'type': 'struct sockaddr*', 'value': ""{'sa_family': 'AF_INET','sin_port': '22','sin_addr': '192.168.21.49'}""}, {'name': 'addrlen', 'type': 'int', 'value': 16}]",1,1
487.149966,7555,7555,7548,1001,4026531840,tsm,ip-10-100-1-217,42,connect,[],3,-114,"[{'name': 'sockfd', 'type': 'int', 'value': 781}, {'name': 'addr', 'type': 'struct sockaddr*', 'value': ""{'sa_family': 'AF_INET','sin_port': '22','sin_addr': '192.168.21.50'}""}, {'name': 'addrlen', 'type': 'int', 'value': 16}]",1,1
487.149989,7555,7555,7548,1001,4026531840,tsm,ip-10-100-1-217,42,connect,[],3,-114,"[{'name': 'sockfd', 'type': 'int', 'value': 782}, {'name': 'addr', 'type': 'struct sockaddr*', 'value': ""{'sa_family': 'AF_INET','sin_port': '22','sin_addr': '192.168.21.51'}""}, {'name': 'addrlen', 'type': 'int', 'value': 16}]",1,1
487.150013,7555,7555,7548,1001,4026531840,tsm,ip-10-100-1-217,42,connect,[],3,-114,"[{'name': 'sockfd', 'type': 'int', 'value': 783}, {'name': 'addr', 'type': 'struct sockaddr*', 'value': ""{'sin_port': '22','sin_addr': '192.168.21.52','sa_family': 'AF_INET'}""}, {'name': 'addrlen', 'type': 'int', 'value': 16}]",1,1
487.150035,7555,7555,7548,1001,4026531840,tsm,ip-10-100-1-217,42,connect,[],3,-114,"[{'name': 'sockfd', 'type': 'int', 'value': 784}, {'name': 'addr', 'type': 'struct sockaddr*', 'value': ""{'sin_port': '22','sin_addr': '192.168.21.53','sa_family': 'AF_INET'}""}, {'name': 'addrlen', 'type': 'int', 'value': 16}]",1,1
487.150057,7555,7555,7548,1001,4026531840,tsm,ip-10-100-1-217,42,connect,[],3,-114,"[{'name': 'sockfd', 'type': 'int', 'value': 785}, {'name': 'addr', 'type': 'struct sockaddr*', 'value': ""{'sa_family': 'AF_INET','sin_port': '22','sin_addr': '192.168.21.54'}""}, {'name': 'addrlen', 'type': 'int', 'value': 16}]",1,1
487.150079,7555,7555,7548,1001,4026531840,tsm,ip-10-100-1-217,42,connect,[],3,-114,"[{'name': 'sockfd', 'type': 'int', 'value': 786}, {'name': 'addr', 'type': 'struct sockaddr*', 'value': ""{'sa_family': 'AF_INET','sin_port': '22','sin_addr': '192.168.21.55'}""}, {'name': 'addrlen', 'type': 'int', 'value': 16}]",1,1
487.150101,7555,7555,7548,1001,4026531840,tsm,ip-10-100-1-217,42,connect,[],3,-114,"[{'name': 'sockfd', 'type': 'int', 'value': 787}, {'name': 'addr', 'type': 'struct sockaddr*', 'value': ""{'sa_family': 'AF_INET','sin_port': '22','sin_addr': '192.168.21.56'}""}, {'name': 'addrlen', 'type': 'int', 'value': 16}]",1,1
487.150123,7555,7555,7548,1001,4026531840,tsm,ip-10-100-1-217,42,connect,[],3,-114,"[{'name': 'sockfd', 'type': 'int', 'value': 788}, {'name': 'addr', 'type': 'struct sockaddr*', 'value': ""{'sa_family': 'AF_INET','sin_port': '22','sin_addr': '192.168.21.57'}""}, {'name': 'addrlen', 'type': 'int', 'value': 16}]",1,1
487.150145,7555,7555,7548,1001,4026531840,tsm,ip-10-100-1-217,42,connect,[],3,-114,"[{'name': 'sockfd', 'type': 'int', 'value': 789}, {'name': 'addr', 'type': 'struct sockaddr*', 'value': ""{'sa_family': 'AF_INET','sin_port': '22','sin_addr': '192.168.21.58'}""}, {'name': 'addrlen', 'type': 'int', 'value': 16}]",1,1
487.150167,7555,7555,7548,1001,4026531840,tsm,ip-10-100-1-217,42,connect,[],3,-114,"[{'name': 'sockfd', 'type': 'int', 'value': 790}, {'name': 'addr', 'type': 'struct sockaddr*', 'value': ""{'sa_family': 'AF_INET','sin_port': '22','sin_addr': '192.168.21.59'}""}, {'name': 'addrlen', 'type': 'int', 'value': 16}]",1,1
487.150189,7555,7555,7548,1001,4026531840,tsm,ip-10-100-1-217,42,connect,[],3,-114,"[{'name': 'sockfd', 'type': 'int', 'value': 791}, {'name': 'addr', 'type': 'struct sockaddr*', 'value': ""{'sa_family': 'AF_INET','sin_port': '22','sin_addr': '192.168.21.60'}""}, {'name': 'addrlen', 'type': 'int', 'value': 16}]",1,1
487.150211,7555,7555,7548,1001,4026531840,tsm,ip-10-100-1-217,42,connect,[],3,-114,"[{'name': 'sockfd', 'type': 'int', 'value': 792}, {'name': 'addr', 'type': 'struct sockaddr*', 'value': ""{'sa_family': 'AF_INET','sin_port': '22','sin_addr': '192.168.21.61'}""}, {'name': 'addrlen', 'type': 'int', 'value': 16}]",1,1
487.150233,7555,7555,7548,1001,4026531840,tsm,ip-10-100-1-217,42,connect,[],3,-114,"[{'name': 'sockfd', 'type': 'int', 'value': 793}, {'name': 'addr', 'type': 'struct sockaddr*', 'value': ""{'sa_family': 'AF_INET','sin_port': '22','sin_addr': '192.168.21.62'}""}, {'name': 'addrlen', 'type': 'int', 'value': 16}]",1,1
487.150255,7555,7555,7548,1001,4026531840,tsm,ip-10-100-1-217,42,connect,[],3,-114,"[{'name': 'sockfd', 'type': 'int', 'value': 794}, {'name': 'addr', 'type': 'struct sockaddr*', 'value': ""{'sin_port': '22','sin_addr': '192.168.21.63','sa_family': 'AF_INET'}""}, {'name': 'addrlen', 'type': 'int', 'value': 16}]",1,1
487.150277,7555,7555,7548,1001,4026531840,tsm,ip-10-100-1-217,42,connect,[],3,-114,"[{'name': 'sockfd', 'type': 'int', 'value': 795}, {'name': 'addr', 'type': 'struct sockaddr*', 'value': ""{'sa_family': 'AF_INET','sin_port': '22','sin_addr': '192.168.21.64'}""}, {'name': 'addrlen', 'type': 'int', 'value': 16}]",1,1
487.150299,7555,7555,7548,1001,4026531840,tsm,ip-10-100-1-217,42,connect,[],3,-114,"[{'name': 'sockfd', 'type': 'int', 'value': 796}, {'name': 'addr', 'type': 'struct sockaddr*', 'value': ""{'sa_family': 'AF_INET','sin_port': '22','sin_addr': '192.168.21.65'}""}, {'name': 'addrlen', 'type': 'int', 'value': 16}]",1,1
487.150321,7555,7555,7548,1001,4026531840,tsm,ip-10-100-1-217,42,connect,[],3,-114,"[{'name': 'sockfd', 'type': 'int', 'value': 797}, {'name': 'addr', 'type': 'struct sockaddr*', 'value': ""{'sa_family': 'AF_INET','sin_port': '22','sin_addr': '192.168.21.66'}""}, {'name': 'addrlen', 'type': 'int', 'value': 16}]",1,1
487.150343,7555,7555,7548,1001,4026531840,tsm,ip-10-100-1-217,42,connect,[],3,-114,"[{'name': 'sockfd', 'type': 'int', 'value': 798}, {'name': 'addr', 'type': 'struct sockaddr*', 'value': ""{'sa_family': 'AF_INET','sin_port': '22','sin_addr': '192.168.21.67'}""}, {'name': 'addrlen', 'type': 'int', 'value': 16}]",1,1
487.150365,7555,7555,7548,1001,4026531840,tsm,ip-10-100-1-217,42,connect,[],3,-114,"[{'name': 'sockfd', 'type': 'int', 'value': 799}, {'name': 'addr', 'type': 'struct sockaddr*', 'value': ""{'sa_family': 'AF_INET','sin_port': '22','sin_addr': '192.168.21.68'}""}, {'name': 'addrlen', 'type': 'int', 'value': 16}]",1,1
487.150387,7555,7555,7548,1001,4026531840,tsm,ip-10-100-1-217,42,connect,[],3,-114,"[{'name': 'sockfd', 'type': 'int', 'value': 800}, {'name': 'addr', 'type': 'struct sockaddr*', 'value': ""{'sa_family': 'AF_INET','sin_port': '22','sin_addr': '192.168.21.69'}""}, {'name': 'addrlen', 'type': 'int', 'value': 16}]",1,1
487.150409,7555,7555,7548,1001,4026531840,tsm,ip-10-100-1-217,42,connect,[],3,-114,"[{'name': 'sockfd', 'type': 'int', 'value': 801}, {'name': 'addr', 'type': 'struct sockaddr*', 'value': ""{'sa_family': 'AF_INET','sin_port': '22','sin_addr': '192.168.21.70'}""}, {'name': 'addrlen', 'type': 'int', 'value': 16}]",1,1
487.150431,7555,7555,7548,1001,4026531840,tsm,ip-10-100-1-217,42,connect,[],3,-114,"[{'name': 'sockfd', 'type': 'int', 'value': 802}, {'name': 'addr', 'type': 'struct sockaddr*', 'value': ""{'sa_family': 'AF_INET','sin_port': '22','sin_addr': '192.168.21.71'}""}, {'name': 'addrlen', 'type': 'int', 'value': 16}]",1,1
487.153147,7555,7555,7548,1001,4026531840,tsm,ip-10-100-1-217,42,connect,[],3,-114,"[{'name': 'sockfd', 'type': 'int', 'value': 803}, {'name': 'addr', 'type': 'struct sockaddr*', 'value': ""{'sa_family': 'AF_INET','sin_port': '22','sin_addr': '192.168.21.72'}""}, {'name': 'addrlen', 'type': 'int', 'value': 16}]",1,1
487.153181,7555,7555,7548,1001,4026531840,tsm,ip-10-100-1-217,42,connect,[],3,-114,"[{'name': 'sockfd', 'type': 'int', 'value': 4}, {'name': 'addr', 'type': 'struct sockaddr*', 'value': ""{'sa_family': 'AF_INET','sin_port': '22','sin_addr': '192.168.21.73'}""}, {'name': 'addrlen', 'type': 'int', 'value': 16}]",1,1
487.153204,7555,7555,7548,1001,4026531840,tsm,ip-10-100-1-217,42,connect,[],3,-114,"[{'name': 'sockfd', 'type': 'int', 'value': 5}, {'name': 'addr', 'type': 'struct sockaddr*', 'value': ""{'sa_family': 'AF_INET','sin_port': '22','sin_addr': '192.168.21.74'}""}, {'name': 'addrlen', 'type': 'int', 'value': 16}]",1,1
487.153226,7555,7555,7548,1001,4026531840,tsm,ip-10-100-1-217,42,connect,[],3,-114,"[{'name': 'sockfd', 'type': 'int', 'value': 6}, {'name': 'addr', 'type': 'struct sockaddr*', 'value': ""{'sin_port': '22','sin_addr': '192.168.21.75','sa_family': 'AF_INET'}""}, {'name': 'addrlen', 'type': 'int', 'value': 16}]",1,1
487.153248,7555,7555,7548,1001,4026531840,tsm,ip-10-100-1-217,42,connect,[],3,-114,"[{'name': 'sockfd', 'type': 'int', 'value': 7}, {'name': 'addr', 'type': 'struct sockaddr*', 'value': ""{'sa_family': 'AF_INET','sin_port': '22','sin_addr': '192.168.21.76'}""}, {'name': 'addrlen', 'type': 'int', 'value': 16}]",1,1
487.15327,7555,7555,7548,1001,4026531840,tsm,ip-10-100-1-217,42,connect,[],3,-114,"[{'name': 'sockfd', 'type': 'int', 'value': 8}, {'name': 'addr', 'type': 'struct sockaddr*', 'value': ""{'sa_family': 'AF_INET','sin_port': '22','sin_addr': '192.168.21.77'}""}, {'name': 'addrlen', 'type': 'int', 'value': 16}]",1,1
487.153292,7555,7555,7548,1001,4026531840,tsm,ip-10-100-1-217,42,connect,[],3,-114,"[{'name': 'sockfd', 'type': 'int', 'value': 9}, {'name': 'addr', 'type': 'struct sockaddr*', 'value': ""{'sa_family': 'AF_INET','sin_port': '22','sin_addr': '192.168.21.78'}""}, {'name': 'addrlen', 'type': 'int', 'value': 16}]",1,1
487.153336,7555,7555,7548,1001,4026531840,tsm,ip-10-100-1-217,42,connect,[],3,-114,"[{'name': 'sockfd', 'type': 'int', 'value': 10}, {'name': 'addr', 'type': 'struct sockaddr*', 'value': ""{'sa_family': 'AF_INET','sin_port': '22','sin_addr': '192.168.21.79'}""}, {'name': 'addrlen', 'type': 'int', 'value': 16}]",1,1
487.153363,7555,7555,7548,1001,4026531840,tsm,ip-10-100-1-217,42,connect,[],3,-114,"[{'name': 'sockfd', 'type': 'int', 'value': 11}, {'name': 'addr', 'type': 'struct sockaddr*', 'value': ""{'sa_family': 'AF_INET','sin_port': '22','sin_addr': '192.168.21.80'}""}, {'name': 'addrlen', 'type': 'int', 'value': 16}]",1,1
487.153385,7555,7555,7548,1001,4026531840,tsm,ip-10-100-1-217,42,connect,[],3,-114,"[{'name': 'sockfd', 'type': 'int', 'value': 12}, {'name': 'addr', 'type': 'struct sockaddr*', 'value': ""{'sin_addr': '192.168.21.81','sa_family': 'AF_INET','sin_port': '22'}""}, {'name': 'addrlen', 'type': 'int', 'value': 16}]",1,1
487.15341,7555,7555,7548,1001,4026531840,tsm,ip-10-100-1-217,42,connect,[],3,-114,"[{'name': 'sockfd', 'type': 'int', 'value': 13}, {'name': 'addr', 'type': 'struct sockaddr*', 'value': ""{'sa_family': 'AF_INET','sin_port': '22','sin_addr': '192.168.21.82'}""}, {'name': 'addrlen', 'type': 'int', 'value': 16}]",1,1
487.153432,7555,7555,7548,1001,4026531840,tsm,ip-10-100-1-217,42,connect,[],3,-114,"[{'name': 'sockfd', 'type': 'int', 'value': 14}, {'name': 'addr', 'type': 'struct sockaddr*', 'value': ""{'sa_family': 'AF_INET','sin_port': '22','sin_addr': '192.168.21.83'}""}, {'name': 'addrlen', 'type': 'int', 'value': 16}]",1,1
487.153454,7555,7555,7548,1001,4026531840,tsm,ip-10-100-1-217,42,connect,[],3,-114,"[{'name': 'sockfd', 'type': 'int', 'value': 15}, {'name': 'addr', 'type': 'struct sockaddr*', 'value': ""{'sin_addr': '192.168.21.84','sa_family': 'AF_INET','sin_port': '22'}""}, {'name': 'addrlen', 'type': 'int', 'value': 16}]",1,1
487.153476,7555,7555,7548,1001,4026531840,tsm,ip-10-100-1-217,42,connect,[],3,-114,"[{'name': 'sockfd', 'type': 'int', 'value': 16}, {'name': 'addr', 'type': 'struct sockaddr*', 'value': ""{'sa_family': 'AF_INET','sin_port': '22','sin_addr': '192.168.21.85'}""}, {'name': 'addrlen', 'type': 'int', 'value': 16}]",1,1
487.153499,7555,7555,7548,1001,4026531840,tsm,ip-10-100-1-217,42,connect,[],3,-114,"[{'name': 'sockfd', 'type': 'int', 'value': 17}, {'name': 'addr', 'type': 'struct sockaddr*', 'value': ""{'sa_family': 'AF_INET','sin_port': '22','sin_addr': '192.168.21.86'}""}, {'name': 'addrlen', 'type': 'int', 'value': 16}]",1,1
487.153521,7555,7555,7548,1001,4026531840,tsm,ip-10-100-1-217,42,connect,[],3,-114,"[{'name': 'sockfd', 'type': 'int', 'value': 18}, {'name': 'addr', 'type': 'struct sockaddr*', 'value': ""{'sa_family': 'AF_INET','sin_port': '22','sin_addr': '192.168.21.87'}""}, {'name': 'addrlen', 'type': 'int', 'value': 16}]",1,1
487.153542,7555,7555,7548,1001,4026531840,tsm,ip-10-100-1-217,42,connect,[],3,-114,"[{'name': 'sockfd', 'type': 'int', 'value': 19}, {'name': 'addr', 'type': 'struct sockaddr*', 'value': ""{'sa_family': 'AF_INET','sin_port': '22','sin_addr': '192.168.21.88'}""}, {'name': 'addrlen', 'type': 'int', 'value': 16}]",1,1
487.153564,7555,7555,7548,1001,4026531840,tsm,ip-10-100-1-217,42,connect,[],3,-114,"[{'name': 'sockfd', 'type': 'int', 'value': 20}, {'name': 'addr', 'type': 'struct sockaddr*', 'value': ""{'sa_family': 'AF_INET','sin_port': '22','sin_addr': '192.168.21.89'}""}, {'name': 'addrlen', 'type': 'int', 'value': 16}]",1,1
487.153586,7555,7555,7548,1001,4026531840,tsm,ip-10-100-1-217,42,connect,[],3,-114,"[{'name': 'sockfd', 'type': 'int', 'value': 21}, {'name': 'addr', 'type': 'struct sockaddr*', 'value': ""{'sa_family': 'AF_INET','sin_port': '22','sin_addr': '192.168.21.90'}""}, {'name': 'addrlen', 'type': 'int', 'value': 16}]",1,1
487.153618,7555,7555,7548,1001,4026531840,tsm,ip-10-100-1-217,42,connect,[],3,-114,"[{'name': 'sockfd', 'type': 'int', 'value': 22}, {'name': 'addr', 'type': 'struct sockaddr*', 'value': ""{'sin_addr': '192.168.21.91','sa_family': 'AF_INET','sin_port': '22'}""}, {'name': 'addrlen', 'type': 'int', 'value': 16}]",1,1
487.153642,7555,7555,7548,1001,4026531840,tsm,ip-10-100-1-217,42,connect,[],3,-114,"[{'name': 'sockfd', 'type': 'int', 'value': 23}, {'name': 'addr', 'type': 'struct sockaddr*', 'value': ""{'sa_family': 'AF_INET','sin_port': '22','sin_addr': '192.168.21.92'}""}, {'name': 'addrlen', 'type': 'int', 'value': 16}]",1,1
487.153664,7555,7555,7548,1001,4026531840,tsm,ip-10-100-1-217,42,connect,[],3,-114,"[{'name': 'sockfd', 'type': 'int', 'value': 24}, {'name': 'addr', 'type': 'struct sockaddr*', 'value': ""{'sa_family': 'AF_INET','sin_port': '22','sin_addr': '192.168.21.93'}""}, {'name': 'addrlen', 'type': 'int', 'value': 16}]",1,1
487.153686,7555,7555,7548,1001,4026531840,tsm,ip-10-100-1-217,42,connect,[],3,-114,"[{'name': 'sockfd', 'type': 'int', 'value': 25}, {'name': 'addr', 'type': 'struct sockaddr*', 'value': ""{'sa_family': 'AF_INET','sin_port': '22','sin_addr': '192.168.21.94'}""}, {'name': 'addrlen', 'type': 'int', 'value': 16}]",1,1
487.153708,7555,7555,7548,1001,4026531840,tsm,ip-10-100-1-217,42,connect,[],3,-114,"[{'name': 'sockfd', 'type': 'int', 'value': 26}, {'name': 'addr', 'type': 'struct sockaddr*', 'value': ""{'sa_family': 'AF_INET','sin_port': '22','sin_addr': '192.168.21.95'}""}, {'name': 'addrlen', 'type': 'int', 'value': 16}]",1,1
487.15373,7555,7555,7548,1001,4026531840,tsm,ip-10-100-1-217,42,connect,[],3,-114,"[{'name': 'sockfd', 'type': 'int', 'value': 27}, {'name': 'addr', 'type': 'struct sockaddr*', 'value': ""{'sa_family': 'AF_INET','sin_port': '22','sin_addr': '192.168.21.96'}""}, {'name': 'addrlen', 'type': 'int', 'value': 16}]",1,1
487.153752,7555,7555,7548,1001,4026531840,tsm,ip-10-100-1-217,42,connect,[],3,-114,"[{'name': 'sockfd', 'type': 'int', 'value': 28}, {'name': 'addr', 'type': 'struct sockaddr*', 'value': ""{'sin_addr': '192.168.21.97','sa_family': 'AF_INET','sin_port': '22'}""}, {'name': 'addrlen', 'type': 'int', 'value': 16}]",1,1
487.153774,7555,7555,7548,1001,4026531840,tsm,ip-10-100-1-217,42,connect,[],3,-114,"[{'name': 'sockfd', 'type': 'int', 'value': 29}, {'name': 'addr', 'type': 'struct sockaddr*', 'value': ""{'sin_addr': '192.168.21.98','sa_family': 'AF_INET','sin_port': '22'}""}, {'name': 'addrlen', 'type': 'int', 'value': 16}]",1,1
487.153796,7555,7555,7548,1001,4026531840,tsm,ip-10-100-1-217,42,connect,[],3,-114,"[{'name': 'sockfd', 'type': 'int', 'value': 30}, {'name': 'addr', 'type': 'struct sockaddr*', 'value': ""{'sa_family': 'AF_INET','sin_port': '22','sin_addr': '192.168.21.99'}""}, {'name': 'addrlen', 'type': 'int', 'value': 16}]",1,1
487.153819,7555,7555,7548,1001,4026531840,tsm,ip-10-100-1-217,42,connect,[],3,-114,"[{'name': 'sockfd', 'type': 'int', 'value': 31}, {'name': 'addr', 'type': 'struct sockaddr*', 'value': ""{'sa_family': 'AF_INET','sin_port': '22','sin_addr': '192.168.21.100'}""}, {'name': 'addrlen', 'type': 'int', 'value': 16}]",1,1
487.153841,7555,7555,7548,1001,4026531840,tsm,ip-10-100-1-217,42,connect,[],3,-114,"[{'name': 'sockfd', 'type': 'int', 'value': 32}, {'name': 'addr', 'type': 'struct sockaddr*', 'value': ""{'sa_family': 'AF_INET','sin_port': '22','sin_addr': '192.168.21.101'}""}, {'name': 'addrlen', 'type': 'int', 'value': 16}]",1,1
487.153863,7555,7555,7548,1001,4026531840,tsm,ip-10-100-1-217,42,connect,[],3,-114,"[{'name': 'sockfd', 'type': 'int', 'value': 33}, {'name': 'addr', 'type': 'struct sockaddr*', 'value': ""{'sa_family': 'AF_INET','sin_port': '22','sin_addr': '192.168.21.102'}""}, {'name': 'addrlen', 'type': 'int', 'value': 16}]",1,1
487.153885,7555,7555,7548,1001,4026531840,tsm,ip-10-100-1-217,42,connect,[],3,-114,"[{'name': 'sockfd', 'type': 'int', 'value': 34}, {'name': 'addr', 'type': 'struct sockaddr*', 'value': ""{'sin_port': '22','sin_addr': '192.168.21.103','sa_family': 'AF_INET'}""}, {'name': 'addrlen', 'type': 'int', 'value': 16}]",1,1
487.153907,7555,7555,7548,1001,4026531840,tsm,ip-10-100-1-217,42,connect,[],3,-114,"[{'name': 'sockfd', 'type': 'int', 'value': 35}, {'name': 'addr', 'type': 'struct sockaddr*', 'value': ""{'sa_family': 'AF_INET','sin_port': '22','sin_addr': '192.168.21.104'}""}, {'name': 'addrlen', 'type': 'int', 'value': 16}]",1,1
487.153929,7555,7555,7548,1001,4026531840,tsm,ip-10-100-1-217,42,connect,[],3,-114,"[{'name': 'sockfd', 'type': 'int', 'value': 36}, {'name': 'addr', 'type': 'struct sockaddr*', 'value': ""{'sa_family': 'AF_INET','sin_port': '22','sin_addr': '192.168.21.105'}""}, {'name': 'addrlen', 'type': 'int', 'value': 16}]",1,1
487.153951,7555,7555,7548,1001,4026531840,tsm,ip-10-100-1-217,42,connect,[],3,-114,"[{'name': 'sockfd', 'type': 'int', 'value': 37}, {'name': 'addr', 'type': 'struct sockaddr*', 'value': ""{'sa_family': 'AF_INET','sin_port': '22','sin_addr': '192.168.21.106'}""}, {'name': 'addrlen', 'type': 'int', 'value': 16}]",1,1
487.153973,7555,7555,7548,1001,4026531840,tsm,ip-10-100-1-217,42,connect,[],3,-114,"[{'name': 'sockfd', 'type': 'int', 'value': 38}, {'name': 'addr', 'type': 'struct sockaddr*', 'value': ""{'sa_family': 'AF_INET','sin_port': '22','sin_addr': '192.168.21.107'}""}, {'name': 'addrlen', 'type': 'int', 'value': 16}]",1,1
487.153995,7555,7555,7548,1001,4026531840,tsm,ip-10-100-1-217,42,connect,[],3,-114,"[{'name': 'sockfd', 'type': 'int', 'value': 39}, {'name': 'addr', 'type': 'struct sockaddr*', 'value': ""{'sa_family': 'AF_INET','sin_port': '22','sin_addr': '192.168.21.108'}""}, {'name': 'addrlen', 'type': 'int', 'value': 16}]",1,1
487.154017,7555,7555,7548,1001,4026531840,tsm,ip-10-100-1-217,42,connect,[],3,-114,"[{'name': 'sockfd', 'type': 'int', 'value': 40}, {'name': 'addr', 'type': 'struct sockaddr*', 'value': ""{'sin_port': '22','sin_addr': '192.168.21.109','sa_family': 'AF_INET'}""}, {'name': 'addrlen', 'type': 'int', 'value': 16}]",1,1
487.154039,7555,7555,7548,1001,4026531840,tsm,ip-10-100-1-217,42,connect,[],3,-114,"[{'name': 'sockfd', 'type': 'int', 'value': 41}, {'name': 'addr', 'type': 'struct sockaddr*', 'value': ""{'sa_family': 'AF_INET','sin_port': '22','sin_addr': '192.168.21.110'}""}, {'name': 'addrlen', 'type': 'int', 'value': 16}]",1,1
487.154061,7555,7555,7548,1001,4026531840,tsm,ip-10-100-1-217,42,connect,[],3,-114,"[{'name': 'sockfd', 'type': 'int', 'value': 42}, {'name': 'addr', 'type': 'struct sockaddr*', 'value': ""{'sa_family': 'AF_INET','sin_port': '22','sin_addr': '192.168.21.111'}""}, {'name': 'addrlen', 'type': 'int', 'value': 16}]",1,1
487.154083,7555,7555,7548,1001,4026531840,tsm,ip-10-100-1-217,42,connect,[],3,-114,"[{'name': 'sockfd', 'type': 'int', 'value': 43}, {'name': 'addr', 'type': 'struct sockaddr*', 'value': ""{'sa_family': 'AF_INET','sin_port': '22','sin_addr': '192.168.21.112'}""}, {'name': 'addrlen', 'type': 'int', 'value': 16}]",1,1
487.154105,7555,7555,7548,1001,4026531840,tsm,ip-10-100-1-217,42,connect,[],3,-114,"[{'name': 'sockfd', 'type': 'int', 'value': 44}, {'name': 'addr', 'type': 'struct sockaddr*', 'value': ""{'sa_family': 'AF_INET','sin_port': '22','sin_addr': '192.168.21.113'}""}, {'name': 'addrlen', 'type': 'int', 'value': 16}]",1,1
487.154127,7555,7555,7548,1001,4026531840,tsm,ip-10-100-1-217,42,connect,[],3,-114,"[{'name': 'sockfd', 'type': 'int', 'value': 45}, {'name': 'addr', 'type': 'struct sockaddr*', 'value': ""{'sa_family': 'AF_INET','sin_port': '22','sin_addr': '192.168.21.114'}""}, {'name': 'addrlen', 'type': 'int', 'value': 16}]",1,1
487.154149,7555,7555,7548,1001,4026531840,tsm,ip-10-100-1-217,42,connect,[],3,-114,"[{'name': 'sockfd', 'type': 'int', 'value': 46}, {'name': 'addr', 'type': 'struct sockaddr*', 'value': ""{'sin_addr': '192.168.21.115','sa_family': 'AF_INET','sin_port': '22'}""}, {'name': 'addrlen', 'type': 'int', 'value': 16}]",1,1
487.154174,7555,7555,7548,1001,4026531840,tsm,ip-10-100-1-217,42,connect,[],3,-114,"[{'name': 'sockfd', 'type': 'int', 'value': 47}, {'name': 'addr', 'type': 'struct sockaddr*', 'value': ""{'sa_family': 'AF_INET','sin_port': '22','sin_addr': '192.168.21.116'}""}, {'name': 'addrlen', 'type': 'int', 'value': 16}]",1,1
487.154196,7555,7555,7548,1001,4026531840,tsm,ip-10-100-1-217,42,connect,[],3,-114,"[{'name': 'sockfd', 'type': 'int', 'value': 48}, {'name': 'addr', 'type': 'struct sockaddr*', 'value': ""{'sa_family': 'AF_INET','sin_port': '22','sin_addr': '192.168.21.117'}""}, {'name': 'addrlen', 'type': 'int', 'value': 16}]",1,1
487.154218,7555,7555,7548,1001,4026531840,tsm,ip-10-100-1-217,42,connect,[],3,-114,"[{'name': 'sockfd', 'type': 'int', 'value': 49}, {'name': 'addr', 'type': 'struct sockaddr*', 'value': ""{'sin_port': '22','sin_addr': '192.168.21.118','sa_family': 'AF_INET'}""}, {'name': 'addrlen', 'type': 'int', 'value': 16}]",1,1
487.15424,7555,7555,7548,1001,4026531840,tsm,ip-10-100-1-217,42,connect,[],3,-114,"[{'name': 'sockfd', 'type': 'int', 'value': 50}, {'name': 'addr', 'type': 'struct sockaddr*', 'value': ""{'sa_family': 'AF_INET','sin_port': '22','sin_addr': '192.168.21.119'}""}, {'name': 'addrlen', 'type': 'int', 'value': 16}]",1,1
487.154262,7555,7555,7548,1001,4026531840,tsm,ip-10-100-1-217,42,connect,[],3,-114,"[{'name': 'sockfd', 'type': 'int', 'value': 51}, {'name': 'addr', 'type': 'struct sockaddr*', 'value': ""{'sin_port': '22','sin_addr': '192.168.21.120','sa_family': 'AF_INET'}""}, {'name': 'addrlen', 'type': 'int', 'value': 16}]",1,1
487.154284,7555,7555,7548,1001,4026531840,tsm,ip-10-100-1-217,42,connect,[],3,-114,"[{'name': 'sockfd', 'type': 'int', 'value': 52}, {'name': 'addr', 'type': 'struct sockaddr*', 'value': ""{'sa_family': 'AF_INET','sin_port': '22','sin_addr': '192.168.21.121'}""}, {'name': 'addrlen', 'type': 'int', 'value': 16}]",1,1
487.154306,7555,7555,7548,1001,4026531840,tsm,ip-10-100-1-217,42,connect,[],3,-114,"[{'name': 'sockfd', 'type': 'int', 'value': 53}, {'name': 'addr', 'type': 'struct sockaddr*', 'value': ""{'sa_family': 'AF_INET','sin_port': '22','sin_addr': '192.168.21.122'}""}, {'name': 'addrlen', 'type': 'int', 'value': 16}]",1,1
487.154328,7555,7555,7548,1001,4026531840,tsm,ip-10-100-1-217,42,connect,[],3,-114,"[{'name': 'sockfd', 'type': 'int', 'value': 54}, {'name': 'addr', 'type': 'struct sockaddr*', 'value': ""{'sa_family': 'AF_INET','sin_port': '22','sin_addr': '192.168.21.123'}""}, {'name': 'addrlen', 'type': 'int', 'value': 16}]",1,1
487.15435,7555,7555,7548,1001,4026531840,tsm,ip-10-100-1-217,42,connect,[],3,-114,"[{'name': 'sockfd', 'type': 'int', 'value': 55}, {'name': 'addr', 'type': 'struct sockaddr*', 'value': ""{'sin_port': '22','sin_addr': '192.168.21.124','sa_family': 'AF_INET'}""}, {'name': 'addrlen', 'type': 'int', 'value': 16}]",1,1
487.154372,7555,7555,7548,1001,4026531840,tsm,ip-10-100-1-217,42,connect,[],3,-114,"[{'name': 'sockfd', 'type': 'int', 'value': 56}, {'name': 'addr', 'type': 'struct sockaddr*', 'value': ""{'sin_port': '22','sin_addr': '192.168.21.125','sa_family': 'AF_INET'}""}, {'name': 'addrlen', 'type': 'int', 'value': 16}]",1,1
487.154394,7555,7555,7548,1001,4026531840,tsm,ip-10-100-1-217,42,connect,[],3,-114,"[{'name': 'sockfd', 'type': 'int', 'value': 57}, {'name': 'addr', 'type': 'struct sockaddr*', 'value': ""{'sin_port': '22','sin_addr': '192.168.21.126','sa_family': 'AF_INET'}""}, {'name': 'addrlen', 'type': 'int', 'value': 16}]",1,1
487.154417,7555,7555,7548,1001,4026531840,tsm,ip-10-100-1-217,42,connect,[],3,-114,"[{'name': 'sockfd', 'type': 'int', 'value': 58}, {'name': 'addr', 'type': 'struct sockaddr*', 'value': ""{'sa_family': 'AF_INET','sin_port': '22','sin_addr': '192.168.21.127'}""}, {'name': 'addrlen', 'type': 'int', 'value': 16}]",1,1
487.154439,7555,7555,7548,1001,4026531840,tsm,ip-10-100-1-217,42,connect,[],3,-114,"[{'name': 'sockfd', 'type': 'int', 'value': 59}, {'name': 'addr', 'type': 'struct sockaddr*', 'value': ""{'sa_family': 'AF_INET','sin_port': '22','sin_addr': '192.168.21.128'}""}, {'name': 'addrlen', 'type': 'int', 'value': 16}]",1,1
487.154473,7555,7555,7548,1001,4026531840,tsm,ip-10-100-1-217,42,connect,[],3,-114,"[{'name': 'sockfd', 'type': 'int', 'value': 60}, {'name': 'addr', 'type': 'struct sockaddr*', 'value': ""{'sa_family': 'AF_INET','sin_port': '22','sin_addr': '192.168.21.129'}""}, {'name': 'addrlen', 'type': 'int', 'value': 16}]",1,1
487.154495,7555,7555,7548,1001,4026531840,tsm,ip-10-100-1-217,42,connect,[],3,-114,"[{'name': 'sockfd', 'type': 'int', 'value': 61}, {'name': 'addr', 'type': 'struct sockaddr*', 'value': ""{'sa_family': 'AF_INET','sin_port': '22','sin_addr': '192.168.21.130'}""}, {'name': 'addrlen', 'type': 'int', 'value': 16}]",1,1
487.154517,7555,7555,7548,1001,4026531840,tsm,ip-10-100-1-217,42,connect,[],3,-114,"[{'name': 'sockfd', 'type': 'int', 'value': 62}, {'name': 'addr', 'type': 'struct sockaddr*', 'value': ""{'sin_port': '22','sin_addr': '192.168.21.131','sa_family': 'AF_INET'}""}, {'name': 'addrlen', 'type': 'int', 'value': 16}]",1,1
487.15454,7555,7555,7548,1001,4026531840,tsm,ip-10-100-1-217,42,connect,[],3,-114,"[{'name': 'sockfd', 'type': 'int', 'value': 63}, {'name': 'addr', 'type': 'struct sockaddr*', 'value': ""{'sa_family': 'AF_INET','sin_port': '22','sin_addr': '192.168.21.132'}""}, {'name': 'addrlen', 'type': 'int', 'value': 16}]",1,1
487.154562,7555,7555,7548,1001,4026531840,tsm,ip-10-100-1-217,42,connect,[],3,-114,"[{'name': 'sockfd', 'type': 'int', 'value': 64}, {'name': 'addr', 'type': 'struct sockaddr*', 'value': ""{'sa_family': 'AF_INET','sin_port': '22','sin_addr': '192.168.21.133'}""}, {'name': 'addrlen', 'type': 'int', 'value': 16}]",1,1
487.154584,7555,7555,7548,1001,4026531840,tsm,ip-10-100-1-217,42,connect,[],3,-114,"[{'name': 'sockfd', 'type': 'int', 'value': 65}, {'name': 'addr', 'type': 'struct sockaddr*', 'value': ""{'sa_family': 'AF_INET','sin_port': '22','sin_addr': '192.168.21.134'}""}, {'name': 'addrlen', 'type': 'int', 'value': 16}]",1,1
487.154606,7555,7555,7548,1001,4026531840,tsm,ip-10-100-1-217,42,connect,[],3,-114,"[{'name': 'sockfd', 'type': 'int', 'value': 66}, {'name': 'addr', 'type': 'struct sockaddr*', 'value': ""{'sa_family': 'AF_INET','sin_port': '22','sin_addr': '192.168.21.135'}""}, {'name': 'addrlen', 'type': 'int', 'value': 16}]",1,1
487.154628,7555,7555,7548,1001,4026531840,tsm,ip-10-100-1-217,42,connect,[],3,-114,"[{'name': 'sockfd', 'type': 'int', 'value': 67}, {'name': 'addr', 'type': 'struct sockaddr*', 'value': ""{'sa_family': 'AF_INET','sin_port': '22','sin_addr': '192.168.21.136'}""}, {'name': 'addrlen', 'type': 'int', 'value': 16}]",1,1
487.15465,7555,7555,7548,1001,4026531840,tsm,ip-10-100-1-217,42,connect,[],3,-114,"[{'name': 'sockfd', 'type': 'int', 'value': 68}, {'name': 'addr', 'type': 'struct sockaddr*', 'value': ""{'sin_port': '22','sin_addr': '192.168.21.137','sa_family': 'AF_INET'}""}, {'name': 'addrlen', 'type': 'int', 'value': 16}]",1,1
487.154672,7555,7555,7548,1001,4026531840,tsm,ip-10-100-1-217,42,connect,[],3,-114,"[{'name': 'sockfd', 'type': 'int', 'value': 69}, {'name': 'addr', 'type': 'struct sockaddr*', 'value': ""{'sa_family': 'AF_INET','sin_port': '22','sin_addr': '192.168.21.138'}""}, {'name': 'addrlen', 'type': 'int', 'value': 16}]",1,1
487.154694,7555,7555,7548,1001,4026531840,tsm,ip-10-100-1-217,42,connect,[],3,-114,"[{'name': 'sockfd', 'type': 'int', 'value': 70}, {'name': 'addr', 'type': 'struct sockaddr*', 'value': ""{'sa_family': 'AF_INET','sin_port': '22','sin_addr': '192.168.21.139'}""}, {'name': 'addrlen', 'type': 'int', 'value': 16}]",1,1
487.154716,7555,7555,7548,1001,4026531840,tsm,ip-10-100-1-217,42,connect,[],3,-114,"[{'name': 'sockfd', 'type': 'int', 'value': 71}, {'name': 'addr', 'type': 'struct sockaddr*', 'value': ""{'sin_addr': '192.168.21.140','sa_family': 'AF_INET','sin_port': '22'}""}, {'name': 'addrlen', 'type': 'int', 'value': 16}]",1,1
487.154738,7555,7555,7548,1001,4026531840,tsm,ip-10-100-1-217,42,connect,[],3,-114,"[{'name': 'sockfd', 'type': 'int', 'value': 72}, {'name': 'addr', 'type': 'struct sockaddr*', 'value': ""{'sa_family': 'AF_INET','sin_port': '22','sin_addr': '192.168.21.141'}""}, {'name': 'addrlen', 'type': 'int', 'value': 16}]",1,1
487.15476,7555,7555,7548,1001,4026531840,tsm,ip-10-100-1-217,42,connect,[],3,-114,"[{'name': 'sockfd', 'type': 'int', 'value': 73}, {'name': 'addr', 'type': 'struct sockaddr*', 'value': ""{'sa_family': 'AF_INET','sin_port': '22','sin_addr': '192.168.21.142'}""}, {'name': 'addrlen', 'type': 'int', 'value': 16}]",1,1
487.154782,7555,7555,7548,1001,4026531840,tsm,ip-10-100-1-217,42,connect,[],3,-114,"[{'name': 'sockfd', 'type': 'int', 'value': 74}, {'name': 'addr', 'type': 'struct sockaddr*', 'value': ""{'sa_family': 'AF_INET','sin_port': '22','sin_addr': '192.168.21.143'}""}, {'name': 'addrlen', 'type': 'int', 'value': 16}]",1,1
487.154804,7555,7555,7548,1001,4026531840,tsm,ip-10-100-1-217,42,connect,[],3,-114,"[{'name': 'sockfd', 'type': 'int', 'value': 75}, {'name': 'addr', 'type': 'struct sockaddr*', 'value': ""{'sa_family': 'AF_INET','sin_port': '22','sin_addr': '192.168.21.144'}""}, {'name': 'addrlen', 'type': 'int', 'value': 16}]",1,1
487.154826,7555,7555,7548,1001,4026531840,tsm,ip-10-100-1-217,42,connect,[],3,-114,"[{'name': 'sockfd', 'type': 'int', 'value': 76}, {'name': 'addr', 'type': 'struct sockaddr*', 'value': ""{'sin_port': '22','sin_addr': '192.168.21.145','sa_family': 'AF_INET'}""}, {'name': 'addrlen', 'type': 'int', 'value': 16}]",1,1
487.154848,7555,7555,7548,1001,4026531840,tsm,ip-10-100-1-217,42,connect,[],3,-114,"[{'name': 'sockfd', 'type': 'int', 'value': 77}, {'name': 'addr', 'type': 'struct sockaddr*', 'value': ""{'sa_family': 'AF_INET','sin_port': '22','sin_addr': '192.168.21.146'}""}, {'name': 'addrlen', 'type': 'int', 'value': 16}]",1,1
487.15487,7555,7555,7548,1001,4026531840,tsm,ip-10-100-1-217,42,connect,[],3,-114,"[{'name': 'sockfd', 'type': 'int', 'value': 78}, {'name': 'addr', 'type': 'struct sockaddr*', 'value': ""{'sa_family': 'AF_INET','sin_port': '22','sin_addr': '192.168.21.147'}""}, {'name': 'addrlen', 'type': 'int', 'value': 16}]",1,1
487.154892,7555,7555,7548,1001,4026531840,tsm,ip-10-100-1-217,42,connect,[],3,-114,"[{'name': 'sockfd', 'type': 'int', 'value': 79}, {'name': 'addr', 'type': 'struct sockaddr*', 'value': ""{'sin_addr': '192.168.21.148','sa_family': 'AF_INET','sin_port': '22'}""}, {'name': 'addrlen', 'type': 'int', 'value': 16}]",1,1
487.154914,7555,7555,7548,1001,4026531840,tsm,ip-10-100-1-217,42,connect,[],3,-114,"[{'name': 'sockfd', 'type': 'int', 'value': 80}, {'name': 'addr', 'type': 'struct sockaddr*', 'value': ""{'sa_family': 'AF_INET','sin_port': '22','sin_addr': '192.168.21.149'}""}, {'name': 'addrlen', 'type': 'int', 'value': 16}]",1,1
487.154936,7555,7555,7548,1001,4026531840,tsm,ip-10-100-1-217,42,connect,[],3,-114,"[{'name': 'sockfd', 'type': 'int', 'value': 81}, {'name': 'addr', 'type': 'struct sockaddr*', 'value': ""{'sa_family': 'AF_INET','sin_port': '22','sin_addr': '192.168.21.150'}""}, {'name': 'addrlen', 'type': 'int', 'value': 16}]",1,1
487.154958,7555,7555,7548,1001,4026531840,tsm,ip-10-100-1-217,42,connect,[],3,-114,"[{'name': 'sockfd', 'type': 'int', 'value': 82}, {'name': 'addr', 'type': 'struct sockaddr*', 'value': ""{'sin_addr': '192.168.21.151','sa_family': 'AF_INET','sin_port': '22'}""}, {'name': 'addrlen', 'type': 'int', 'value': 16}]",1,1
487.15498,7555,7555,7548,1001,4026531840,tsm,ip-10-100-1-217,42,connect,[],3,-114,"[{'name': 'sockfd', 'type': 'int', 'value': 83}, {'name': 'addr', 'type': 'struct sockaddr*', 'value': ""{'sin_addr': '192.168.21.152','sa_family': 'AF_INET','sin_port': '22'}""}, {'name': 'addrlen', 'type': 'int', 'value': 16}]",1,1
487.155002,7555,7555,7548,1001,4026531840,tsm,ip-10-100-1-217,42,connect,[],3,-114,"[{'name': 'sockfd', 'type': 'int', 'value': 84}, {'name': 'addr', 'type': 'struct sockaddr*', 'value': ""{'sa_family': 'AF_INET','sin_port': '22','sin_addr': '192.168.21.153'}""}, {'name': 'addrlen', 'type': 'int', 'value': 16}]",1,1
487.155024,7555,7555,7548,1001,4026531840,tsm,ip-10-100-1-217,42,connect,[],3,-114,"[{'name': 'sockfd', 'type': 'int', 'value': 85}, {'name': 'addr', 'type': 'struct sockaddr*', 'value': ""{'sa_family': 'AF_INET','sin_port': '22','sin_addr': '192.168.21.154'}""}, {'name': 'addrlen', 'type': 'int', 'value': 16}]",1,1
487.155046,7555,7555,7548,1001,4026531840,tsm,ip-10-100-1-217,42,connect,[],3,-114,"[{'name': 'sockfd', 'type': 'int', 'value': 86}, {'name': 'addr', 'type': 'struct sockaddr*', 'value': ""{'sa_family': 'AF_INET','sin_port': '22','sin_addr': '192.168.21.155'}""}, {'name': 'addrlen', 'type': 'int', 'value': 16}]",1,1
487.155068,7555,7555,7548,1001,4026531840,tsm,ip-10-100-1-217,42,connect,[],3,-114,"[{'name': 'sockfd', 'type': 'int', 'value': 87}, {'name': 'addr', 'type': 'struct sockaddr*', 'value': ""{'sa_family': 'AF_INET','sin_port': '22','sin_addr': '192.168.21.156'}""}, {'name': 'addrlen', 'type': 'int', 'value': 16}]",1,1
487.15509,7555,7555,7548,1001,4026531840,tsm,ip-10-100-1-217,42,connect,[],3,-114,"[{'name': 'sockfd', 'type': 'int', 'value': 88}, {'name': 'addr', 'type': 'struct sockaddr*', 'value': ""{'sa_family': 'AF_INET','sin_port': '22','sin_addr': '192.168.21.157'}""}, {'name': 'addrlen', 'type': 'int', 'value': 16}]",1,1
487.155112,7555,7555,7548,1001,4026531840,tsm,ip-10-100-1-217,42,connect,[],3,-114,"[{'name': 'sockfd', 'type': 'int', 'value': 89}, {'name': 'addr', 'type': 'struct sockaddr*', 'value': ""{'sa_family': 'AF_INET','sin_port': '22','sin_addr': '192.168.21.158'}""}, {'name': 'addrlen', 'type': 'int', 'value': 16}]",1,1
487.155134,7555,7555,7548,1001,4026531840,tsm,ip-10-100-1-217,42,connect,[],3,-114,"[{'name': 'sockfd', 'type': 'int', 'value': 90}, {'name': 'addr', 'type': 'struct sockaddr*', 'value': ""{'sa_family': 'AF_INET','sin_port': '22','sin_addr': '192.168.21.159'}""}, {'name': 'addrlen', 'type': 'int', 'value': 16}]",1,1
487.155157,7555,7555,7548,1001,4026531840,tsm,ip-10-100-1-217,42,connect,[],3,-114,"[{'name': 'sockfd', 'type': 'int', 'value': 91}, {'name': 'addr', 'type': 'struct sockaddr*', 'value': ""{'sin_port': '22','sin_addr': '192.168.21.160','sa_family': 'AF_INET'}""}, {'name': 'addrlen', 'type': 'int', 'value': 16}]",1,1
487.155179,7555,7555,7548,1001,4026531840,tsm,ip-10-100-1-217,42,connect,[],3,-114,"[{'name': 'sockfd', 'type': 'int', 'value': 92}, {'name': 'addr', 'type': 'struct sockaddr*', 'value': ""{'sa_family': 'AF_INET','sin_port': '22','sin_addr': '192.168.21.161'}""}, {'name': 'addrlen', 'type': 'int', 'value': 16}]",1,1
487.1552,7555,7555,7548,1001,4026531840,tsm,ip-10-100-1-217,42,connect,[],3,-114,"[{'name': 'sockfd', 'type': 'int', 'value': 93}, {'name': 'addr', 'type': 'struct sockaddr*', 'value': ""{'sa_family': 'AF_INET','sin_port': '22','sin_addr': '192.168.21.162'}""}, {'name': 'addrlen', 'type': 'int', 'value': 16}]",1,1
487.155222,7555,7555,7548,1001,4026531840,tsm,ip-10-100-1-217,42,connect,[],3,-114,"[{'name': 'sockfd', 'type': 'int', 'value': 94}, {'name': 'addr', 'type': 'struct sockaddr*', 'value': ""{'sa_family': 'AF_INET','sin_port': '22','sin_addr': '192.168.21.163'}""}, {'name': 'addrlen', 'type': 'int', 'value': 16}]",1,1
487.155244,7555,7555,7548,1001,4026531840,tsm,ip-10-100-1-217,42,connect,[],3,-114,"[{'name': 'sockfd', 'type': 'int', 'value': 95}, {'name': 'addr', 'type': 'struct sockaddr*', 'value': ""{'sa_family': 'AF_INET','sin_port': '22','sin_addr': '192.168.21.164'}""}, {'name': 'addrlen', 'type': 'int', 'value': 16}]",1,1
487.155266,7555,7555,7548,1001,4026531840,tsm,ip-10-100-1-217,42,connect,[],3,-114,"[{'name': 'sockfd', 'type': 'int', 'value': 96}, {'name': 'addr', 'type': 'struct sockaddr*', 'value': ""{'sa_family': 'AF_INET','sin_port': '22','sin_addr': '192.168.21.165'}""}, {'name': 'addrlen', 'type': 'int', 'value': 16}]",1,1
487.155288,7555,7555,7548,1001,4026531840,tsm,ip-10-100-1-217,42,connect,[],3,-114,"[{'name': 'sockfd', 'type': 'int', 'value': 97}, {'name': 'addr', 'type': 'struct sockaddr*', 'value': ""{'sa_family': 'AF_INET','sin_port': '22','sin_addr': '192.168.21.166'}""}, {'name': 'addrlen', 'type': 'int', 'value': 16}]",1,1
487.15531,7555,7555,7548,1001,4026531840,tsm,ip-10-100-1-217,42,connect,[],3,-114,"[{'name': 'sockfd', 'type': 'int', 'value': 98}, {'name': 'addr', 'type': 'struct sockaddr*', 'value': ""{'sa_family': 'AF_INET','sin_port': '22','sin_addr': '192.168.21.167'}""}, {'name': 'addrlen', 'type': 'int', 'value': 16}]",1,1
487.155332,7555,7555,7548,1001,4026531840,tsm,ip-10-100-1-217,42,connect,[],3,-114,"[{'name': 'sockfd', 'type': 'int', 'value': 99}, {'name': 'addr', 'type': 'struct sockaddr*', 'value': ""{'sa_family': 'AF_INET','sin_port': '22','sin_addr': '192.168.21.168'}""}, {'name': 'addrlen', 'type': 'int', 'value': 16}]",1,1
487.155354,7555,7555,7548,1001,4026531840,tsm,ip-10-100-1-217,42,connect,[],3,-114,"[{'name': 'sockfd', 'type': 'int', 'value': 100}, {'name': 'addr', 'type': 'struct sockaddr*', 'value': ""{'sa_family': 'AF_INET','sin_port': '22','sin_addr': '192.168.21.169'}""}, {'name': 'addrlen', 'type': 'int', 'value': 16}]",1,1
487.155376,7555,7555,7548,1001,4026531840,tsm,ip-10-100-1-217,42,connect,[],3,-114,"[{'name': 'sockfd', 'type': 'int', 'value': 101}, {'name': 'addr', 'type': 'struct sockaddr*', 'value': ""{'sa_family': 'AF_INET','sin_port': '22','sin_addr': '192.168.21.170'}""}, {'name': 'addrlen', 'type': 'int', 'value': 16}]",1,1
487.155398,7555,7555,7548,1001,4026531840,tsm,ip-10-100-1-217,42,connect,[],3,-114,"[{'name': 'sockfd', 'type': 'int', 'value': 102}, {'name': 'addr', 'type': 'struct sockaddr*', 'value': ""{'sa_family': 'AF_INET','sin_port': '22','sin_addr': '192.168.21.171'}""}, {'name': 'addrlen', 'type': 'int', 'value': 16}]",1,1
487.15542,7555,7555,7548,1001,4026531840,tsm,ip-10-100-1-217,42,connect,[],3,-114,"[{'name': 'sockfd', 'type': 'int', 'value': 103}, {'name': 'addr', 'type': 'struct sockaddr*', 'value': ""{'sa_family': 'AF_INET','sin_port': '22','sin_addr': '192.168.21.172'}""}, {'name': 'addrlen', 'type': 'int', 'value': 16}]",1,1
487.155442,7555,7555,7548,1001,4026531840,tsm,ip-10-100-1-217,42,connect,[],3,-114,"[{'name': 'sockfd', 'type': 'int', 'value': 104}, {'name': 'addr', 'type': 'struct sockaddr*', 'value': ""{'sa_family': 'AF_INET','sin_port': '22','sin_addr': '192.168.21.173'}""}, {'name': 'addrlen', 'type': 'int', 'value': 16}]",1,1
487.155464,7555,7555,7548,1001,4026531840,tsm,ip-10-100-1-217,42,connect,[],3,-114,"[{'name': 'sockfd', 'type': 'int', 'value': 105}, {'name': 'addr', 'type': 'struct sockaddr*', 'value': ""{'sa_family': 'AF_INET','sin_port': '22','sin_addr': '192.168.21.174'}""}, {'name': 'addrlen', 'type': 'int', 'value': 16}]",1,1
487.155486,7555,7555,7548,1001,4026531840,tsm,ip-10-100-1-217,42,connect,[],3,-114,"[{'name': 'sockfd', 'type': 'int', 'value': 106}, {'name': 'addr', 'type': 'struct sockaddr*', 'value': ""{'sa_family': 'AF_INET','sin_port': '22','sin_addr': '192.168.21.175'}""}, {'name': 'addrlen', 'type': 'int', 'value': 16}]",1,1
487.155508,7555,7555,7548,1001,4026531840,tsm,ip-10-100-1-217,42,connect,[],3,-114,"[{'name': 'sockfd', 'type': 'int', 'value': 107}, {'name': 'addr', 'type': 'struct sockaddr*', 'value': ""{'sin_addr': '192.168.21.176','sa_family': 'AF_INET','sin_port': '22'}""}, {'name': 'addrlen', 'type': 'int', 'value': 16}]",1,1
487.15553,7555,7555,7548,1001,4026531840,tsm,ip-10-100-1-217,42,connect,[],3,-114,"[{'name': 'sockfd', 'type': 'int', 'value': 108}, {'name': 'addr', 'type': 'struct sockaddr*', 'value': ""{'sa_family': 'AF_INET','sin_port': '22','sin_addr': '192.168.21.177'}""}, {'name': 'addrlen', 'type': 'int', 'value': 16}]",1,1
487.155554,7555,7555,7548,1001,4026531840,tsm,ip-10-100-1-217,42,connect,[],3,-114,"[{'name': 'sockfd', 'type': 'int', 'value': 109}, {'name': 'addr', 'type': 'struct sockaddr*', 'value': ""{'sin_port': '22','sin_addr': '192.168.21.178','sa_family': 'AF_INET'}""}, {'name': 'addrlen', 'type': 'int', 'value': 16}]",1,1
487.155577,7555,7555,7548,1001,4026531840,tsm,ip-10-100-1-217,42,connect,[],3,-114,"[{'name': 'sockfd', 'type': 'int', 'value': 110}, {'name': 'addr', 'type': 'struct sockaddr*', 'value': ""{'sa_family': 'AF_INET','sin_port': '22','sin_addr': '192.168.21.179'}""}, {'name': 'addrlen', 'type': 'int', 'value': 16}]",1,1
487.155598,7555,7555,7548,1001,4026531840,tsm,ip-10-100-1-217,42,connect,[],3,-114,"[{'name': 'sockfd', 'type': 'int', 'value': 111}, {'name': 'addr', 'type': 'struct sockaddr*', 'value': ""{'sa_family': 'AF_INET','sin_port': '22','sin_addr': '192.168.21.180'}""}, {'name': 'addrlen', 'type': 'int', 'value': 16}]",1,1
487.15562,7555,7555,7548,1001,4026531840,tsm,ip-10-100-1-217,42,connect,[],3,-114,"[{'name': 'sockfd', 'type': 'int', 'value': 112}, {'name': 'addr', 'type': 'struct sockaddr*', 'value': ""{'sin_addr': '192.168.21.181','sa_family': 'AF_INET','sin_port': '22'}""}, {'name': 'addrlen', 'type': 'int', 'value': 16}]",1,1
487.155642,7555,7555,7548,1001,4026531840,tsm,ip-10-100-1-217,42,connect,[],3,-114,"[{'name': 'sockfd', 'type': 'int', 'value': 113}, {'name': 'addr', 'type': 'struct sockaddr*', 'value': ""{'sa_family': 'AF_INET','sin_port': '22','sin_addr': '192.168.21.182'}""}, {'name': 'addrlen', 'type': 'int', 'value': 16}]",1,1
487.155664,7555,7555,7548,1001,4026531840,tsm,ip-10-100-1-217,42,connect,[],3,-114,"[{'name': 'sockfd', 'type': 'int', 'value': 114}, {'name': 'addr', 'type': 'struct sockaddr*', 'value': ""{'sa_family': 'AF_INET','sin_port': '22','sin_addr': '192.168.21.183'}""}, {'name': 'addrlen', 'type': 'int', 'value': 16}]",1,1
487.155686,7555,7555,7548,1001,4026531840,tsm,ip-10-100-1-217,42,connect,[],3,-114,"[{'name': 'sockfd', 'type': 'int', 'value': 115}, {'name': 'addr', 'type': 'struct sockaddr*', 'value': ""{'sa_family': 'AF_INET','sin_port': '22','sin_addr': '192.168.21.184'}""}, {'name': 'addrlen', 'type': 'int', 'value': 16}]",1,1
487.155708,7555,7555,7548,1001,4026531840,tsm,ip-10-100-1-217,42,connect,[],3,-114,"[{'name': 'sockfd', 'type': 'int', 'value': 116}, {'name': 'addr', 'type': 'struct sockaddr*', 'value': ""{'sa_family': 'AF_INET','sin_port': '22','sin_addr': '192.168.21.185'}""}, {'name': 'addrlen', 'type': 'int', 'value': 16}]",1,1
487.155731,7555,7555,7548,1001,4026531840,tsm,ip-10-100-1-217,42,connect,[],3,-114,"[{'name': 'sockfd', 'type': 'int', 'value': 117}, {'name': 'addr', 'type': 'struct sockaddr*', 'value': ""{'sa_family': 'AF_INET','sin_port': '22','sin_addr': '192.168.21.186'}""}, {'name': 'addrlen', 'type': 'int', 'value': 16}]",1,1
487.155753,7555,7555,7548,1001,4026531840,tsm,ip-10-100-1-217,42,connect,[],3,-114,"[{'name': 'sockfd', 'type': 'int', 'value': 118}, {'name': 'addr', 'type': 'struct sockaddr*', 'value': ""{'sa_family': 'AF_INET','sin_port': '22','sin_addr': '192.168.21.187'}""}, {'name': 'addrlen', 'type': 'int', 'value': 16}]",1,1
487.155775,7555,7555,7548,1001,4026531840,tsm,ip-10-100-1-217,42,connect,[],3,-114,"[{'name': 'sockfd', 'type': 'int', 'value': 119}, {'name': 'addr', 'type': 'struct sockaddr*', 'value': ""{'sa_family': 'AF_INET','sin_port': '22','sin_addr': '192.168.21.188'}""}, {'name': 'addrlen', 'type': 'int', 'value': 16}]",1,1
487.155797,7555,7555,7548,1001,4026531840,tsm,ip-10-100-1-217,42,connect,[],3,-114,"[{'name': 'sockfd', 'type': 'int', 'value': 120}, {'name': 'addr', 'type': 'struct sockaddr*', 'value': ""{'sa_family': 'AF_INET','sin_port': '22','sin_addr': '192.168.21.189'}""}, {'name': 'addrlen', 'type': 'int', 'value': 16}]",1,1
487.155819,7555,7555,7548,1001,4026531840,tsm,ip-10-100-1-217,42,connect,[],3,-114,"[{'name': 'sockfd', 'type': 'int', 'value': 121}, {'name': 'addr', 'type': 'struct sockaddr*', 'value': ""{'sa_family': 'AF_INET','sin_port': '22','sin_addr': '192.168.21.190'}""}, {'name': 'addrlen', 'type': 'int', 'value': 16}]",1,1
487.155841,7555,7555,7548,1001,4026531840,tsm,ip-10-100-1-217,42,connect,[],3,-114,"[{'name': 'sockfd', 'type': 'int', 'value': 122}, {'name': 'addr', 'type': 'struct sockaddr*', 'value': ""{'sa_family': 'AF_INET','sin_port': '22','sin_addr': '192.168.21.191'}""}, {'name': 'addrlen', 'type': 'int', 'value': 16}]",1,1
487.155863,7555,7555,7548,1001,4026531840,tsm,ip-10-100-1-217,42,connect,[],3,-114,"[{'name': 'sockfd', 'type': 'int', 'value': 123}, {'name': 'addr', 'type': 'struct sockaddr*', 'value': ""{'sin_port': '22','sin_addr': '192.168.21.192','sa_family': 'AF_INET'}""}, {'name': 'addrlen', 'type': 'int', 'value': 16}]",1,1
487.155885,7555,7555,7548,1001,4026531840,tsm,ip-10-100-1-217,42,connect,[],3,-114,"[{'name': 'sockfd', 'type': 'int', 'value': 124}, {'name': 'addr', 'type': 'struct sockaddr*', 'value': ""{'sa_family': 'AF_INET','sin_port': '22','sin_addr': '192.168.21.193'}""}, {'name': 'addrlen', 'type': 'int', 'value': 16}]",1,1
487.155907,7555,7555,7548,1001,4026531840,tsm,ip-10-100-1-217,42,connect,[],3,-114,"[{'name': 'sockfd', 'type': 'int', 'value': 125}, {'name': 'addr', 'type': 'struct sockaddr*', 'value': ""{'sin_addr': '192.168.21.194','sa_family': 'AF_INET','sin_port': '22'}""}, {'name': 'addrlen', 'type': 'int', 'value': 16}]",1,1
487.155929,7555,7555,7548,1001,4026531840,tsm,ip-10-100-1-217,42,connect,[],3,-114,"[{'name': 'sockfd', 'type': 'int', 'value': 126}, {'name': 'addr', 'type': 'struct sockaddr*', 'value': ""{'sa_family': 'AF_INET','sin_port': '22','sin_addr': '192.168.21.195'}""}, {'name': 'addrlen', 'type': 'int', 'value': 16}]",1,1
487.155951,7555,7555,7548,1001,4026531840,tsm,ip-10-100-1-217,42,connect,[],3,-114,"[{'name': 'sockfd', 'type': 'int', 'value': 127}, {'name': 'addr', 'type': 'struct sockaddr*', 'value': ""{'sa_family': 'AF_INET','sin_port': '22','sin_addr': '192.168.21.196'}""}, {'name': 'addrlen', 'type': 'int', 'value': 16}]",1,1
487.155974,7555,7555,7548,1001,4026531840,tsm,ip-10-100-1-217,42,connect,[],3,-114,"[{'name': 'sockfd', 'type': 'int', 'value': 128}, {'name': 'addr', 'type': 'struct sockaddr*', 'value': ""{'sa_family': 'AF_INET','sin_port': '22','sin_addr': '192.168.21.197'}""}, {'name': 'addrlen', 'type': 'int', 'value': 16}]",1,1
487.155996,7555,7555,7548,1001,4026531840,tsm,ip-10-100-1-217,42,connect,[],3,-114,"[{'name': 'sockfd', 'type': 'int', 'value': 129}, {'name': 'addr', 'type': 'struct sockaddr*', 'value': ""{'sa_family': 'AF_INET','sin_port': '22','sin_addr': '192.168.21.198'}""}, {'name': 'addrlen', 'type': 'int', 'value': 16}]",1,1
487.156018,7555,7555,7548,1001,4026531840,tsm,ip-10-100-1-217,42,connect,[],3,-114,"[{'name': 'sockfd', 'type': 'int', 'value': 130}, {'name': 'addr', 'type': 'struct sockaddr*', 'value': ""{'sa_family': 'AF_INET','sin_port': '22','sin_addr': '192.168.21.199'}""}, {'name': 'addrlen', 'type': 'int', 'value': 16}]",1,1
487.156041,7555,7555,7548,1001,4026531840,tsm,ip-10-100-1-217,42,connect,[],3,-114,"[{'name': 'sockfd', 'type': 'int', 'value': 131}, {'name': 'addr', 'type': 'struct sockaddr*', 'value': ""{'sa_family': 'AF_INET','sin_port': '22','sin_addr': '192.168.21.200'}""}, {'name': 'addrlen', 'type': 'int', 'value': 16}]",1,1
487.156063,7555,7555,7548,1001,4026531840,tsm,ip-10-100-1-217,42,connect,[],3,-114,"[{'name': 'sockfd', 'type': 'int', 'value': 132}, {'name': 'addr', 'type': 'struct sockaddr*', 'value': ""{'sa_family': 'AF_INET','sin_port': '22','sin_addr': '192.168.21.201'}""}, {'name': 'addrlen', 'type': 'int', 'value': 16}]",1,1
487.156085,7555,7555,7548,1001,4026531840,tsm,ip-10-100-1-217,42,connect,[],3,-114,"[{'name': 'sockfd', 'type': 'int', 'value': 133}, {'name': 'addr', 'type': 'struct sockaddr*', 'value': ""{'sa_family': 'AF_INET','sin_port': '22','sin_addr': '192.168.21.202'}""}, {'name': 'addrlen', 'type': 'int', 'value': 16}]",1,1
487.156107,7555,7555,7548,1001,4026531840,tsm,ip-10-100-1-217,42,connect,[],3,-114,"[{'name': 'sockfd', 'type': 'int', 'value': 134}, {'name': 'addr', 'type': 'struct sockaddr*', 'value': ""{'sa_family': 'AF_INET','sin_port': '22','sin_addr': '192.168.21.203'}""}, {'name': 'addrlen', 'type': 'int', 'value': 16}]",1,1
487.156129,7555,7555,7548,1001,4026531840,tsm,ip-10-100-1-217,42,connect,[],3,-114,"[{'name': 'sockfd', 'type': 'int', 'value': 135}, {'name': 'addr', 'type': 'struct sockaddr*', 'value': ""{'sa_family': 'AF_INET','sin_port': '22','sin_addr': '192.168.21.204'}""}, {'name': 'addrlen', 'type': 'int', 'value': 16}]",1,1
487.156151,7555,7555,7548,1001,4026531840,tsm,ip-10-100-1-217,42,connect,[],3,-114,"[{'name': 'sockfd', 'type': 'int', 'value': 136}, {'name': 'addr', 'type': 'struct sockaddr*', 'value': ""{'sin_port': '22','sin_addr': '192.168.21.205','sa_family': 'AF_INET'}""}, {'name': 'addrlen', 'type': 'int', 'value': 16}]",1,1
487.156173,7555,7555,7548,1001,4026531840,tsm,ip-10-100-1-217,42,connect,[],3,-114,"[{'name': 'sockfd', 'type': 'int', 'value': 137}, {'name': 'addr', 'type': 'struct sockaddr*', 'value': ""{'sa_family': 'AF_INET','sin_port': '22','sin_addr': '192.168.21.206'}""}, {'name': 'addrlen', 'type': 'int', 'value': 16}]",1,1
487.156195,7555,7555,7548,1001,4026531840,tsm,ip-10-100-1-217,42,connect,[],3,-114,"[{'name': 'sockfd', 'type': 'int', 'value': 138}, {'name': 'addr', 'type': 'struct sockaddr*', 'value': ""{'sa_family': 'AF_INET','sin_port': '22','sin_addr': '192.168.21.207'}""}, {'name': 'addrlen', 'type': 'int', 'value': 16}]",1,1
487.156217,7555,7555,7548,1001,4026531840,tsm,ip-10-100-1-217,42,connect,[],3,-114,"[{'name': 'sockfd', 'type': 'int', 'value': 139}, {'name': 'addr', 'type': 'struct sockaddr*', 'value': ""{'sin_addr': '192.168.21.208','sa_family': 'AF_INET','sin_port': '22'}""}, {'name': 'addrlen', 'type': 'int', 'value': 16}]",1,1
487.156239,7555,7555,7548,1001,4026531840,tsm,ip-10-100-1-217,42,connect,[],3,-114,"[{'name': 'sockfd', 'type': 'int', 'value': 140}, {'name': 'addr', 'type': 'struct sockaddr*', 'value': ""{'sin_port': '22','sin_addr': '192.168.21.209','sa_family': 'AF_INET'}""}, {'name': 'addrlen', 'type': 'int', 'value': 16}]",1,1
487.156261,7555,7555,7548,1001,4026531840,tsm,ip-10-100-1-217,42,connect,[],3,-114,"[{'name': 'sockfd', 'type': 'int', 'value': 141}, {'name': 'addr', 'type': 'struct sockaddr*', 'value': ""{'sa_family': 'AF_INET','sin_port': '22','sin_addr': '192.168.21.210'}""}, {'name': 'addrlen', 'type': 'int', 'value': 16}]",1,1
487.156283,7555,7555,7548,1001,4026531840,tsm,ip-10-100-1-217,42,connect,[],3,-114,"[{'name': 'sockfd', 'type': 'int', 'value': 142}, {'name': 'addr', 'type': 'struct sockaddr*', 'value': ""{'sa_family': 'AF_INET','sin_port': '22','sin_addr': '192.168.21.211'}""}, {'name': 'addrlen', 'type': 'int', 'value': 16}]",1,1
487.156305,7555,7555,7548,1001,4026531840,tsm,ip-10-100-1-217,42,connect,[],3,-114,"[{'name': 'sockfd', 'type': 'int', 'value': 143}, {'name': 'addr', 'type': 'struct sockaddr*', 'value': ""{'sa_family': 'AF_INET','sin_port': '22','sin_addr': '192.168.21.212'}""}, {'name': 'addrlen', 'type': 'int', 'value': 16}]",1,1
487.156327,7555,7555,7548,1001,4026531840,tsm,ip-10-100-1-217,42,connect,[],3,-114,"[{'name': 'sockfd', 'type': 'int', 'value': 144}, {'name': 'addr', 'type': 'struct sockaddr*', 'value': ""{'sa_family': 'AF_INET','sin_port': '22','sin_addr': '192.168.21.213'}""}, {'name': 'addrlen', 'type': 'int', 'value': 16}]",1,1
487.156349,7555,7555,7548,1001,4026531840,tsm,ip-10-100-1-217,42,connect,[],3,-114,"[{'name': 'sockfd', 'type': 'int', 'value': 145}, {'name': 'addr', 'type': 'struct sockaddr*', 'value': ""{'sa_family': 'AF_INET','sin_port': '22','sin_addr': '192.168.21.214'}""}, {'name': 'addrlen', 'type': 'int', 'value': 16}]",1,1
487.156371,7555,7555,7548,1001,4026531840,tsm,ip-10-100-1-217,42,connect,[],3,-114,"[{'name': 'sockfd', 'type': 'int', 'value': 146}, {'name': 'addr', 'type': 'struct sockaddr*', 'value': ""{'sa_family': 'AF_INET','sin_port': '22','sin_addr': '192.168.21.215'}""}, {'name': 'addrlen', 'type': 'int', 'value': 16}]",1,1
487.156393,7555,7555,7548,1001,4026531840,tsm,ip-10-100-1-217,42,connect,[],3,-114,"[{'name': 'sockfd', 'type': 'int', 'value': 147}, {'name': 'addr', 'type': 'struct sockaddr*', 'value': ""{'sin_port': '22','sin_addr': '192.168.21.216','sa_family': 'AF_INET'}""}, {'name': 'addrlen', 'type': 'int', 'value': 16}]",1,1
487.156415,7555,7555,7548,1001,4026531840,tsm,ip-10-100-1-217,42,connect,[],3,-114,"[{'name': 'sockfd', 'type': 'int', 'value': 148}, {'name': 'addr', 'type': 'struct sockaddr*', 'value': ""{'sa_family': 'AF_INET','sin_port': '22','sin_addr': '192.168.21.217'}""}, {'name': 'addrlen', 'type': 'int', 'value': 16}]",1,1
487.156437,7555,7555,7548,1001,4026531840,tsm,ip-10-100-1-217,42,connect,[],3,-114,"[{'name': 'sockfd', 'type': 'int', 'value': 149}, {'name': 'addr', 'type': 'struct sockaddr*', 'value': ""{'sa_family': 'AF_INET','sin_port': '22','sin_addr': '192.168.21.218'}""}, {'name': 'addrlen', 'type': 'int', 'value': 16}]",1,1
487.156459,7555,7555,7548,1001,4026531840,tsm,ip-10-100-1-217,42,connect,[],3,-114,"[{'name': 'sockfd', 'type': 'int', 'value': 150}, {'name': 'addr', 'type': 'struct sockaddr*', 'value': ""{'sa_family': 'AF_INET','sin_port': '22','sin_addr': '192.168.21.219'}""}, {'name': 'addrlen', 'type': 'int', 'value': 16}]",1,1
487.156494,7555,7555,7548,1001,4026531840,tsm,ip-10-100-1-217,42,connect,[],3,-114,"[{'name': 'sockfd', 'type': 'int', 'value': 151}, {'name': 'addr', 'type': 'struct sockaddr*', 'value': ""{'sa_family': 'AF_INET','sin_port': '22','sin_addr': '192.168.21.220'}""}, {'name': 'addrlen', 'type': 'int', 'value': 16}]",1,1
487.156515,7555,7555,7548,1001,4026531840,tsm,ip-10-100-1-217,42,connect,[],3,-114,"[{'name': 'sockfd', 'type': 'int', 'value': 152}, {'name': 'addr', 'type': 'struct sockaddr*', 'value': ""{'sa_family': 'AF_INET','sin_port': '22','sin_addr': '192.168.21.221'}""}, {'name': 'addrlen', 'type': 'int', 'value': 16}]",1,1
487.156536,7555,7555,7548,1001,4026531840,tsm,ip-10-100-1-217,42,connect,[],3,-114,"[{'name': 'sockfd', 'type': 'int', 'value': 153}, {'name': 'addr', 'type': 'struct sockaddr*', 'value': ""{'sa_family': 'AF_INET','sin_port': '22','sin_addr': '192.168.21.222'}""}, {'name': 'addrlen', 'type': 'int', 'value': 16}]",1,1
487.156557,7555,7555,7548,1001,4026531840,tsm,ip-10-100-1-217,42,connect,[],3,-114,"[{'name': 'sockfd', 'type': 'int', 'value': 154}, {'name': 'addr', 'type': 'struct sockaddr*', 'value': ""{'sa_family': 'AF_INET','sin_port': '22','sin_addr': '192.168.21.223'}""}, {'name': 'addrlen', 'type': 'int', 'value': 16}]",1,1
487.156578,7555,7555,7548,1001,4026531840,tsm,ip-10-100-1-217,42,connect,[],3,-114,"[{'name': 'sockfd', 'type': 'int', 'value': 155}, {'name': 'addr', 'type': 'struct sockaddr*', 'value': ""{'sa_family': 'AF_INET','sin_port': '22','sin_addr': '192.168.21.224'}""}, {'name': 'addrlen', 'type': 'int', 'value': 16}]",1,1
487.1566,7555,7555,7548,1001,4026531840,tsm,ip-10-100-1-217,42,connect,[],3,-114,"[{'name': 'sockfd', 'type': 'int', 'value': 156}, {'name': 'addr', 'type': 'struct sockaddr*', 'value': ""{'sa_family': 'AF_INET','sin_port': '22','sin_addr': '192.168.21.225'}""}, {'name': 'addrlen', 'type': 'int', 'value': 16}]",1,1
487.156621,7555,7555,7548,1001,4026531840,tsm,ip-10-100-1-217,42,connect,[],3,-114,"[{'name': 'sockfd', 'type': 'int', 'value': 157}, {'name': 'addr', 'type': 'struct sockaddr*', 'value': ""{'sa_family': 'AF_INET','sin_port': '22','sin_addr': '192.168.21.226'}""}, {'name': 'addrlen', 'type': 'int', 'value': 16}]",1,1
487.156642,7555,7555,7548,1001,4026531840,tsm,ip-10-100-1-217,42,connect,[],3,-114,"[{'name': 'sockfd', 'type': 'int', 'value': 158}, {'name': 'addr', 'type': 'struct sockaddr*', 'value': ""{'sa_family': 'AF_INET','sin_port': '22','sin_addr': '192.168.21.227'}""}, {'name': 'addrlen', 'type': 'int', 'value': 16}]",1,1
487.156664,7555,7555,7548,1001,4026531840,tsm,ip-10-100-1-217,42,connect,[],3,-114,"[{'name': 'sockfd', 'type': 'int', 'value': 159}, {'name': 'addr', 'type': 'struct sockaddr*', 'value': ""{'sa_family': 'AF_INET','sin_port': '22','sin_addr': '192.168.21.228'}""}, {'name': 'addrlen', 'type': 'int', 'value': 16}]",1,1
487.156685,7555,7555,7548,1001,4026531840,tsm,ip-10-100-1-217,42,connect,[],3,-114,"[{'name': 'sockfd', 'type': 'int', 'value': 160}, {'name': 'addr', 'type': 'struct sockaddr*', 'value': ""{'sa_family': 'AF_INET','sin_port': '22','sin_addr': '192.168.21.229'}""}, {'name': 'addrlen', 'type': 'int', 'value': 16}]",1,1
487.156718,7555,7555,7548,1001,4026531840,tsm,ip-10-100-1-217,42,connect,[],3,-114,"[{'name': 'sockfd', 'type': 'int', 'value': 161}, {'name': 'addr', 'type': 'struct sockaddr*', 'value': ""{'sa_family': 'AF_INET','sin_port': '22','sin_addr': '192.168.21.230'}""}, {'name': 'addrlen', 'type': 'int', 'value': 16}]",1,1
487.15674,7555,7555,7548,1001,4026531840,tsm,ip-10-100-1-217,42,connect,[],3,-114,"[{'name': 'sockfd', 'type': 'int', 'value': 162}, {'name': 'addr', 'type': 'struct sockaddr*', 'value': ""{'sa_family': 'AF_INET','sin_port': '22','sin_addr': '192.168.21.231'}""}, {'name': 'addrlen', 'type': 'int', 'value': 16}]",1,1
487.156762,7555,7555,7548,1001,4026531840,tsm,ip-10-100-1-217,42,connect,[],3,-114,"[{'name': 'sockfd', 'type': 'int', 'value': 163}, {'name': 'addr', 'type': 'struct sockaddr*', 'value': ""{'sa_family': 'AF_INET','sin_port': '22','sin_addr': '192.168.21.232'}""}, {'name': 'addrlen', 'type': 'int', 'value': 16}]",1,1
487.156784,7555,7555,7548,1001,4026531840,tsm,ip-10-100-1-217,42,connect,[],3,-114,"[{'name': 'sockfd', 'type': 'int', 'value': 164}, {'name': 'addr', 'type': 'struct sockaddr*', 'value': ""{'sin_addr': '192.168.21.233','sa_family': 'AF_INET','sin_port': '22'}""}, {'name': 'addrlen', 'type': 'int', 'value': 16}]",1,1
487.156806,7555,7555,7548,1001,4026531840,tsm,ip-10-100-1-217,42,connect,[],3,-114,"[{'name': 'sockfd', 'type': 'int', 'value': 165}, {'name': 'addr', 'type': 'struct sockaddr*', 'value': ""{'sa_family': 'AF_INET','sin_port': '22','sin_addr': '192.168.21.234'}""}, {'name': 'addrlen', 'type': 'int', 'value': 16}]",1,1
487.156828,7555,7555,7548,1001,4026531840,tsm,ip-10-100-1-217,42,connect,[],3,-114,"[{'name': 'sockfd', 'type': 'int', 'value': 166}, {'name': 'addr', 'type': 'struct sockaddr*', 'value': ""{'sa_family': 'AF_INET','sin_port': '22','sin_addr': '192.168.21.235'}""}, {'name': 'addrlen', 'type': 'int', 'value': 16}]",1,1
487.15685,7555,7555,7548,1001,4026531840,tsm,ip-10-100-1-217,42,connect,[],3,-114,"[{'name': 'sockfd', 'type': 'int', 'value': 167}, {'name': 'addr', 'type': 'struct sockaddr*', 'value': ""{'sa_family': 'AF_INET','sin_port': '22','sin_addr': '192.168.21.236'}""}, {'name': 'addrlen', 'type': 'int', 'value': 16}]",1,1
487.156872,7555,7555,7548,1001,4026531840,tsm,ip-10-100-1-217,42,connect,[],3,-114,"[{'name': 'sockfd', 'type': 'int', 'value': 168}, {'name': 'addr', 'type': 'struct sockaddr*', 'value': ""{'sa_family': 'AF_INET','sin_port': '22','sin_addr': '192.168.21.237'}""}, {'name': 'addrlen', 'type': 'int', 'value': 16}]",1,1
487.156894,7555,7555,7548,1001,4026531840,tsm,ip-10-100-1-217,42,connect,[],3,-114,"[{'name': 'sockfd', 'type': 'int', 'value': 169}, {'name': 'addr', 'type': 'struct sockaddr*', 'value': ""{'sa_family': 'AF_INET','sin_port': '22','sin_addr': '192.168.21.238'}""}, {'name': 'addrlen', 'type': 'int', 'value': 16}]",1,1
487.156916,7555,7555,7548,1001,4026531840,tsm,ip-10-100-1-217,42,connect,[],3,-114,"[{'name': 'sockfd', 'type': 'int', 'value': 170}, {'name': 'addr', 'type': 'struct sockaddr*', 'value': ""{'sa_family': 'AF_INET','sin_port': '22','sin_addr': '192.168.21.239'}""}, {'name': 'addrlen', 'type': 'int', 'value': 16}]",1,1
487.15694,7555,7555,7548,1001,4026531840,tsm,ip-10-100-1-217,42,connect,[],3,-114,"[{'name': 'sockfd', 'type': 'int', 'value': 171}, {'name': 'addr', 'type': 'struct sockaddr*', 'value': ""{'sa_family': 'AF_INET','sin_port': '22','sin_addr': '192.168.21.240'}""}, {'name': 'addrlen', 'type': 'int', 'value': 16}]",1,1
487.156962,7555,7555,7548,1001,4026531840,tsm,ip-10-100-1-217,42,connect,[],3,-114,"[{'name': 'sockfd', 'type': 'int', 'value': 172}, {'name': 'addr', 'type': 'struct sockaddr*', 'value': ""{'sa_family': 'AF_INET','sin_port': '22','sin_addr': '192.168.21.241'}""}, {'name': 'addrlen', 'type': 'int', 'value': 16}]",1,1
487.156985,7555,7555,7548,1001,4026531840,tsm,ip-10-100-1-217,42,connect,[],3,-114,"[{'name': 'sockfd', 'type': 'int', 'value': 173}, {'name': 'addr', 'type': 'struct sockaddr*', 'value': ""{'sa_family': 'AF_INET','sin_port': '22','sin_addr': '192.168.21.242'}""}, {'name': 'addrlen', 'type': 'int', 'value': 16}]",1,1
487.157019,7555,7555,7548,1001,4026531840,tsm,ip-10-100-1-217,42,connect,[],3,-114,"[{'name': 'sockfd', 'type': 'int', 'value': 174}, {'name': 'addr', 'type': 'struct sockaddr*', 'value': ""{'sa_family': 'AF_INET','sin_port': '22','sin_addr': '192.168.21.243'}""}, {'name': 'addrlen', 'type': 'int', 'value': 16}]",1,1
487.15704,7555,7555,7548,1001,4026531840,tsm,ip-10-100-1-217,42,connect,[],3,-114,"[{'name': 'sockfd', 'type': 'int', 'value': 175}, {'name': 'addr', 'type': 'struct sockaddr*', 'value': ""{'sa_family': 'AF_INET','sin_port': '22','sin_addr': '192.168.21.244'}""}, {'name': 'addrlen', 'type': 'int', 'value': 16}]",1,1
487.157062,7555,7555,7548,1001,4026531840,tsm,ip-10-100-1-217,42,connect,[],3,-114,"[{'name': 'sockfd', 'type': 'int', 'value': 176}, {'name': 'addr', 'type': 'struct sockaddr*', 'value': ""{'sa_family': 'AF_INET','sin_port': '22','sin_addr': '192.168.21.245'}""}, {'name': 'addrlen', 'type': 'int', 'value': 16}]",1,1
487.157083,7555,7555,7548,1001,4026531840,tsm,ip-10-100-1-217,42,connect,[],3,-114,"[{'name': 'sockfd', 'type': 'int', 'value': 177}, {'name': 'addr', 'type': 'struct sockaddr*', 'value': ""{'sa_family': 'AF_INET','sin_port': '22','sin_addr': '192.168.18.211'}""}, {'name': 'addrlen', 'type': 'int', 'value': 16}]",1,1
487.157104,7555,7555,7548,1001,4026531840,tsm,ip-10-100-1-217,42,connect,[],3,-114,"[{'name': 'sockfd', 'type': 'int', 'value': 178}, {'name': 'addr', 'type': 'struct sockaddr*', 'value': ""{'sa_family': 'AF_INET','sin_port': '22','sin_addr': '192.168.18.212'}""}, {'name': 'addrlen', 'type': 'int', 'value': 16}]",1,1
487.157126,7555,7555,7548,1001,4026531840,tsm,ip-10-100-1-217,42,connect,[],3,-114,"[{'name': 'sockfd', 'type': 'int', 'value': 179}, {'name': 'addr', 'type': 'struct sockaddr*', 'value': ""{'sa_family': 'AF_INET','sin_port': '22','sin_addr': '192.168.18.213'}""}, {'name': 'addrlen', 'type': 'int', 'value': 16}]",1,1
487.157147,7555,7555,7548,1001,4026531840,tsm,ip-10-100-1-217,42,connect,[],3,-114,"[{'name': 'sockfd', 'type': 'int', 'value': 180}, {'name': 'addr', 'type': 'struct sockaddr*', 'value': ""{'sa_family': 'AF_INET','sin_port': '22','sin_addr': '192.168.18.214'}""}, {'name': 'addrlen', 'type': 'int', 'value': 16}]",1,1
487.157168,7555,7555,7548,1001,4026531840,tsm,ip-10-100-1-217,42,connect,[],3,-114,"[{'name': 'sockfd', 'type': 'int', 'value': 181}, {'name': 'addr', 'type': 'struct sockaddr*', 'value': ""{'sa_family': 'AF_INET','sin_port': '22','sin_addr': '192.168.18.215'}""}, {'name': 'addrlen', 'type': 'int', 'value': 16}]",1,1
487.157189,7555,7555,7548,1001,4026531840,tsm,ip-10-100-1-217,42,connect,[],3,-114,"[{'name': 'sockfd', 'type': 'int', 'value': 182}, {'name': 'addr', 'type': 'struct sockaddr*', 'value': ""{'sa_family': 'AF_INET','sin_port': '22','sin_addr': '192.168.18.216'}""}, {'name': 'addrlen', 'type': 'int', 'value': 16}]",1,1
487.15721,7555,7555,7548,1001,4026531840,tsm,ip-10-100-1-217,42,connect,[],3,-114,"[{'name': 'sockfd', 'type': 'int', 'value': 183}, {'name': 'addr', 'type': 'struct sockaddr*', 'value': ""{'sa_family': 'AF_INET','sin_port': '22','sin_addr': '192.168.18.217'}""}, {'name': 'addrlen', 'type': 'int', 'value': 16}]",1,1
487.157231,7555,7555,7548,1001,4026531840,tsm,ip-10-100-1-217,42,connect,[],3,-114,"[{'name': 'sockfd', 'type': 'int', 'value': 184}, {'name': 'addr', 'type': 'struct sockaddr*', 'value': ""{'sa_family': 'AF_INET','sin_port': '22','sin_addr': '192.168.18.218'}""}, {'name': 'addrlen', 'type': 'int', 'value': 16}]",1,1
487.157253,7555,7555,7548,1001,4026531840,tsm,ip-10-100-1-217,42,connect,[],3,-114,"[{'name': 'sockfd', 'type': 'int', 'value': 185}, {'name': 'addr', 'type': 'struct sockaddr*', 'value': ""{'sin_port': '22','sin_addr': '192.168.18.219','sa_family': 'AF_INET'}""}, {'name': 'addrlen', 'type': 'int', 'value': 16}]",1,1
487.157274,7555,7555,7548,1001,4026531840,tsm,ip-10-100-1-217,42,connect,[],3,-114,"[{'name': 'sockfd', 'type': 'int', 'value': 186}, {'name': 'addr', 'type': 'struct sockaddr*', 'value': ""{'sa_family': 'AF_INET','sin_port': '22','sin_addr': '192.168.18.220'}""}, {'name': 'addrlen', 'type': 'int', 'value': 16}]",1,1
487.157295,7555,7555,7548,1001,4026531840,tsm,ip-10-100-1-217,42,connect,[],3,-114,"[{'name': 'sockfd', 'type': 'int', 'value': 187}, {'name': 'addr', 'type': 'struct sockaddr*', 'value': ""{'sa_family': 'AF_INET','sin_port': '22','sin_addr': '192.168.18.221'}""}, {'name': 'addrlen', 'type': 'int', 'value': 16}]",1,1
487.157317,7555,7555,7548,1001,4026531840,tsm,ip-10-100-1-217,42,connect,[],3,-114,"[{'name': 'sockfd', 'type': 'int', 'value': 188}, {'name': 'addr', 'type': 'struct sockaddr*', 'value': ""{'sin_addr': '192.168.18.222','sa_family': 'AF_INET','sin_port': '22'}""}, {'name': 'addrlen', 'type': 'int', 'value': 16}]",1,1
487.157338,7555,7555,7548,1001,4026531840,tsm,ip-10-100-1-217,42,connect,[],3,-114,"[{'name': 'sockfd', 'type': 'int', 'value': 189}, {'name': 'addr', 'type': 'struct sockaddr*', 'value': ""{'sa_family': 'AF_INET','sin_port': '22','sin_addr': '192.168.18.223'}""}, {'name': 'addrlen', 'type': 'int', 'value': 16}]",1,1
487.157359,7555,7555,7548,1001,4026531840,tsm,ip-10-100-1-217,42,connect,[],3,-114,"[{'name': 'sockfd', 'type': 'int', 'value': 190}, {'name': 'addr', 'type': 'struct sockaddr*', 'value': ""{'sa_family': 'AF_INET','sin_port': '22','sin_addr': '192.168.18.224'}""}, {'name': 'addrlen', 'type': 'int', 'value': 16}]",1,1
487.15738,7555,7555,7548,1001,4026531840,tsm,ip-10-100-1-217,42,connect,[],3,-114,"[{'name': 'sockfd', 'type': 'int', 'value': 191}, {'name': 'addr', 'type': 'struct sockaddr*', 'value': ""{'sa_family': 'AF_INET','sin_port': '22','sin_addr': '192.168.18.225'}""}, {'name': 'addrlen', 'type': 'int', 'value': 16}]",1,1
487.157401,7555,7555,7548,1001,4026531840,tsm,ip-10-100-1-217,42,connect,[],3,-114,"[{'name': 'sockfd', 'type': 'int', 'value': 192}, {'name': 'addr', 'type': 'struct sockaddr*', 'value': ""{'sa_family': 'AF_INET','sin_port': '22','sin_addr': '192.168.18.226'}""}, {'name': 'addrlen', 'type': 'int', 'value': 16}]",1,1
487.157423,7555,7555,7548,1001,4026531840,tsm,ip-10-100-1-217,42,connect,[],3,-114,"[{'name': 'sockfd', 'type': 'int', 'value': 193}, {'name': 'addr', 'type': 'struct sockaddr*', 'value': ""{'sa_family': 'AF_INET','sin_port': '22','sin_addr': '192.168.18.227'}""}, {'name': 'addrlen', 'type': 'int', 'value': 16}]",1,1
487.157444,7555,7555,7548,1001,4026531840,tsm,ip-10-100-1-217,42,connect,[],3,-114,"[{'name': 'sockfd', 'type': 'int', 'value': 194}, {'name': 'addr', 'type': 'struct sockaddr*', 'value': ""{'sin_port': '22','sin_addr': '192.168.18.228','sa_family': 'AF_INET'}""}, {'name': 'addrlen', 'type': 'int', 'value': 16}]",1,1
487.157465,7555,7555,7548,1001,4026531840,tsm,ip-10-100-1-217,42,connect,[],3,-114,"[{'name': 'sockfd', 'type': 'int', 'value': 195}, {'name': 'addr', 'type': 'struct sockaddr*', 'value': ""{'sin_addr': '192.168.18.229','sa_family': 'AF_INET','sin_port': '22'}""}, {'name': 'addrlen', 'type': 'int', 'value': 16}]",1,1
487.157487,7555,7555,7548,1001,4026531840,tsm,ip-10-100-1-217,42,connect,[],3,-114,"[{'name': 'sockfd', 'type': 'int', 'value': 196}, {'name': 'addr', 'type': 'struct sockaddr*', 'value': ""{'sin_addr': '192.168.18.230','sa_family': 'AF_INET','sin_port': '22'}""}, {'name': 'addrlen', 'type': 'int', 'value': 16}]",1,1
487.157508,7555,7555,7548,1001,4026531840,tsm,ip-10-100-1-217,42,connect,[],3,-114,"[{'name': 'sockfd', 'type': 'int', 'value': 197}, {'name': 'addr', 'type': 'struct sockaddr*', 'value': ""{'sin_port': '22','sin_addr': '192.168.18.231','sa_family': 'AF_INET'}""}, {'name': 'addrlen', 'type': 'int', 'value': 16}]",1,1
487.157529,7555,7555,7548,1001,4026531840,tsm,ip-10-100-1-217,42,connect,[],3,-114,"[{'name': 'sockfd', 'type': 'int', 'value': 198}, {'name': 'addr', 'type': 'struct sockaddr*', 'value': ""{'sin_port': '22','sin_addr': '192.168.18.232','sa_family': 'AF_INET'}""}, {'name': 'addrlen', 'type': 'int', 'value': 16}]",1,1
487.15755,7555,7555,7548,1001,4026531840,tsm,ip-10-100-1-217,42,connect,[],3,-114,"[{'name': 'sockfd', 'type': 'int', 'value': 199}, {'name': 'addr', 'type': 'struct sockaddr*', 'value': ""{'sa_family': 'AF_INET','sin_port': '22','sin_addr': '192.168.18.233'}""}, {'name': 'addrlen', 'type': 'int', 'value': 16}]",1,1
487.157571,7555,7555,7548,1001,4026531840,tsm,ip-10-100-1-217,42,connect,[],3,-114,"[{'name': 'sockfd', 'type': 'int', 'value': 200}, {'name': 'addr', 'type': 'struct sockaddr*', 'value': ""{'sa_family': 'AF_INET','sin_port': '22','sin_addr': '192.168.18.234'}""}, {'name': 'addrlen', 'type': 'int', 'value': 16}]",1,1
487.157593,7555,7555,7548,1001,4026531840,tsm,ip-10-100-1-217,42,connect,[],3,-114,"[{'name': 'sockfd', 'type': 'int', 'value': 201}, {'name': 'addr', 'type': 'struct sockaddr*', 'value': ""{'sa_family': 'AF_INET','sin_port': '22','sin_addr': '192.168.18.235'}""}, {'name': 'addrlen', 'type': 'int', 'value': 16}]",1,1
487.157614,7555,7555,7548,1001,4026531840,tsm,ip-10-100-1-217,42,connect,[],3,-114,"[{'name': 'sockfd', 'type': 'int', 'value': 202}, {'name': 'addr', 'type': 'struct sockaddr*', 'value': ""{'sa_family': 'AF_INET','sin_port': '22','sin_addr': '192.168.18.236'}""}, {'name': 'addrlen', 'type': 'int', 'value': 16}]",1,1
487.157635,7555,7555,7548,1001,4026531840,tsm,ip-10-100-1-217,42,connect,[],3,-114,"[{'name': 'sockfd', 'type': 'int', 'value': 203}, {'name': 'addr', 'type': 'struct sockaddr*', 'value': ""{'sa_family': 'AF_INET','sin_port': '22','sin_addr': '192.168.18.237'}""}, {'name': 'addrlen', 'type': 'int', 'value': 16}]",1,1
487.157657,7555,7555,7548,1001,4026531840,tsm,ip-10-100-1-217,42,connect,[],3,-114,"[{'name': 'sockfd', 'type': 'int', 'value': 204}, {'name': 'addr', 'type': 'struct sockaddr*', 'value': ""{'sin_port': '22','sin_addr': '192.168.18.238','sa_family': 'AF_INET'}""}, {'name': 'addrlen', 'type': 'int', 'value': 16}]",1,1
487.157678,7555,7555,7548,1001,4026531840,tsm,ip-10-100-1-217,42,connect,[],3,-114,"[{'name': 'sockfd', 'type': 'int', 'value': 205}, {'name': 'addr', 'type': 'struct sockaddr*', 'value': ""{'sa_family': 'AF_INET','sin_port': '22','sin_addr': '192.168.18.239'}""}, {'name': 'addrlen', 'type': 'int', 'value': 16}]",1,1
487.157699,7555,7555,7548,1001,4026531840,tsm,ip-10-100-1-217,42,connect,[],3,-114,"[{'name': 'sockfd', 'type': 'int', 'value': 206}, {'name': 'addr', 'type': 'struct sockaddr*', 'value': ""{'sa_family': 'AF_INET','sin_port': '22','sin_addr': '192.168.18.240'}""}, {'name': 'addrlen', 'type': 'int', 'value': 16}]",1,1
487.157733,7555,7555,7548,1001,4026531840,tsm,ip-10-100-1-217,42,connect,[],3,-114,"[{'name': 'sockfd', 'type': 'int', 'value': 207}, {'name': 'addr', 'type': 'struct sockaddr*', 'value': ""{'sa_family': 'AF_INET','sin_port': '22','sin_addr': '192.168.18.241'}""}, {'name': 'addrlen', 'type': 'int', 'value': 16}]",1,1
487.157755,7555,7555,7548,1001,4026531840,tsm,ip-10-100-1-217,42,connect,[],3,-114,"[{'name': 'sockfd', 'type': 'int', 'value': 208}, {'name': 'addr', 'type': 'struct sockaddr*', 'value': ""{'sa_family': 'AF_INET','sin_port': '22','sin_addr': '192.168.18.242'}""}, {'name': 'addrlen', 'type': 'int', 'value': 16}]",1,1
487.157777,7555,7555,7548,1001,4026531840,tsm,ip-10-100-1-217,42,connect,[],3,-114,"[{'name': 'sockfd', 'type': 'int', 'value': 209}, {'name': 'addr', 'type': 'struct sockaddr*', 'value': ""{'sa_family': 'AF_INET','sin_port': '22','sin_addr': '192.168.18.243'}""}, {'name': 'addrlen', 'type': 'int', 'value': 16}]",1,1
487.157799,7555,7555,7548,1001,4026531840,tsm,ip-10-100-1-217,42,connect,[],3,-114,"[{'name': 'sockfd', 'type': 'int', 'value': 210}, {'name': 'addr', 'type': 'struct sockaddr*', 'value': ""{'sa_family': 'AF_INET','sin_port': '22','sin_addr': '192.168.18.244'}""}, {'name': 'addrlen', 'type': 'int', 'value': 16}]",1,1
487.157821,7555,7555,7548,1001,4026531840,tsm,ip-10-100-1-217,42,connect,[],3,-114,"[{'name': 'sockfd', 'type': 'int', 'value': 211}, {'name': 'addr', 'type': 'struct sockaddr*', 'value': ""{'sa_family': 'AF_INET','sin_port': '22','sin_addr': '192.168.18.245'}""}, {'name': 'addrlen', 'type': 'int', 'value': 16}]",1,1
487.157843,7555,7555,7548,1001,4026531840,tsm,ip-10-100-1-217,42,connect,[],3,-114,"[{'name': 'sockfd', 'type': 'int', 'value': 212}, {'name': 'addr', 'type': 'struct sockaddr*', 'value': ""{'sa_family': 'AF_INET','sin_port': '22','sin_addr': '192.168.18.246'}""}, {'name': 'addrlen', 'type': 'int', 'value': 16}]",1,1
487.157865,7555,7555,7548,1001,4026531840,tsm,ip-10-100-1-217,42,connect,[],3,-114,"[{'name': 'sockfd', 'type': 'int', 'value': 213}, {'name': 'addr', 'type': 'struct sockaddr*', 'value': ""{'sa_family': 'AF_INET','sin_port': '22','sin_addr': '192.168.18.247'}""}, {'name': 'addrlen', 'type': 'int', 'value': 16}]",1,1
487.157887,7555,7555,7548,1001,4026531840,tsm,ip-10-100-1-217,42,connect,[],3,-114,"[{'name': 'sockfd', 'type': 'int', 'value': 214}, {'name': 'addr', 'type': 'struct sockaddr*', 'value': ""{'sa_family': 'AF_INET','sin_port': '22','sin_addr': '192.168.18.248'}""}, {'name': 'addrlen', 'type': 'int', 'value': 16}]",1,1
487.157909,7555,7555,7548,1001,4026531840,tsm,ip-10-100-1-217,42,connect,[],3,-114,"[{'name': 'sockfd', 'type': 'int', 'value': 215}, {'name': 'addr', 'type': 'struct sockaddr*', 'value': ""{'sa_family': 'AF_INET','sin_port': '22','sin_addr': '192.168.18.249'}""}, {'name': 'addrlen', 'type': 'int', 'value': 16}]",1,1
487.157931,7555,7555,7548,1001,4026531840,tsm,ip-10-100-1-217,42,connect,[],3,-114,"[{'name': 'sockfd', 'type': 'int', 'value': 216}, {'name': 'addr', 'type': 'struct sockaddr*', 'value': ""{'sa_family': 'AF_INET','sin_port': '22','sin_addr': '192.168.18.250'}""}, {'name': 'addrlen', 'type': 'int', 'value': 16}]",1,1
487.157953,7555,7555,7548,1001,4026531840,tsm,ip-10-100-1-217,42,connect,[],3,-114,"[{'name': 'sockfd', 'type': 'int', 'value': 217}, {'name': 'addr', 'type': 'struct sockaddr*', 'value': ""{'sa_family': 'AF_INET','sin_port': '22','sin_addr': '192.168.18.251'}""}, {'name': 'addrlen', 'type': 'int', 'value': 16}]",1,1
487.157975,7555,7555,7548,1001,4026531840,tsm,ip-10-100-1-217,42,connect,[],3,-114,"[{'name': 'sockfd', 'type': 'int', 'value': 218}, {'name': 'addr', 'type': 'struct sockaddr*', 'value': ""{'sa_family': 'AF_INET','sin_port': '22','sin_addr': '192.168.18.252'}""}, {'name': 'addrlen', 'type': 'int', 'value': 16}]",1,1
487.157997,7555,7555,7548,1001,4026531840,tsm,ip-10-100-1-217,42,connect,[],3,-114,"[{'name': 'sockfd', 'type': 'int', 'value': 219}, {'name': 'addr', 'type': 'struct sockaddr*', 'value': ""{'sin_addr': '192.168.18.253','sa_family': 'AF_INET','sin_port': '22'}""}, {'name': 'addrlen', 'type': 'int', 'value': 16}]",1,1
487.158019,7555,7555,7548,1001,4026531840,tsm,ip-10-100-1-217,42,connect,[],3,-114,"[{'name': 'sockfd', 'type': 'int', 'value': 220}, {'name': 'addr', 'type': 'struct sockaddr*', 'value': ""{'sa_family': 'AF_INET','sin_port': '22','sin_addr': '192.168.18.254'}""}, {'name': 'addrlen', 'type': 'int', 'value': 16}]",1,1
487.158041,7555,7555,7548,1001,4026531840,tsm,ip-10-100-1-217,42,connect,[],3,-114,"[{'name': 'sockfd', 'type': 'int', 'value': 221}, {'name': 'addr', 'type': 'struct sockaddr*', 'value': ""{'sa_family': 'AF_INET','sin_port': '22','sin_addr': '192.168.19.0'}""}, {'name': 'addrlen', 'type': 'int', 'value': 16}]",1,1
487.158063,7555,7555,7548,1001,4026531840,tsm,ip-10-100-1-217,42,connect,[],3,-114,"[{'name': 'sockfd', 'type': 'int', 'value': 222}, {'name': 'addr', 'type': 'struct sockaddr*', 'value': ""{'sa_family': 'AF_INET','sin_port': '22','sin_addr': '192.168.19.1'}""}, {'name': 'addrlen', 'type': 'int', 'value': 16}]",1,1
487.158085,7555,7555,7548,1001,4026531840,tsm,ip-10-100-1-217,42,connect,[],3,-114,"[{'name': 'sockfd', 'type': 'int', 'value': 223}, {'name': 'addr', 'type': 'struct sockaddr*', 'value': ""{'sa_family': 'AF_INET','sin_port': '22','sin_addr': '192.168.19.2'}""}, {'name': 'addrlen', 'type': 'int', 'value': 16}]",1,1
487.158107,7555,7555,7548,1001,4026531840,tsm,ip-10-100-1-217,42,connect,[],3,-114,"[{'name': 'sockfd', 'type': 'int', 'value': 224}, {'name': 'addr', 'type': 'struct sockaddr*', 'value': ""{'sa_family': 'AF_INET','sin_port': '22','sin_addr': '192.168.19.3'}""}, {'name': 'addrlen', 'type': 'int', 'value': 16}]",1,1
487.158129,7555,7555,7548,1001,4026531840,tsm,ip-10-100-1-217,42,connect,[],3,-114,"[{'name': 'sockfd', 'type': 'int', 'value': 225}, {'name': 'addr', 'type': 'struct sockaddr*', 'value': ""{'sa_family': 'AF_INET','sin_port': '22','sin_addr': '192.168.19.4'}""}, {'name': 'addrlen', 'type': 'int', 'value': 16}]",1,1
487.158151,7555,7555,7548,1001,4026531840,tsm,ip-10-100-1-217,42,connect,[],3,-114,"[{'name': 'sockfd', 'type': 'int', 'value': 226}, {'name': 'addr', 'type': 'struct sockaddr*', 'value': ""{'sa_family': 'AF_INET','sin_port': '22','sin_addr': '192.168.19.5'}""}, {'name': 'addrlen', 'type': 'int', 'value': 16}]",1,1
487.158173,7555,7555,7548,1001,4026531840,tsm,ip-10-100-1-217,42,connect,[],3,-114,"[{'name': 'sockfd', 'type': 'int', 'value': 227}, {'name': 'addr', 'type': 'struct sockaddr*', 'value': ""{'sin_port': '22','sin_addr': '192.168.19.6','sa_family': 'AF_INET'}""}, {'name': 'addrlen', 'type': 'int', 'value': 16}]",1,1
487.158195,7555,7555,7548,1001,4026531840,tsm,ip-10-100-1-217,42,connect,[],3,-114,"[{'name': 'sockfd', 'type': 'int', 'value': 228}, {'name': 'addr', 'type': 'struct sockaddr*', 'value': ""{'sin_port': '22','sin_addr': '192.168.19.7','sa_family': 'AF_INET'}""}, {'name': 'addrlen', 'type': 'int', 'value': 16}]",1,1
487.158217,7555,7555,7548,1001,4026531840,tsm,ip-10-100-1-217,42,connect,[],3,-114,"[{'name': 'sockfd', 'type': 'int', 'value': 229}, {'name': 'addr', 'type': 'struct sockaddr*', 'value': ""{'sa_family': 'AF_INET','sin_port': '22','sin_addr': '192.168.19.8'}""}, {'name': 'addrlen', 'type': 'int', 'value': 16}]",1,1
487.158252,7555,7555,7548,1001,4026531840,tsm,ip-10-100-1-217,42,connect,[],3,-114,"[{'name': 'sockfd', 'type': 'int', 'value': 230}, {'name': 'addr', 'type': 'struct sockaddr*', 'value': ""{'sa_family': 'AF_INET','sin_port': '22','sin_addr': '192.168.19.9'}""}, {'name': 'addrlen', 'type': 'int', 'value': 16}]",1,1
487.158273,7555,7555,7548,1001,4026531840,tsm,ip-10-100-1-217,42,connect,[],3,-114,"[{'name': 'sockfd', 'type': 'int', 'value': 231}, {'name': 'addr', 'type': 'struct sockaddr*', 'value': ""{'sa_family': 'AF_INET','sin_port': '22','sin_addr': '192.168.19.10'}""}, {'name': 'addrlen', 'type': 'int', 'value': 16}]",1,1
487.158294,7555,7555,7548,1001,4026531840,tsm,ip-10-100-1-217,42,connect,[],3,-114,"[{'name': 'sockfd', 'type': 'int', 'value': 232}, {'name': 'addr', 'type': 'struct sockaddr*', 'value': ""{'sa_family': 'AF_INET','sin_port': '22','sin_addr': '192.168.19.11'}""}, {'name': 'addrlen', 'type': 'int', 'value': 16}]",1,1
487.158315,7555,7555,7548,1001,4026531840,tsm,ip-10-100-1-217,42,connect,[],3,-114,"[{'name': 'sockfd', 'type': 'int', 'value': 233}, {'name': 'addr', 'type': 'struct sockaddr*', 'value': ""{'sa_family': 'AF_INET','sin_port': '22','sin_addr': '192.168.19.12'}""}, {'name': 'addrlen', 'type': 'int', 'value': 16}]",1,1
487.158339,7555,7555,7548,1001,4026531840,tsm,ip-10-100-1-217,42,connect,[],3,-114,"[{'name': 'sockfd', 'type': 'int', 'value': 234}, {'name': 'addr', 'type': 'struct sockaddr*', 'value': ""{'sin_addr': '192.168.19.13','sa_family': 'AF_INET','sin_port': '22'}""}, {'name': 'addrlen', 'type': 'int', 'value': 16}]",1,1
487.15836,7555,7555,7548,1001,4026531840,tsm,ip-10-100-1-217,42,connect,[],3,-114,"[{'name': 'sockfd', 'type': 'int', 'value': 235}, {'name': 'addr', 'type': 'struct sockaddr*', 'value': ""{'sa_family': 'AF_INET','sin_port': '22','sin_addr': '192.168.19.14'}""}, {'name': 'addrlen', 'type': 'int', 'value': 16}]",1,1
487.158381,7555,7555,7548,1001,4026531840,tsm,ip-10-100-1-217,42,connect,[],3,-114,"[{'name': 'sockfd', 'type': 'int', 'value': 236}, {'name': 'addr', 'type': 'struct sockaddr*', 'value': ""{'sa_family': 'AF_INET','sin_port': '22','sin_addr': '192.168.19.15'}""}, {'name': 'addrlen', 'type': 'int', 'value': 16}]",1,1
487.158403,7555,7555,7548,1001,4026531840,tsm,ip-10-100-1-217,42,connect,[],3,-114,"[{'name': 'sockfd', 'type': 'int', 'value': 237}, {'name': 'addr', 'type': 'struct sockaddr*', 'value': ""{'sa_family': 'AF_INET','sin_port': '22','sin_addr': '192.168.19.16'}""}, {'name': 'addrlen', 'type': 'int', 'value': 16}]",1,1
487.158424,7555,7555,7548,1001,4026531840,tsm,ip-10-100-1-217,42,connect,[],3,-114,"[{'name': 'sockfd', 'type': 'int', 'value': 238}, {'name': 'addr', 'type': 'struct sockaddr*', 'value': ""{'sa_family': 'AF_INET','sin_port': '22','sin_addr': '192.168.19.17'}""}, {'name': 'addrlen', 'type': 'int', 'value': 16}]",1,1
487.158445,7555,7555,7548,1001,4026531840,tsm,ip-10-100-1-217,42,connect,[],3,-114,"[{'name': 'sockfd', 'type': 'int', 'value': 239}, {'name': 'addr', 'type': 'struct sockaddr*', 'value': ""{'sa_family': 'AF_INET','sin_port': '22','sin_addr': '192.168.19.18'}""}, {'name': 'addrlen', 'type': 'int', 'value': 16}]",1,1
487.163767,7555,7555,7548,1001,4026531840,tsm,ip-10-100-1-217,42,connect,[],3,-114,"[{'name': 'sockfd', 'type': 'int', 'value': 240}, {'name': 'addr', 'type': 'struct sockaddr*', 'value': ""{'sa_family': 'AF_INET','sin_port': '22','sin_addr': '192.168.19.19'}""}, {'name': 'addrlen', 'type': 'int', 'value': 16}]",1,1
487.163801,7555,7555,7548,1001,4026531840,tsm,ip-10-100-1-217,42,connect,[],3,-114,"[{'name': 'sockfd', 'type': 'int', 'value': 241}, {'name': 'addr', 'type': 'struct sockaddr*', 'value': ""{'sa_family': 'AF_INET','sin_port': '22','sin_addr': '192.168.19.20'}""}, {'name': 'addrlen', 'type': 'int', 'value': 16}]",1,1
487.163823,7555,7555,7548,1001,4026531840,tsm,ip-10-100-1-217,42,connect,[],3,-114,"[{'name': 'sockfd', 'type': 'int', 'value': 242}, {'name': 'addr', 'type': 'struct sockaddr*', 'value': ""{'sa_family': 'AF_INET','sin_port': '22','sin_addr': '192.168.19.21'}""}, {'name': 'addrlen', 'type': 'int', 'value': 16}]",1,1
487.163852,7555,7555,7548,1001,4026531840,tsm,ip-10-100-1-217,42,connect,[],3,-114,"[{'name': 'sockfd', 'type': 'int', 'value': 243}, {'name': 'addr', 'type': 'struct sockaddr*', 'value': ""{'sa_family': 'AF_INET','sin_port': '22','sin_addr': '192.168.19.22'}""}, {'name': 'addrlen', 'type': 'int', 'value': 16}]",1,1
487.163875,7555,7555,7548,1001,4026531840,tsm,ip-10-100-1-217,42,connect,[],3,-114,"[{'name': 'sockfd', 'type': 'int', 'value': 244}, {'name': 'addr', 'type': 'struct sockaddr*', 'value': ""{'sin_addr': '192.168.19.23','sa_family': 'AF_INET','sin_port': '22'}""}, {'name': 'addrlen', 'type': 'int', 'value': 16}]",1,1
487.163897,7555,7555,7548,1001,4026531840,tsm,ip-10-100-1-217,42,connect,[],3,-114,"[{'name': 'sockfd', 'type': 'int', 'value': 245}, {'name': 'addr', 'type': 'struct sockaddr*', 'value': ""{'sa_family': 'AF_INET','sin_port': '22','sin_addr': '192.168.19.24'}""}, {'name': 'addrlen', 'type': 'int', 'value': 16}]",1,1
487.163919,7555,7555,7548,1001,4026531840,tsm,ip-10-100-1-217,42,connect,[],3,-114,"[{'name': 'sockfd', 'type': 'int', 'value': 246}, {'name': 'addr', 'type': 'struct sockaddr*', 'value': ""{'sa_family': 'AF_INET','sin_port': '22','sin_addr': '192.168.19.25'}""}, {'name': 'addrlen', 'type': 'int', 'value': 16}]",1,1
487.163941,7555,7555,7548,1001,4026531840,tsm,ip-10-100-1-217,42,connect,[],3,-114,"[{'name': 'sockfd', 'type': 'int', 'value': 247}, {'name': 'addr', 'type': 'struct sockaddr*', 'value': ""{'sa_family': 'AF_INET','sin_port': '22','sin_addr': '192.168.19.26'}""}, {'name': 'addrlen', 'type': 'int', 'value': 16}]",1,1
487.163963,7555,7555,7548,1001,4026531840,tsm,ip-10-100-1-217,42,connect,[],3,-114,"[{'name': 'sockfd', 'type': 'int', 'value': 248}, {'name': 'addr', 'type': 'struct sockaddr*', 'value': ""{'sa_family': 'AF_INET','sin_port': '22','sin_addr': '192.168.19.27'}""}, {'name': 'addrlen', 'type': 'int', 'value': 16}]",1,1
487.163985,7555,7555,7548,1001,4026531840,tsm,ip-10-100-1-217,42,connect,[],3,-114,"[{'name': 'sockfd', 'type': 'int', 'value': 249}, {'name': 'addr', 'type': 'struct sockaddr*', 'value': ""{'sa_family': 'AF_INET','sin_port': '22','sin_addr': '192.168.19.28'}""}, {'name': 'addrlen', 'type': 'int', 'value': 16}]",1,1
487.164007,7555,7555,7548,1001,4026531840,tsm,ip-10-100-1-217,42,connect,[],3,-114,"[{'name': 'sockfd', 'type': 'int', 'value': 250}, {'name': 'addr', 'type': 'struct sockaddr*', 'value': ""{'sa_family': 'AF_INET','sin_port': '22','sin_addr': '192.168.19.29'}""}, {'name': 'addrlen', 'type': 'int', 'value': 16}]",1,1
487.164029,7555,7555,7548,1001,4026531840,tsm,ip-10-100-1-217,42,connect,[],3,-114,"[{'name': 'sockfd', 'type': 'int', 'value': 251}, {'name': 'addr', 'type': 'struct sockaddr*', 'value': ""{'sa_family': 'AF_INET','sin_port': '22','sin_addr': '192.168.19.30'}""}, {'name': 'addrlen', 'type': 'int', 'value': 16}]",1,1
487.164065,7555,7555,7548,1001,4026531840,tsm,ip-10-100-1-217,42,connect,[],3,-114,"[{'name': 'sockfd', 'type': 'int', 'value': 252}, {'name': 'addr', 'type': 'struct sockaddr*', 'value': ""{'sa_family': 'AF_INET','sin_port': '22','sin_addr': '192.168.19.31'}""}, {'name': 'addrlen', 'type': 'int', 'value': 16}]",1,1
487.164087,7555,7555,7548,1001,4026531840,tsm,ip-10-100-1-217,42,connect,[],3,-114,"[{'name': 'sockfd', 'type': 'int', 'value': 253}, {'name': 'addr', 'type': 'struct sockaddr*', 'value': ""{'sin_port': '22','sin_addr': '192.168.19.32','sa_family': 'AF_INET'}""}, {'name': 'addrlen', 'type': 'int', 'value': 16}]",1,1
487.164109,7555,7555,7548,1001,4026531840,tsm,ip-10-100-1-217,42,connect,[],3,-114,"[{'name': 'sockfd', 'type': 'int', 'value': 254}, {'name': 'addr', 'type': 'struct sockaddr*', 'value': ""{'sa_family': 'AF_INET','sin_port': '22','sin_addr': '192.168.19.33'}""}, {'name': 'addrlen', 'type': 'int', 'value': 16}]",1,1
487.164131,7555,7555,7548,1001,4026531840,tsm,ip-10-100-1-217,42,connect,[],3,-114,"[{'name': 'sockfd', 'type': 'int', 'value': 255}, {'name': 'addr', 'type': 'struct sockaddr*', 'value': ""{'sa_family': 'AF_INET','sin_port': '22','sin_addr': '192.168.19.34'}""}, {'name': 'addrlen', 'type': 'int', 'value': 16}]",1,1
487.164154,7555,7555,7548,1001,4026531840,tsm,ip-10-100-1-217,42,connect,[],3,-114,"[{'name': 'sockfd', 'type': 'int', 'value': 256}, {'name': 'addr', 'type': 'struct sockaddr*', 'value': ""{'sa_family': 'AF_INET','sin_port': '22','sin_addr': '192.168.19.35'}""}, {'name': 'addrlen', 'type': 'int', 'value': 16}]",1,1
487.164176,7555,7555,7548,1001,4026531840,tsm,ip-10-100-1-217,42,connect,[],3,-114,"[{'name': 'sockfd', 'type': 'int', 'value': 257}, {'name': 'addr', 'type': 'struct sockaddr*', 'value': ""{'sa_family': 'AF_INET','sin_port': '22','sin_addr': '192.168.19.36'}""}, {'name': 'addrlen', 'type': 'int', 'value': 16}]",1,1
487.164198,7555,7555,7548,1001,4026531840,tsm,ip-10-100-1-217,42,connect,[],3,-114,"[{'name': 'sockfd', 'type': 'int', 'value': 258}, {'name': 'addr', 'type': 'struct sockaddr*', 'value': ""{'sa_family': 'AF_INET','sin_port': '22','sin_addr': '192.168.19.37'}""}, {'name': 'addrlen', 'type': 'int', 'value': 16}]",1,1
487.16422,7555,7555,7548,1001,4026531840,tsm,ip-10-100-1-217,42,connect,[],3,-114,"[{'name': 'sockfd', 'type': 'int', 'value': 259}, {'name': 'addr', 'type': 'struct sockaddr*', 'value': ""{'sin_port': '22','sin_addr': '192.168.19.38','sa_family': 'AF_INET'}""}, {'name': 'addrlen', 'type': 'int', 'value': 16}]",1,1
487.164241,7555,7555,7548,1001,4026531840,tsm,ip-10-100-1-217,42,connect,[],3,-114,"[{'name': 'sockfd', 'type': 'int', 'value': 260}, {'name': 'addr', 'type': 'struct sockaddr*', 'value': ""{'sa_family': 'AF_INET','sin_port': '22','sin_addr': '192.168.19.39'}""}, {'name': 'addrlen', 'type': 'int', 'value': 16}]",1,1
487.164263,7555,7555,7548,1001,4026531840,tsm,ip-10-100-1-217,42,connect,[],3,-114,"[{'name': 'sockfd', 'type': 'int', 'value': 261}, {'name': 'addr', 'type': 'struct sockaddr*', 'value': ""{'sin_port': '22','sin_addr': '192.168.19.40','sa_family': 'AF_INET'}""}, {'name': 'addrlen', 'type': 'int', 'value': 16}]",1,1
487.164286,7555,7555,7548,1001,4026531840,tsm,ip-10-100-1-217,42,connect,[],3,-114,"[{'name': 'sockfd', 'type': 'int', 'value': 262}, {'name': 'addr', 'type': 'struct sockaddr*', 'value': ""{'sa_family': 'AF_INET','sin_port': '22','sin_addr': '192.168.19.41'}""}, {'name': 'addrlen', 'type': 'int', 'value': 16}]",1,1
487.164308,7555,7555,7548,1001,4026531840,tsm,ip-10-100-1-217,42,connect,[],3,-114,"[{'name': 'sockfd', 'type': 'int', 'value': 263}, {'name': 'addr', 'type': 'struct sockaddr*', 'value': ""{'sa_family': 'AF_INET','sin_port': '22','sin_addr': '192.168.19.42'}""}, {'name': 'addrlen', 'type': 'int', 'value': 16}]",1,1
487.16433,7555,7555,7548,1001,4026531840,tsm,ip-10-100-1-217,42,connect,[],3,-114,"[{'name': 'sockfd', 'type': 'int', 'value': 264}, {'name': 'addr', 'type': 'struct sockaddr*', 'value': ""{'sa_family': 'AF_INET','sin_port': '22','sin_addr': '192.168.19.43'}""}, {'name': 'addrlen', 'type': 'int', 'value': 16}]",1,1
487.164352,7555,7555,7548,1001,4026531840,tsm,ip-10-100-1-217,42,connect,[],3,-114,"[{'name': 'sockfd', 'type': 'int', 'value': 265}, {'name': 'addr', 'type': 'struct sockaddr*', 'value': ""{'sa_family': 'AF_INET','sin_port': '22','sin_addr': '192.168.19.44'}""}, {'name': 'addrlen', 'type': 'int', 'value': 16}]",1,1
487.164374,7555,7555,7548,1001,4026531840,tsm,ip-10-100-1-217,42,connect,[],3,-114,"[{'name': 'sockfd', 'type': 'int', 'value': 266}, {'name': 'addr', 'type': 'struct sockaddr*', 'value': ""{'sin_port': '22','sin_addr': '192.168.19.45','sa_family': 'AF_INET'}""}, {'name': 'addrlen', 'type': 'int', 'value': 16}]",1,1
487.164396,7555,7555,7548,1001,4026531840,tsm,ip-10-100-1-217,42,connect,[],3,-114,"[{'name': 'sockfd', 'type': 'int', 'value': 267}, {'name': 'addr', 'type': 'struct sockaddr*', 'value': ""{'sa_family': 'AF_INET','sin_port': '22','sin_addr': '192.168.19.46'}""}, {'name': 'addrlen', 'type': 'int', 'value': 16}]",1,1
487.164418,7555,7555,7548,1001,4026531840,tsm,ip-10-100-1-217,42,connect,[],3,-114,"[{'name': 'sockfd', 'type': 'int', 'value': 268}, {'name': 'addr', 'type': 'struct sockaddr*', 'value': ""{'sa_family': 'AF_INET','sin_port': '22','sin_addr': '192.168.19.47'}""}, {'name': 'addrlen', 'type': 'int', 'value': 16}]",1,1
487.16444,7555,7555,7548,1001,4026531840,tsm,ip-10-100-1-217,42,connect,[],3,-114,"[{'name': 'sockfd', 'type': 'int', 'value': 269}, {'name': 'addr', 'type': 'struct sockaddr*', 'value': ""{'sa_family': 'AF_INET','sin_port': '22','sin_addr': '192.168.19.48'}""}, {'name': 'addrlen', 'type': 'int', 'value': 16}]",1,1
487.164462,7555,7555,7548,1001,4026531840,tsm,ip-10-100-1-217,42,connect,[],3,-114,"[{'name': 'sockfd', 'type': 'int', 'value': 270}, {'name': 'addr', 'type': 'struct sockaddr*', 'value': ""{'sa_family': 'AF_INET','sin_port': '22','sin_addr': '192.168.19.49'}""}, {'name': 'addrlen', 'type': 'int', 'value': 16}]",1,1
487.164484,7555,7555,7548,1001,4026531840,tsm,ip-10-100-1-217,42,connect,[],3,-114,"[{'name': 'sockfd', 'type': 'int', 'value': 271}, {'name': 'addr', 'type': 'struct sockaddr*', 'value': ""{'sin_addr': '192.168.19.50','sa_family': 'AF_INET','sin_port': '22'}""}, {'name': 'addrlen', 'type': 'int', 'value': 16}]",1,1
487.164506,7555,7555,7548,1001,4026531840,tsm,ip-10-100-1-217,42,connect,[],3,-114,"[{'name': 'sockfd', 'type': 'int', 'value': 272}, {'name': 'addr', 'type': 'struct sockaddr*', 'value': ""{'sin_addr': '192.168.19.51','sa_family': 'AF_INET','sin_port': '22'}""}, {'name': 'addrlen', 'type': 'int', 'value': 16}]",1,1
487.164528,7555,7555,7548,1001,4026531840,tsm,ip-10-100-1-217,42,connect,[],3,-114,"[{'name': 'sockfd', 'type': 'int', 'value': 273}, {'name': 'addr', 'type': 'struct sockaddr*', 'value': ""{'sa_family': 'AF_INET','sin_port': '22','sin_addr': '192.168.19.52'}""}, {'name': 'addrlen', 'type': 'int', 'value': 16}]",1,1
487.164551,7555,7555,7548,1001,4026531840,tsm,ip-10-100-1-217,42,connect,[],3,-114,"[{'name': 'sockfd', 'type': 'int', 'value': 274}, {'name': 'addr', 'type': 'struct sockaddr*', 'value': ""{'sin_addr': '192.168.19.53','sa_family': 'AF_INET','sin_port': '22'}""}, {'name': 'addrlen', 'type': 'int', 'value': 16}]",1,1
487.164573,7555,7555,7548,1001,4026531840,tsm,ip-10-100-1-217,42,connect,[],3,-114,"[{'name': 'sockfd', 'type': 'int', 'value': 275}, {'name': 'addr', 'type': 'struct sockaddr*', 'value': ""{'sin_port': '22','sin_addr': '192.168.19.54','sa_family': 'AF_INET'}""}, {'name': 'addrlen', 'type': 'int', 'value': 16}]",1,1
487.164594,7555,7555,7548,1001,4026531840,tsm,ip-10-100-1-217,42,connect,[],3,-114,"[{'name': 'sockfd', 'type': 'int', 'value': 276}, {'name': 'addr', 'type': 'struct sockaddr*', 'value': ""{'sa_family': 'AF_INET','sin_port': '22','sin_addr': '192.168.19.55'}""}, {'name': 'addrlen', 'type': 'int', 'value': 16}]",1,1
487.164616,7555,7555,7548,1001,4026531840,tsm,ip-10-100-1-217,42,connect,[],3,-114,"[{'name': 'sockfd', 'type': 'int', 'value': 277}, {'name': 'addr', 'type': 'struct sockaddr*', 'value': ""{'sa_family': 'AF_INET','sin_port': '22','sin_addr': '192.168.19.56'}""}, {'name': 'addrlen', 'type': 'int', 'value': 16}]",1,1
487.164638,7555,7555,7548,1001,4026531840,tsm,ip-10-100-1-217,42,connect,[],3,-114,"[{'name': 'sockfd', 'type': 'int', 'value': 278}, {'name': 'addr', 'type': 'struct sockaddr*', 'value': ""{'sa_family': 'AF_INET','sin_port': '22','sin_addr': '192.168.19.57'}""}, {'name': 'addrlen', 'type': 'int', 'value': 16}]",1,1
487.16466,7555,7555,7548,1001,4026531840,tsm,ip-10-100-1-217,42,connect,[],3,-114,"[{'name': 'sockfd', 'type': 'int', 'value': 279}, {'name': 'addr', 'type': 'struct sockaddr*', 'value': ""{'sa_family': 'AF_INET','sin_port': '22','sin_addr': '192.168.19.58'}""}, {'name': 'addrlen', 'type': 'int', 'value': 16}]",1,1
487.164682,7555,7555,7548,1001,4026531840,tsm,ip-10-100-1-217,42,connect,[],3,-114,"[{'name': 'sockfd', 'type': 'int', 'value': 280}, {'name': 'addr', 'type': 'struct sockaddr*', 'value': ""{'sa_family': 'AF_INET','sin_port': '22','sin_addr': '192.168.19.59'}""}, {'name': 'addrlen', 'type': 'int', 'value': 16}]",1,1
487.164729,7555,7555,7548,1001,4026531840,tsm,ip-10-100-1-217,42,connect,[],3,-114,"[{'name': 'sockfd', 'type': 'int', 'value': 281}, {'name': 'addr', 'type': 'struct sockaddr*', 'value': ""{'sin_addr': '192.168.19.60','sa_family': 'AF_INET','sin_port': '22'}""}, {'name': 'addrlen', 'type': 'int', 'value': 16}]",1,1
487.16475,7555,7555,7548,1001,4026531840,tsm,ip-10-100-1-217,42,connect,[],3,-114,"[{'name': 'sockfd', 'type': 'int', 'value': 282}, {'name': 'addr', 'type': 'struct sockaddr*', 'value': ""{'sa_family': 'AF_INET','sin_port': '22','sin_addr': '192.168.19.61'}""}, {'name': 'addrlen', 'type': 'int', 'value': 16}]",1,1
487.164772,7555,7555,7548,1001,4026531840,tsm,ip-10-100-1-217,42,connect,[],3,-114,"[{'name': 'sockfd', 'type': 'int', 'value': 283}, {'name': 'addr', 'type': 'struct sockaddr*', 'value': ""{'sa_family': 'AF_INET','sin_port': '22','sin_addr': '192.168.19.62'}""}, {'name': 'addrlen', 'type': 'int', 'value': 16}]",1,1
487.164794,7555,7555,7548,1001,4026531840,tsm,ip-10-100-1-217,42,connect,[],3,-114,"[{'name': 'sockfd', 'type': 'int', 'value': 284}, {'name': 'addr', 'type': 'struct sockaddr*', 'value': ""{'sa_family': 'AF_INET','sin_port': '22','sin_addr': '192.168.19.63'}""}, {'name': 'addrlen', 'type': 'int', 'value': 16}]",1,1
487.164816,7555,7555,7548,1001,4026531840,tsm,ip-10-100-1-217,42,connect,[],3,-114,"[{'name': 'sockfd', 'type': 'int', 'value': 285}, {'name': 'addr', 'type': 'struct sockaddr*', 'value': ""{'sa_family': 'AF_INET','sin_port': '22','sin_addr': '192.168.19.64'}""}, {'name': 'addrlen', 'type': 'int', 'value': 16}]",1,1
487.164839,7555,7555,7548,1001,4026531840,tsm,ip-10-100-1-217,42,connect,[],3,-114,"[{'name': 'sockfd', 'type': 'int', 'value': 286}, {'name': 'addr', 'type': 'struct sockaddr*', 'value': ""{'sin_addr': '192.168.19.65','sa_family': 'AF_INET','sin_port': '22'}""}, {'name': 'addrlen', 'type': 'int', 'value': 16}]",1,1
487.164861,7555,7555,7548,1001,4026531840,tsm,ip-10-100-1-217,42,connect,[],3,-114,"[{'name': 'sockfd', 'type': 'int', 'value': 287}, {'name': 'addr', 'type': 'struct sockaddr*', 'value': ""{'sa_family': 'AF_INET','sin_port': '22','sin_addr': '192.168.19.66'}""}, {'name': 'addrlen', 'type': 'int', 'value': 16}]",1,1
487.164883,7555,7555,7548,1001,4026531840,tsm,ip-10-100-1-217,42,connect,[],3,-114,"[{'name': 'sockfd', 'type': 'int', 'value': 288}, {'name': 'addr', 'type': 'struct sockaddr*', 'value': ""{'sa_family': 'AF_INET','sin_port': '22','sin_addr': '192.168.19.67'}""}, {'name': 'addrlen', 'type': 'int', 'value': 16}]",1,1
487.164905,7555,7555,7548,1001,4026531840,tsm,ip-10-100-1-217,42,connect,[],3,-114,"[{'name': 'sockfd', 'type': 'int', 'value': 289}, {'name': 'addr', 'type': 'struct sockaddr*', 'value': ""{'sin_port': '22','sin_addr': '192.168.19.68','sa_family': 'AF_INET'}""}, {'name': 'addrlen', 'type': 'int', 'value': 16}]",1,1
487.164927,7555,7555,7548,1001,4026531840,tsm,ip-10-100-1-217,42,connect,[],3,-114,"[{'name': 'sockfd', 'type': 'int', 'value': 290}, {'name': 'addr', 'type': 'struct sockaddr*', 'value': ""{'sa_family': 'AF_INET','sin_port': '22','sin_addr': '192.168.19.69'}""}, {'name': 'addrlen', 'type': 'int', 'value': 16}]",1,1
487.164949,7555,7555,7548,1001,4026531840,tsm,ip-10-100-1-217,42,connect,[],3,-114,"[{'name': 'sockfd', 'type': 'int', 'value': 291}, {'name': 'addr', 'type': 'struct sockaddr*', 'value': ""{'sa_family': 'AF_INET','sin_port': '22','sin_addr': '192.168.19.70'}""}, {'name': 'addrlen', 'type': 'int', 'value': 16}]",1,1
487.164971,7555,7555,7548,1001,4026531840,tsm,ip-10-100-1-217,42,connect,[],3,-114,"[{'name': 'sockfd', 'type': 'int', 'value': 292}, {'name': 'addr', 'type': 'struct sockaddr*', 'value': ""{'sa_family': 'AF_INET','sin_port': '22','sin_addr': '192.168.19.71'}""}, {'name': 'addrlen', 'type': 'int', 'value': 16}]",1,1
487.164993,7555,7555,7548,1001,4026531840,tsm,ip-10-100-1-217,42,connect,[],3,-114,"[{'name': 'sockfd', 'type': 'int', 'value': 293}, {'name': 'addr', 'type': 'struct sockaddr*', 'value': ""{'sa_family': 'AF_INET','sin_port': '22','sin_addr': '192.168.19.72'}""}, {'name': 'addrlen', 'type': 'int', 'value': 16}]",1,1
487.165027,7555,7555,7548,1001,4026531840,tsm,ip-10-100-1-217,42,connect,[],3,-114,"[{'name': 'sockfd', 'type': 'int', 'value': 294}, {'name': 'addr', 'type': 'struct sockaddr*', 'value': ""{'sa_family': 'AF_INET','sin_port': '22','sin_addr': '192.168.19.73'}""}, {'name': 'addrlen', 'type': 'int', 'value': 16}]",1,1
487.165048,7555,7555,7548,1001,4026531840,tsm,ip-10-100-1-217,42,connect,[],3,-114,"[{'name': 'sockfd', 'type': 'int', 'value': 295}, {'name': 'addr', 'type': 'struct sockaddr*', 'value': ""{'sa_family': 'AF_INET','sin_port': '22','sin_addr': '192.168.19.74'}""}, {'name': 'addrlen', 'type': 'int', 'value': 16}]",1,1
487.16507,7555,7555,7548,1001,4026531840,tsm,ip-10-100-1-217,42,connect,[],3,-114,"[{'name': 'sockfd', 'type': 'int', 'value': 296}, {'name': 'addr', 'type': 'struct sockaddr*', 'value': ""{'sa_family': 'AF_INET','sin_port': '22','sin_addr': '192.168.19.75'}""}, {'name': 'addrlen', 'type': 'int', 'value': 16}]",1,1
487.165091,7555,7555,7548,1001,4026531840,tsm,ip-10-100-1-217,42,connect,[],3,-114,"[{'name': 'sockfd', 'type': 'int', 'value': 297}, {'name': 'addr', 'type': 'struct sockaddr*', 'value': ""{'sa_family': 'AF_INET','sin_port': '22','sin_addr': '192.168.19.76'}""}, {'name': 'addrlen', 'type': 'int', 'value': 16}]",1,1
487.165112,7555,7555,7548,1001,4026531840,tsm,ip-10-100-1-217,42,connect,[],3,-114,"[{'name': 'sockfd', 'type': 'int', 'value': 298}, {'name': 'addr', 'type': 'struct sockaddr*', 'value': ""{'sa_family': 'AF_INET','sin_port': '22','sin_addr': '192.168.19.77'}""}, {'name': 'addrlen', 'type': 'int', 'value': 16}]",1,1
487.165134,7555,7555,7548,1001,4026531840,tsm,ip-10-100-1-217,42,connect,[],3,-114,"[{'name': 'sockfd', 'type': 'int', 'value': 299}, {'name': 'addr', 'type': 'struct sockaddr*', 'value': ""{'sa_family': 'AF_INET','sin_port': '22','sin_addr': '192.168.19.78'}""}, {'name': 'addrlen', 'type': 'int', 'value': 16}]",1,1
487.165155,7555,7555,7548,1001,4026531840,tsm,ip-10-100-1-217,42,connect,[],3,-114,"[{'name': 'sockfd', 'type': 'int', 'value': 300}, {'name': 'addr', 'type': 'struct sockaddr*', 'value': ""{'sa_family': 'AF_INET','sin_port': '22','sin_addr': '192.168.19.79'}""}, {'name': 'addrlen', 'type': 'int', 'value': 16}]",1,1
487.165176,7555,7555,7548,1001,4026531840,tsm,ip-10-100-1-217,42,connect,[],3,-114,"[{'name': 'sockfd', 'type': 'int', 'value': 301}, {'name': 'addr', 'type': 'struct sockaddr*', 'value': ""{'sa_family': 'AF_INET','sin_port': '22','sin_addr': '192.168.19.80'}""}, {'name': 'addrlen', 'type': 'int', 'value': 16}]",1,1
487.165197,7555,7555,7548,1001,4026531840,tsm,ip-10-100-1-217,42,connect,[],3,-114,"[{'name': 'sockfd', 'type': 'int', 'value': 302}, {'name': 'addr', 'type': 'struct sockaddr*', 'value': ""{'sa_family': 'AF_INET','sin_port': '22','sin_addr': '192.168.19.81'}""}, {'name': 'addrlen', 'type': 'int', 'value': 16}]",1,1
487.165218,7555,7555,7548,1001,4026531840,tsm,ip-10-100-1-217,42,connect,[],3,-114,"[{'name': 'sockfd', 'type': 'int', 'value': 303}, {'name': 'addr', 'type': 'struct sockaddr*', 'value': ""{'sin_port': '22','sin_addr': '192.168.19.82','sa_family': 'AF_INET'}""}, {'name': 'addrlen', 'type': 'int', 'value': 16}]",1,1
487.165242,7555,7555,7548,1001,4026531840,tsm,ip-10-100-1-217,42,connect,[],3,-114,"[{'name': 'sockfd', 'type': 'int', 'value': 304}, {'name': 'addr', 'type': 'struct sockaddr*', 'value': ""{'sa_family': 'AF_INET','sin_port': '22','sin_addr': '192.168.19.83'}""}, {'name': 'addrlen', 'type': 'int', 'value': 16}]",1,1
487.165263,7555,7555,7548,1001,4026531840,tsm,ip-10-100-1-217,42,connect,[],3,-114,"[{'name': 'sockfd', 'type': 'int', 'value': 305}, {'name': 'addr', 'type': 'struct sockaddr*', 'value': ""{'sa_family': 'AF_INET','sin_port': '22','sin_addr': '192.168.19.84'}""}, {'name': 'addrlen', 'type': 'int', 'value': 16}]",1,1
487.165284,7555,7555,7548,1001,4026531840,tsm,ip-10-100-1-217,42,connect,[],3,-114,"[{'name': 'sockfd', 'type': 'int', 'value': 306}, {'name': 'addr', 'type': 'struct sockaddr*', 'value': ""{'sin_port': '22','sin_addr': '192.168.19.85','sa_family': 'AF_INET'}""}, {'name': 'addrlen', 'type': 'int', 'value': 16}]",1,1
487.165306,7555,7555,7548,1001,4026531840,tsm,ip-10-100-1-217,42,connect,[],3,-114,"[{'name': 'sockfd', 'type': 'int', 'value': 307}, {'name': 'addr', 'type': 'struct sockaddr*', 'value': ""{'sa_family': 'AF_INET','sin_port': '22','sin_addr': '192.168.19.86'}""}, {'name': 'addrlen', 'type': 'int', 'value': 16}]",1,1
487.165327,7555,7555,7548,1001,4026531840,tsm,ip-10-100-1-217,42,connect,[],3,-114,"[{'name': 'sockfd', 'type': 'int', 'value': 308}, {'name': 'addr', 'type': 'struct sockaddr*', 'value': ""{'sa_family': 'AF_INET','sin_port': '22','sin_addr': '192.168.19.87'}""}, {'name': 'addrlen', 'type': 'int', 'value': 16}]",1,1
487.165348,7555,7555,7548,1001,4026531840,tsm,ip-10-100-1-217,42,connect,[],3,-114,"[{'name': 'sockfd', 'type': 'int', 'value': 309}, {'name': 'addr', 'type': 'struct sockaddr*', 'value': ""{'sa_family': 'AF_INET','sin_port': '22','sin_addr': '192.168.19.88'}""}, {'name': 'addrlen', 'type': 'int', 'value': 16}]",1,1
487.16537,7555,7555,7548,1001,4026531840,tsm,ip-10-100-1-217,42,connect,[],3,-114,"[{'name': 'sockfd', 'type': 'int', 'value': 310}, {'name': 'addr', 'type': 'struct sockaddr*', 'value': ""{'sa_family': 'AF_INET','sin_port': '22','sin_addr': '192.168.19.89'}""}, {'name': 'addrlen', 'type': 'int', 'value': 16}]",1,1
487.165391,7555,7555,7548,1001,4026531840,tsm,ip-10-100-1-217,42,connect,[],3,-114,"[{'name': 'sockfd', 'type': 'int', 'value': 311}, {'name': 'addr', 'type': 'struct sockaddr*', 'value': ""{'sin_port': '22','sin_addr': '192.168.19.90','sa_family': 'AF_INET'}""}, {'name': 'addrlen', 'type': 'int', 'value': 16}]",1,1
487.165412,7555,7555,7548,1001,4026531840,tsm,ip-10-100-1-217,42,connect,[],3,-114,"[{'name': 'sockfd', 'type': 'int', 'value': 312}, {'name': 'addr', 'type': 'struct sockaddr*', 'value': ""{'sa_family': 'AF_INET','sin_port': '22','sin_addr': '192.168.19.91'}""}, {'name': 'addrlen', 'type': 'int', 'value': 16}]",1,1
487.165434,7555,7555,7548,1001,4026531840,tsm,ip-10-100-1-217,42,connect,[],3,-114,"[{'name': 'sockfd', 'type': 'int', 'value': 313}, {'name': 'addr', 'type': 'struct sockaddr*', 'value': ""{'sa_family': 'AF_INET','sin_port': '22','sin_addr': '192.168.19.92'}""}, {'name': 'addrlen', 'type': 'int', 'value': 16}]",1,1
487.165456,7555,7555,7548,1001,4026531840,tsm,ip-10-100-1-217,42,connect,[],3,-114,"[{'name': 'sockfd', 'type': 'int', 'value': 314}, {'name': 'addr', 'type': 'struct sockaddr*', 'value': ""{'sa_family': 'AF_INET','sin_port': '22','sin_addr': '192.168.19.93'}""}, {'name': 'addrlen', 'type': 'int', 'value': 16}]",1,1
487.165477,7555,7555,7548,1001,4026531840,tsm,ip-10-100-1-217,42,connect,[],3,-114,"[{'name': 'sockfd', 'type': 'int', 'value': 315}, {'name': 'addr', 'type': 'struct sockaddr*', 'value': ""{'sa_family': 'AF_INET','sin_port': '22','sin_addr': '192.168.19.94'}""}, {'name': 'addrlen', 'type': 'int', 'value': 16}]",1,1
487.165498,7555,7555,7548,1001,4026531840,tsm,ip-10-100-1-217,42,connect,[],3,-114,"[{'name': 'sockfd', 'type': 'int', 'value': 316}, {'name': 'addr', 'type': 'struct sockaddr*', 'value': ""{'sa_family': 'AF_INET','sin_port': '22','sin_addr': '192.168.19.95'}""}, {'name': 'addrlen', 'type': 'int', 'value': 16}]",1,1
487.165519,7555,7555,7548,1001,4026531840,tsm,ip-10-100-1-217,42,connect,[],3,-114,"[{'name': 'sockfd', 'type': 'int', 'value': 317}, {'name': 'addr', 'type': 'struct sockaddr*', 'value': ""{'sa_family': 'AF_INET','sin_port': '22','sin_addr': '192.168.19.96'}""}, {'name': 'addrlen', 'type': 'int', 'value': 16}]",1,1
487.165541,7555,7555,7548,1001,4026531840,tsm,ip-10-100-1-217,42,connect,[],3,-114,"[{'name': 'sockfd', 'type': 'int', 'value': 318}, {'name': 'addr', 'type': 'struct sockaddr*', 'value': ""{'sa_family': 'AF_INET','sin_port': '22','sin_addr': '192.168.19.97'}""}, {'name': 'addrlen', 'type': 'int', 'value': 16}]",1,1
487.165562,7555,7555,7548,1001,4026531840,tsm,ip-10-100-1-217,42,connect,[],3,-114,"[{'name': 'sockfd', 'type': 'int', 'value': 319}, {'name': 'addr', 'type': 'struct sockaddr*', 'value': ""{'sin_addr': '192.168.19.98','sa_family': 'AF_INET','sin_port': '22'}""}, {'name': 'addrlen', 'type': 'int', 'value': 16}]",1,1
487.165583,7555,7555,7548,1001,4026531840,tsm,ip-10-100-1-217,42,connect,[],3,-114,"[{'name': 'sockfd', 'type': 'int', 'value': 320}, {'name': 'addr', 'type': 'struct sockaddr*', 'value': ""{'sa_family': 'AF_INET','sin_port': '22','sin_addr': '192.168.19.99'}""}, {'name': 'addrlen', 'type': 'int', 'value': 16}]",1,1
487.165604,7555,7555,7548,1001,4026531840,tsm,ip-10-100-1-217,42,connect,[],3,-114,"[{'name': 'sockfd', 'type': 'int', 'value': 321}, {'name': 'addr', 'type': 'struct sockaddr*', 'value': ""{'sa_family': 'AF_INET','sin_port': '22','sin_addr': '192.168.19.100'}""}, {'name': 'addrlen', 'type': 'int', 'value': 16}]",1,1
487.165643,7555,7555,7548,1001,4026531840,tsm,ip-10-100-1-217,42,connect,[],3,-114,"[{'name': 'sockfd', 'type': 'int', 'value': 322}, {'name': 'addr', 'type': 'struct sockaddr*', 'value': ""{'sa_family': 'AF_INET','sin_port': '22','sin_addr': '192.168.19.101'}""}, {'name': 'addrlen', 'type': 'int', 'value': 16}]",1,1
487.165665,7555,7555,7548,1001,4026531840,tsm,ip-10-100-1-217,42,connect,[],3,-114,"[{'name': 'sockfd', 'type': 'int', 'value': 323}, {'name': 'addr', 'type': 'struct sockaddr*', 'value': ""{'sa_family': 'AF_INET','sin_port': '22','sin_addr': '192.168.19.102'}""}, {'name': 'addrlen', 'type': 'int', 'value': 16}]",1,1
487.165686,7555,7555,7548,1001,4026531840,tsm,ip-10-100-1-217,42,connect,[],3,-114,"[{'name': 'sockfd', 'type': 'int', 'value': 324}, {'name': 'addr', 'type': 'struct sockaddr*', 'value': ""{'sa_family': 'AF_INET','sin_port': '22','sin_addr': '192.168.19.103'}""}, {'name': 'addrlen', 'type': 'int', 'value': 16}]",1,1
487.165719,7555,7555,7548,1001,4026531840,tsm,ip-10-100-1-217,42,connect,[],3,-114,"[{'name': 'sockfd', 'type': 'int', 'value': 325}, {'name': 'addr', 'type': 'struct sockaddr*', 'value': ""{'sa_family': 'AF_INET','sin_port': '22','sin_addr': '192.168.19.104'}""}, {'name': 'addrlen', 'type': 'int', 'value': 16}]",1,1
487.165741,7555,7555,7548,1001,4026531840,tsm,ip-10-100-1-217,42,connect,[],3,-114,"[{'name': 'sockfd', 'type': 'int', 'value': 326}, {'name': 'addr', 'type': 'struct sockaddr*', 'value': ""{'sa_family': 'AF_INET','sin_port': '22','sin_addr': '192.168.19.105'}""}, {'name': 'addrlen', 'type': 'int', 'value': 16}]",1,1
487.165764,7555,7555,7548,1001,4026531840,tsm,ip-10-100-1-217,42,connect,[],3,-114,"[{'name': 'sockfd', 'type': 'int', 'value': 327}, {'name': 'addr', 'type': 'struct sockaddr*', 'value': ""{'sa_family': 'AF_INET','sin_port': '22','sin_addr': '192.168.19.106'}""}, {'name': 'addrlen', 'type': 'int', 'value': 16}]",1,1
487.165786,7555,7555,7548,1001,4026531840,tsm,ip-10-100-1-217,42,connect,[],3,-114,"[{'name': 'sockfd', 'type': 'int', 'value': 328}, {'name': 'addr', 'type': 'struct sockaddr*', 'value': ""{'sa_family': 'AF_INET','sin_port': '22','sin_addr': '192.168.19.107'}""}, {'name': 'addrlen', 'type': 'int', 'value': 16}]",1,1
487.165808,7555,7555,7548,1001,4026531840,tsm,ip-10-100-1-217,42,connect,[],3,-114,"[{'name': 'sockfd', 'type': 'int', 'value': 329}, {'name': 'addr', 'type': 'struct sockaddr*', 'value': ""{'sin_port': '22','sin_addr': '192.168.19.108','sa_family': 'AF_INET'}""}, {'name': 'addrlen', 'type': 'int', 'value': 16}]",1,1
487.16583,7555,7555,7548,1001,4026531840,tsm,ip-10-100-1-217,42,connect,[],3,-114,"[{'name': 'sockfd', 'type': 'int', 'value': 330}, {'name': 'addr', 'type': 'struct sockaddr*', 'value': ""{'sa_family': 'AF_INET','sin_port': '22','sin_addr': '192.168.19.109'}""}, {'name': 'addrlen', 'type': 'int', 'value': 16}]",1,1
487.165852,7555,7555,7548,1001,4026531840,tsm,ip-10-100-1-217,42,connect,[],3,-114,"[{'name': 'sockfd', 'type': 'int', 'value': 331}, {'name': 'addr', 'type': 'struct sockaddr*', 'value': ""{'sa_family': 'AF_INET','sin_port': '22','sin_addr': '192.168.19.110'}""}, {'name': 'addrlen', 'type': 'int', 'value': 16}]",1,1
487.165874,7555,7555,7548,1001,4026531840,tsm,ip-10-100-1-217,42,connect,[],3,-114,"[{'name': 'sockfd', 'type': 'int', 'value': 332}, {'name': 'addr', 'type': 'struct sockaddr*', 'value': ""{'sa_family': 'AF_INET','sin_port': '22','sin_addr': '192.168.19.111'}""}, {'name': 'addrlen', 'type': 'int', 'value': 16}]",1,1
487.165896,7555,7555,7548,1001,4026531840,tsm,ip-10-100-1-217,42,connect,[],3,-114,"[{'name': 'sockfd', 'type': 'int', 'value': 333}, {'name': 'addr', 'type': 'struct sockaddr*', 'value': ""{'sin_addr': '192.168.19.112','sa_family': 'AF_INET','sin_port': '22'}""}, {'name': 'addrlen', 'type': 'int', 'value': 16}]",1,1
487.165918,7555,7555,7548,1001,4026531840,tsm,ip-10-100-1-217,42,connect,[],3,-114,"[{'name': 'sockfd', 'type': 'int', 'value': 334}, {'name': 'addr', 'type': 'struct sockaddr*', 'value': ""{'sa_family': 'AF_INET','sin_port': '22','sin_addr': '192.168.19.113'}""}, {'name': 'addrlen', 'type': 'int', 'value': 16}]",1,1
487.16594,7555,7555,7548,1001,4026531840,tsm,ip-10-100-1-217,42,connect,[],3,-114,"[{'name': 'sockfd', 'type': 'int', 'value': 335}, {'name': 'addr', 'type': 'struct sockaddr*', 'value': ""{'sa_family': 'AF_INET','sin_port': '22','sin_addr': '192.168.19.114'}""}, {'name': 'addrlen', 'type': 'int', 'value': 16}]",1,1
487.165962,7555,7555,7548,1001,4026531840,tsm,ip-10-100-1-217,42,connect,[],3,-114,"[{'name': 'sockfd', 'type': 'int', 'value': 336}, {'name': 'addr', 'type': 'struct sockaddr*', 'value': ""{'sin_addr': '192.168.19.115','sa_family': 'AF_INET','sin_port': '22'}""}, {'name': 'addrlen', 'type': 'int', 'value': 16}]",1,1
487.165984,7555,7555,7548,1001,4026531840,tsm,ip-10-100-1-217,42,connect,[],3,-114,"[{'name': 'sockfd', 'type': 'int', 'value': 337}, {'name': 'addr', 'type': 'struct sockaddr*', 'value': ""{'sa_family': 'AF_INET','sin_port': '22','sin_addr': '192.168.19.116'}""}, {'name': 'addrlen', 'type': 'int', 'value': 16}]",1,1
487.166006,7555,7555,7548,1001,4026531840,tsm,ip-10-100-1-217,42,connect,[],3,-114,"[{'name': 'sockfd', 'type': 'int', 'value': 338}, {'name': 'addr', 'type': 'struct sockaddr*', 'value': ""{'sa_family': 'AF_INET','sin_port': '22','sin_addr': '192.168.19.117'}""}, {'name': 'addrlen', 'type': 'int', 'value': 16}]",1,1
487.166028,7555,7555,7548,1001,4026531840,tsm,ip-10-100-1-217,42,connect,[],3,-114,"[{'name': 'sockfd', 'type': 'int', 'value': 339}, {'name': 'addr', 'type': 'struct sockaddr*', 'value': ""{'sin_port': '22','sin_addr': '192.168.19.118','sa_family': 'AF_INET'}""}, {'name': 'addrlen', 'type': 'int', 'value': 16}]",1,1
487.16605,7555,7555,7548,1001,4026531840,tsm,ip-10-100-1-217,42,connect,[],3,-114,"[{'name': 'sockfd', 'type': 'int', 'value': 340}, {'name': 'addr', 'type': 'struct sockaddr*', 'value': ""{'sa_family': 'AF_INET','sin_port': '22','sin_addr': '192.168.19.119'}""}, {'name': 'addrlen', 'type': 'int', 'value': 16}]",1,1
487.166072,7555,7555,7548,1001,4026531840,tsm,ip-10-100-1-217,42,connect,[],3,-114,"[{'name': 'sockfd', 'type': 'int', 'value': 341}, {'name': 'addr', 'type': 'struct sockaddr*', 'value': ""{'sa_family': 'AF_INET','sin_port': '22','sin_addr': '192.168.19.120'}""}, {'name': 'addrlen', 'type': 'int', 'value': 16}]",1,1
487.166094,7555,7555,7548,1001,4026531840,tsm,ip-10-100-1-217,42,connect,[],3,-114,"[{'name': 'sockfd', 'type': 'int', 'value': 342}, {'name': 'addr', 'type': 'struct sockaddr*', 'value': ""{'sa_family': 'AF_INET','sin_port': '22','sin_addr': '192.168.19.121'}""}, {'name': 'addrlen', 'type': 'int', 'value': 16}]",1,1
487.166116,7555,7555,7548,1001,4026531840,tsm,ip-10-100-1-217,42,connect,[],3,-114,"[{'name': 'sockfd', 'type': 'int', 'value': 343}, {'name': 'addr', 'type': 'struct sockaddr*', 'value': ""{'sa_family': 'AF_INET','sin_port': '22','sin_addr': '192.168.19.122'}""}, {'name': 'addrlen', 'type': 'int', 'value': 16}]",1,1
487.166138,7555,7555,7548,1001,4026531840,tsm,ip-10-100-1-217,42,connect,[],3,-114,"[{'name': 'sockfd', 'type': 'int', 'value': 344}, {'name': 'addr', 'type': 'struct sockaddr*', 'value': ""{'sin_port': '22','sin_addr': '192.168.19.123','sa_family': 'AF_INET'}""}, {'name': 'addrlen', 'type': 'int', 'value': 16}]",1,1
487.16616,7555,7555,7548,1001,4026531840,tsm,ip-10-100-1-217,42,connect,[],3,-114,"[{'name': 'sockfd', 'type': 'int', 'value': 345}, {'name': 'addr', 'type': 'struct sockaddr*', 'value': ""{'sa_family': 'AF_INET','sin_port': '22','sin_addr': '192.168.19.124'}""}, {'name': 'addrlen', 'type': 'int', 'value': 16}]",1,1
487.166182,7555,7555,7548,1001,4026531840,tsm,ip-10-100-1-217,42,connect,[],3,-114,"[{'name': 'sockfd', 'type': 'int', 'value': 346}, {'name': 'addr', 'type': 'struct sockaddr*', 'value': ""{'sin_addr': '192.168.19.125','sa_family': 'AF_INET','sin_port': '22'}""}, {'name': 'addrlen', 'type': 'int', 'value': 16}]",1,1
487.166204,7555,7555,7548,1001,4026531840,tsm,ip-10-100-1-217,42,connect,[],3,-114,"[{'name': 'sockfd', 'type': 'int', 'value': 347}, {'name': 'addr', 'type': 'struct sockaddr*', 'value': ""{'sin_port': '22','sin_addr': '192.168.19.126','sa_family': 'AF_INET'}""}, {'name': 'addrlen', 'type': 'int', 'value': 16}]",1,1
487.166226,7555,7555,7548,1001,4026531840,tsm,ip-10-100-1-217,42,connect,[],3,-114,"[{'name': 'sockfd', 'type': 'int', 'value': 348}, {'name': 'addr', 'type': 'struct sockaddr*', 'value': ""{'sa_family': 'AF_INET','sin_port': '22','sin_addr': '192.168.19.127'}""}, {'name': 'addrlen', 'type': 'int', 'value': 16}]",1,1
487.166261,7555,7555,7548,1001,4026531840,tsm,ip-10-100-1-217,42,connect,[],3,-114,"[{'name': 'sockfd', 'type': 'int', 'value': 349}, {'name': 'addr', 'type': 'struct sockaddr*', 'value': ""{'sa_family': 'AF_INET','sin_port': '22','sin_addr': '192.168.19.128'}""}, {'name': 'addrlen', 'type': 'int', 'value': 16}]",1,1
487.166282,7555,7555,7548,1001,4026531840,tsm,ip-10-100-1-217,42,connect,[],3,-114,"[{'name': 'sockfd', 'type': 'int', 'value': 350}, {'name': 'addr', 'type': 'struct sockaddr*', 'value': ""{'sa_family': 'AF_INET','sin_port': '22','sin_addr': '192.168.19.129'}""}, {'name': 'addrlen', 'type': 'int', 'value': 16}]",1,1
487.166303,7555,7555,7548,1001,4026531840,tsm,ip-10-100-1-217,42,connect,[],3,-114,"[{'name': 'sockfd', 'type': 'int', 'value': 351}, {'name': 'addr', 'type': 'struct sockaddr*', 'value': ""{'sa_family': 'AF_INET','sin_port': '22','sin_addr': '192.168.19.130'}""}, {'name': 'addrlen', 'type': 'int', 'value': 16}]",1,1
487.166325,7555,7555,7548,1001,4026531840,tsm,ip-10-100-1-217,42,connect,[],3,-114,"[{'name': 'sockfd', 'type': 'int', 'value': 352}, {'name': 'addr', 'type': 'struct sockaddr*', 'value': ""{'sa_family': 'AF_INET','sin_port': '22','sin_addr': '192.168.19.131'}""}, {'name': 'addrlen', 'type': 'int', 'value': 16}]",1,1
487.166346,7555,7555,7548,1001,4026531840,tsm,ip-10-100-1-217,42,connect,[],3,-114,"[{'name': 'sockfd', 'type': 'int', 'value': 353}, {'name': 'addr', 'type': 'struct sockaddr*', 'value': ""{'sa_family': 'AF_INET','sin_port': '22','sin_addr': '192.168.19.132'}""}, {'name': 'addrlen', 'type': 'int', 'value': 16}]",1,1
487.166367,7555,7555,7548,1001,4026531840,tsm,ip-10-100-1-217,42,connect,[],3,-114,"[{'name': 'sockfd', 'type': 'int', 'value': 354}, {'name': 'addr', 'type': 'struct sockaddr*', 'value': ""{'sa_family': 'AF_INET','sin_port': '22','sin_addr': '192.168.19.133'}""}, {'name': 'addrlen', 'type': 'int', 'value': 16}]",1,1
487.166388,7555,7555,7548,1001,4026531840,tsm,ip-10-100-1-217,42,connect,[],3,-114,"[{'name': 'sockfd', 'type': 'int', 'value': 355}, {'name': 'addr', 'type': 'struct sockaddr*', 'value': ""{'sa_family': 'AF_INET','sin_port': '22','sin_addr': '192.168.19.134'}""}, {'name': 'addrlen', 'type': 'int', 'value': 16}]",1,1
487.166409,7555,7555,7548,1001,4026531840,tsm,ip-10-100-1-217,42,connect,[],3,-114,"[{'name': 'sockfd', 'type': 'int', 'value': 356}, {'name': 'addr', 'type': 'struct sockaddr*', 'value': ""{'sa_family': 'AF_INET','sin_port': '22','sin_addr': '192.168.19.135'}""}, {'name': 'addrlen', 'type': 'int', 'value': 16}]",1,1
487.166431,7555,7555,7548,1001,4026531840,tsm,ip-10-100-1-217,42,connect,[],3,-114,"[{'name': 'sockfd', 'type': 'int', 'value': 357}, {'name': 'addr', 'type': 'struct sockaddr*', 'value': ""{'sa_family': 'AF_INET','sin_port': '22','sin_addr': '192.168.19.136'}""}, {'name': 'addrlen', 'type': 'int', 'value': 16}]",1,1
487.166452,7555,7555,7548,1001,4026531840,tsm,ip-10-100-1-217,42,connect,[],3,-114,"[{'name': 'sockfd', 'type': 'int', 'value': 358}, {'name': 'addr', 'type': 'struct sockaddr*', 'value': ""{'sa_family': 'AF_INET','sin_port': '22','sin_addr': '192.168.19.137'}""}, {'name': 'addrlen', 'type': 'int', 'value': 16}]",1,1
487.169202,7555,7555,7548,1001,4026531840,tsm,ip-10-100-1-217,42,connect,[],3,-114,"[{'name': 'sockfd', 'type': 'int', 'value': 359}, {'name': 'addr', 'type': 'struct sockaddr*', 'value': ""{'sa_family': 'AF_INET','sin_port': '22','sin_addr': '192.168.19.138'}""}, {'name': 'addrlen', 'type': 'int', 'value': 16}]",1,1
487.16923,7555,7555,7548,1001,4026531840,tsm,ip-10-100-1-217,42,connect,[],3,-114,"[{'name': 'sockfd', 'type': 'int', 'value': 360}, {'name': 'addr', 'type': 'struct sockaddr*', 'value': ""{'sa_family': 'AF_INET','sin_port': '22','sin_addr': '192.168.19.139'}""}, {'name': 'addrlen', 'type': 'int', 'value': 16}]",1,1
487.169252,7555,7555,7548,1001,4026531840,tsm,ip-10-100-1-217,42,connect,[],3,-114,"[{'name': 'sockfd', 'type': 'int', 'value': 361}, {'name': 'addr', 'type': 'struct sockaddr*', 'value': ""{'sa_family': 'AF_INET','sin_port': '22','sin_addr': '192.168.19.140'}""}, {'name': 'addrlen', 'type': 'int', 'value': 16}]",1,1
487.169301,7555,7555,7548,1001,4026531840,tsm,ip-10-100-1-217,42,connect,[],3,-114,"[{'name': 'sockfd', 'type': 'int', 'value': 362}, {'name': 'addr', 'type': 'struct sockaddr*', 'value': ""{'sa_family': 'AF_INET','sin_port': '22','sin_addr': '192.168.19.141'}""}, {'name': 'addrlen', 'type': 'int', 'value': 16}]",1,1
487.169324,7555,7555,7548,1001,4026531840,tsm,ip-10-100-1-217,42,connect,[],3,-114,"[{'name': 'sockfd', 'type': 'int', 'value': 363}, {'name': 'addr', 'type': 'struct sockaddr*', 'value': ""{'sin_addr': '192.168.19.142','sa_family': 'AF_INET','sin_port': '22'}""}, {'name': 'addrlen', 'type': 'int', 'value': 16}]",1,1
487.169346,7555,7555,7548,1001,4026531840,tsm,ip-10-100-1-217,42,connect,[],3,-114,"[{'name': 'sockfd', 'type': 'int', 'value': 364}, {'name': 'addr', 'type': 'struct sockaddr*', 'value': ""{'sa_family': 'AF_INET','sin_port': '22','sin_addr': '192.168.19.143'}""}, {'name': 'addrlen', 'type': 'int', 'value': 16}]",1,1
487.169372,7555,7555,7548,1001,4026531840,tsm,ip-10-100-1-217,42,connect,[],3,-114,"[{'name': 'sockfd', 'type': 'int', 'value': 365}, {'name': 'addr', 'type': 'struct sockaddr*', 'value': ""{'sin_addr': '192.168.19.144','sa_family': 'AF_INET','sin_port': '22'}""}, {'name': 'addrlen', 'type': 'int', 'value': 16}]",1,1
487.169397,7555,7555,7548,1001,4026531840,tsm,ip-10-100-1-217,42,connect,[],3,-114,"[{'name': 'sockfd', 'type': 'int', 'value': 366}, {'name': 'addr', 'type': 'struct sockaddr*', 'value': ""{'sa_family': 'AF_INET','sin_port': '22','sin_addr': '192.168.19.145'}""}, {'name': 'addrlen', 'type': 'int', 'value': 16}]",1,1
487.169419,7555,7555,7548,1001,4026531840,tsm,ip-10-100-1-217,42,connect,[],3,-114,"[{'name': 'sockfd', 'type': 'int', 'value': 367}, {'name': 'addr', 'type': 'struct sockaddr*', 'value': ""{'sa_family': 'AF_INET','sin_port': '22','sin_addr': '192.168.19.146'}""}, {'name': 'addrlen', 'type': 'int', 'value': 16}]",1,1
487.169441,7555,7555,7548,1001,4026531840,tsm,ip-10-100-1-217,42,connect,[],3,-114,"[{'name': 'sockfd', 'type': 'int', 'value': 368}, {'name': 'addr', 'type': 'struct sockaddr*', 'value': ""{'sin_addr': '192.168.19.147','sa_family': 'AF_INET','sin_port': '22'}""}, {'name': 'addrlen', 'type': 'int', 'value': 16}]",1,1
487.169463,7555,7555,7548,1001,4026531840,tsm,ip-10-100-1-217,42,connect,[],3,-114,"[{'name': 'sockfd', 'type': 'int', 'value': 369}, {'name': 'addr', 'type': 'struct sockaddr*', 'value': ""{'sin_addr': '192.168.19.148','sa_family': 'AF_INET','sin_port': '22'}""}, {'name': 'addrlen', 'type': 'int', 'value': 16}]",1,1
487.169498,7555,7555,7548,1001,4026531840,tsm,ip-10-100-1-217,42,connect,[],3,-114,"[{'name': 'sockfd', 'type': 'int', 'value': 370}, {'name': 'addr', 'type': 'struct sockaddr*', 'value': ""{'sin_addr': '192.168.19.149','sa_family': 'AF_INET','sin_port': '22'}""}, {'name': 'addrlen', 'type': 'int', 'value': 16}]",1,1
487.169519,7555,7555,7548,1001,4026531840,tsm,ip-10-100-1-217,42,connect,[],3,-114,"[{'name': 'sockfd', 'type': 'int', 'value': 371}, {'name': 'addr', 'type': 'struct sockaddr*', 'value': ""{'sa_family': 'AF_INET','sin_port': '22','sin_addr': '192.168.19.150'}""}, {'name': 'addrlen', 'type': 'int', 'value': 16}]",1,1
487.169551,7555,7555,7548,1001,4026531840,tsm,ip-10-100-1-217,42,connect,[],3,-114,"[{'name': 'sockfd', 'type': 'int', 'value': 372}, {'name': 'addr', 'type': 'struct sockaddr*', 'value': ""{'sa_family': 'AF_INET','sin_port': '22','sin_addr': '192.168.19.151'}""}, {'name': 'addrlen', 'type': 'int', 'value': 16}]",1,1
487.169573,7555,7555,7548,1001,4026531840,tsm,ip-10-100-1-217,42,connect,[],3,-114,"[{'name': 'sockfd', 'type': 'int', 'value': 373}, {'name': 'addr', 'type': 'struct sockaddr*', 'value': ""{'sa_family': 'AF_INET','sin_port': '22','sin_addr': '192.168.19.152'}""}, {'name': 'addrlen', 'type': 'int', 'value': 16}]",1,1
487.169595,7555,7555,7548,1001,4026531840,tsm,ip-10-100-1-217,42,connect,[],3,-114,"[{'name': 'sockfd', 'type': 'int', 'value': 374}, {'name': 'addr', 'type': 'struct sockaddr*', 'value': ""{'sa_family': 'AF_INET','sin_port': '22','sin_addr': '192.168.19.153'}""}, {'name': 'addrlen', 'type': 'int', 'value': 16}]",1,1
487.169616,7555,7555,7548,1001,4026531840,tsm,ip-10-100-1-217,42,connect,[],3,-114,"[{'name': 'sockfd', 'type': 'int', 'value': 375}, {'name': 'addr', 'type': 'struct sockaddr*', 'value': ""{'sa_family': 'AF_INET','sin_port': '22','sin_addr': '192.168.19.154'}""}, {'name': 'addrlen', 'type': 'int', 'value': 16}]",1,1
487.169638,7555,7555,7548,1001,4026531840,tsm,ip-10-100-1-217,42,connect,[],3,-114,"[{'name': 'sockfd', 'type': 'int', 'value': 376}, {'name': 'addr', 'type': 'struct sockaddr*', 'value': ""{'sa_family': 'AF_INET','sin_port': '22','sin_addr': '192.168.19.155'}""}, {'name': 'addrlen', 'type': 'int', 'value': 16}]",1,1
487.169659,7555,7555,7548,1001,4026531840,tsm,ip-10-100-1-217,42,connect,[],3,-114,"[{'name': 'sockfd', 'type': 'int', 'value': 377}, {'name': 'addr', 'type': 'struct sockaddr*', 'value': ""{'sa_family': 'AF_INET','sin_port': '22','sin_addr': '192.168.19.156'}""}, {'name': 'addrlen', 'type': 'int', 'value': 16}]",1,1
487.16968,7555,7555,7548,1001,4026531840,tsm,ip-10-100-1-217,42,connect,[],3,-114,"[{'name': 'sockfd', 'type': 'int', 'value': 378}, {'name': 'addr', 'type': 'struct sockaddr*', 'value': ""{'sa_family': 'AF_INET','sin_port': '22','sin_addr': '192.168.19.157'}""}, {'name': 'addrlen', 'type': 'int', 'value': 16}]",1,1
487.169714,7555,7555,7548,1001,4026531840,tsm,ip-10-100-1-217,42,connect,[],3,-114,"[{'name': 'sockfd', 'type': 'int', 'value': 379}, {'name': 'addr', 'type': 'struct sockaddr*', 'value': ""{'sa_family': 'AF_INET','sin_port': '22','sin_addr': '192.168.19.158'}""}, {'name': 'addrlen', 'type': 'int', 'value': 16}]",1,1
487.169736,7555,7555,7548,1001,4026531840,tsm,ip-10-100-1-217,42,connect,[],3,-114,"[{'name': 'sockfd', 'type': 'int', 'value': 380}, {'name': 'addr', 'type': 'struct sockaddr*', 'value': ""{'sa_family': 'AF_INET','sin_port': '22','sin_addr': '192.168.19.159'}""}, {'name': 'addrlen', 'type': 'int', 'value': 16}]",1,1
487.169758,7555,7555,7548,1001,4026531840,tsm,ip-10-100-1-217,42,connect,[],3,-114,"[{'name': 'sockfd', 'type': 'int', 'value': 381}, {'name': 'addr', 'type': 'struct sockaddr*', 'value': ""{'sa_family': 'AF_INET','sin_port': '22','sin_addr': '192.168.19.160'}""}, {'name': 'addrlen', 'type': 'int', 'value': 16}]",1,1
487.16978,7555,7555,7548,1001,4026531840,tsm,ip-10-100-1-217,42,connect,[],3,-114,"[{'name': 'sockfd', 'type': 'int', 'value': 382}, {'name': 'addr', 'type': 'struct sockaddr*', 'value': ""{'sa_family': 'AF_INET','sin_port': '22','sin_addr': '192.168.19.161'}""}, {'name': 'addrlen', 'type': 'int', 'value': 16}]",1,1
487.169802,7555,7555,7548,1001,4026531840,tsm,ip-10-100-1-217,42,connect,[],3,-114,"[{'name': 'sockfd', 'type': 'int', 'value': 383}, {'name': 'addr', 'type': 'struct sockaddr*', 'value': ""{'sa_family': 'AF_INET','sin_port': '22','sin_addr': '192.168.19.162'}""}, {'name': 'addrlen', 'type': 'int', 'value': 16}]",1,1
487.169824,7555,7555,7548,1001,4026531840,tsm,ip-10-100-1-217,42,connect,[],3,-114,"[{'name': 'sockfd', 'type': 'int', 'value': 384}, {'name': 'addr', 'type': 'struct sockaddr*', 'value': ""{'sa_family': 'AF_INET','sin_port': '22','sin_addr': '192.168.19.163'}""}, {'name': 'addrlen', 'type': 'int', 'value': 16}]",1,1
487.169847,7555,7555,7548,1001,4026531840,tsm,ip-10-100-1-217,42,connect,[],3,-114,"[{'name': 'sockfd', 'type': 'int', 'value': 385}, {'name': 'addr', 'type': 'struct sockaddr*', 'value': ""{'sa_family': 'AF_INET','sin_port': '22','sin_addr': '192.168.19.164'}""}, {'name': 'addrlen', 'type': 'int', 'value': 16}]",1,1
487.169869,7555,7555,7548,1001,4026531840,tsm,ip-10-100-1-217,42,connect,[],3,-114,"[{'name': 'sockfd', 'type': 'int', 'value': 386}, {'name': 'addr', 'type': 'struct sockaddr*', 'value': ""{'sin_addr': '192.168.19.165','sa_family': 'AF_INET','sin_port': '22'}""}, {'name': 'addrlen', 'type': 'int', 'value': 16}]",1,1
487.169891,7555,7555,7548,1001,4026531840,tsm,ip-10-100-1-217,42,connect,[],3,-114,"[{'name': 'sockfd', 'type': 'int', 'value': 387}, {'name': 'addr', 'type': 'struct sockaddr*', 'value': ""{'sa_family': 'AF_INET','sin_port': '22','sin_addr': '192.168.19.166'}""}, {'name': 'addrlen', 'type': 'int', 'value': 16}]",1,1
487.169913,7555,7555,7548,1001,4026531840,tsm,ip-10-100-1-217,42,connect,[],3,-114,"[{'name': 'sockfd', 'type': 'int', 'value': 388}, {'name': 'addr', 'type': 'struct sockaddr*', 'value': ""{'sa_family': 'AF_INET','sin_port': '22','sin_addr': '192.168.19.167'}""}, {'name': 'addrlen', 'type': 'int', 'value': 16}]",1,1
487.169935,7555,7555,7548,1001,4026531840,tsm,ip-10-100-1-217,42,connect,[],3,-114,"[{'name': 'sockfd', 'type': 'int', 'value': 389}, {'name': 'addr', 'type': 'struct sockaddr*', 'value': ""{'sa_family': 'AF_INET','sin_port': '22','sin_addr': '192.168.19.168'}""}, {'name': 'addrlen', 'type': 'int', 'value': 16}]",1,1
487.169957,7555,7555,7548,1001,4026531840,tsm,ip-10-100-1-217,42,connect,[],3,-114,"[{'name': 'sockfd', 'type': 'int', 'value': 390}, {'name': 'addr', 'type': 'struct sockaddr*', 'value': ""{'sa_family': 'AF_INET','sin_port': '22','sin_addr': '192.168.19.169'}""}, {'name': 'addrlen', 'type': 'int', 'value': 16}]",1,1
487.169979,7555,7555,7548,1001,4026531840,tsm,ip-10-100-1-217,42,connect,[],3,-114,"[{'name': 'sockfd', 'type': 'int', 'value': 391}, {'name': 'addr', 'type': 'struct sockaddr*', 'value': ""{'sa_family': 'AF_INET','sin_port': '22','sin_addr': '192.168.19.170'}""}, {'name': 'addrlen', 'type': 'int', 'value': 16}]",1,1
487.170001,7555,7555,7548,1001,4026531840,tsm,ip-10-100-1-217,42,connect,[],3,-114,"[{'name': 'sockfd', 'type': 'int', 'value': 392}, {'name': 'addr', 'type': 'struct sockaddr*', 'value': ""{'sa_family': 'AF_INET','sin_port': '22','sin_addr': '192.168.19.171'}""}, {'name': 'addrlen', 'type': 'int', 'value': 16}]",1,1
487.170024,7555,7555,7548,1001,4026531840,tsm,ip-10-100-1-217,42,connect,[],3,-114,"[{'name': 'sockfd', 'type': 'int', 'value': 393}, {'name': 'addr', 'type': 'struct sockaddr*', 'value': ""{'sa_family': 'AF_INET','sin_port': '22','sin_addr': '192.168.19.172'}""}, {'name': 'addrlen', 'type': 'int', 'value': 16}]",1,1
487.170046,7555,7555,7548,1001,4026531840,tsm,ip-10-100-1-217,42,connect,[],3,-114,"[{'name': 'sockfd', 'type': 'int', 'value': 394}, {'name': 'addr', 'type': 'struct sockaddr*', 'value': ""{'sa_family': 'AF_INET','sin_port': '22','sin_addr': '192.168.19.173'}""}, {'name': 'addrlen', 'type': 'int', 'value': 16}]",1,1
487.170068,7555,7555,7548,1001,4026531840,tsm,ip-10-100-1-217,42,connect,[],3,-114,"[{'name': 'sockfd', 'type': 'int', 'value': 395}, {'name': 'addr', 'type': 'struct sockaddr*', 'value': ""{'sin_addr': '192.168.19.174','sa_family': 'AF_INET','sin_port': '22'}""}, {'name': 'addrlen', 'type': 'int', 'value': 16}]",1,1
487.170089,7555,7555,7548,1001,4026531840,tsm,ip-10-100-1-217,42,connect,[],3,-114,"[{'name': 'sockfd', 'type': 'int', 'value': 396}, {'name': 'addr', 'type': 'struct sockaddr*', 'value': ""{'sa_family': 'AF_INET','sin_port': '22','sin_addr': '192.168.19.175'}""}, {'name': 'addrlen', 'type': 'int', 'value': 16}]",1,1
487.170112,7555,7555,7548,1001,4026531840,tsm,ip-10-100-1-217,42,connect,[],3,-114,"[{'name': 'sockfd', 'type': 'int', 'value': 397}, {'name': 'addr', 'type': 'struct sockaddr*', 'value': ""{'sa_family': 'AF_INET','sin_port': '22','sin_addr': '192.168.19.176'}""}, {'name': 'addrlen', 'type': 'int', 'value': 16}]",1,1
487.170134,7555,7555,7548,1001,4026531840,tsm,ip-10-100-1-217,42,connect,[],3,-114,"[{'name': 'sockfd', 'type': 'int', 'value': 398}, {'name': 'addr', 'type': 'struct sockaddr*', 'value': ""{'sa_family': 'AF_INET','sin_port': '22','sin_addr': '192.168.19.177'}""}, {'name': 'addrlen', 'type': 'int', 'value': 16}]",1,1
487.170156,7555,7555,7548,1001,4026531840,tsm,ip-10-100-1-217,42,connect,[],3,-114,"[{'name': 'sockfd', 'type': 'int', 'value': 399}, {'name': 'addr', 'type': 'struct sockaddr*', 'value': ""{'sa_family': 'AF_INET','sin_port': '22','sin_addr': '192.168.19.178'}""}, {'name': 'addrlen', 'type': 'int', 'value': 16}]",1,1
487.170178,7555,7555,7548,1001,4026531840,tsm,ip-10-100-1-217,42,connect,[],3,-114,"[{'name': 'sockfd', 'type': 'int', 'value': 400}, {'name': 'addr', 'type': 'struct sockaddr*', 'value': ""{'sa_family': 'AF_INET','sin_port': '22','sin_addr': '192.168.19.179'}""}, {'name': 'addrlen', 'type': 'int', 'value': 16}]",1,1
487.1702,7555,7555,7548,1001,4026531840,tsm,ip-10-100-1-217,42,connect,[],3,-114,"[{'name': 'sockfd', 'type': 'int', 'value': 401}, {'name': 'addr', 'type': 'struct sockaddr*', 'value': ""{'sa_family': 'AF_INET','sin_port': '22','sin_addr': '192.168.19.180'}""}, {'name': 'addrlen', 'type': 'int', 'value': 16}]",1,1
487.170222,7555,7555,7548,1001,4026531840,tsm,ip-10-100-1-217,42,connect,[],3,-114,"[{'name': 'sockfd', 'type': 'int', 'value': 402}, {'name': 'addr', 'type': 'struct sockaddr*', 'value': ""{'sin_addr': '192.168.19.181','sa_family': 'AF_INET','sin_port': '22'}""}, {'name': 'addrlen', 'type': 'int', 'value': 16}]",1,1
487.170245,7555,7555,7548,1001,4026531840,tsm,ip-10-100-1-217,42,connect,[],3,-114,"[{'name': 'sockfd', 'type': 'int', 'value': 403}, {'name': 'addr', 'type': 'struct sockaddr*', 'value': ""{'sa_family': 'AF_INET','sin_port': '22','sin_addr': '192.168.19.182'}""}, {'name': 'addrlen', 'type': 'int', 'value': 16}]",1,1
487.170267,7555,7555,7548,1001,4026531840,tsm,ip-10-100-1-217,42,connect,[],3,-114,"[{'name': 'sockfd', 'type': 'int', 'value': 404}, {'name': 'addr', 'type': 'struct sockaddr*', 'value': ""{'sa_family': 'AF_INET','sin_port': '22','sin_addr': '192.168.19.183'}""}, {'name': 'addrlen', 'type': 'int', 'value': 16}]",1,1
487.170289,7555,7555,7548,1001,4026531840,tsm,ip-10-100-1-217,42,connect,[],3,-114,"[{'name': 'sockfd', 'type': 'int', 'value': 405}, {'name': 'addr', 'type': 'struct sockaddr*', 'value': ""{'sa_family': 'AF_INET','sin_port': '22','sin_addr': '192.168.19.184'}""}, {'name': 'addrlen', 'type': 'int', 'value': 16}]",1,1
487.170311,7555,7555,7548,1001,4026531840,tsm,ip-10-100-1-217,42,connect,[],3,-114,"[{'name': 'sockfd', 'type': 'int', 'value': 406}, {'name': 'addr', 'type': 'struct sockaddr*', 'value': ""{'sa_family': 'AF_INET','sin_port': '22','sin_addr': '192.168.19.185'}""}, {'name': 'addrlen', 'type': 'int', 'value': 16}]",1,1
487.170333,7555,7555,7548,1001,4026531840,tsm,ip-10-100-1-217,42,connect,[],3,-114,"[{'name': 'sockfd', 'type': 'int', 'value': 407}, {'name': 'addr', 'type': 'struct sockaddr*', 'value': ""{'sa_family': 'AF_INET','sin_port': '22','sin_addr': '192.168.19.186'}""}, {'name': 'addrlen', 'type': 'int', 'value': 16}]",1,1
487.170355,7555,7555,7548,1001,4026531840,tsm,ip-10-100-1-217,42,connect,[],3,-114,"[{'name': 'sockfd', 'type': 'int', 'value': 408}, {'name': 'addr', 'type': 'struct sockaddr*', 'value': ""{'sin_addr': '192.168.19.187','sa_family': 'AF_INET','sin_port': '22'}""}, {'name': 'addrlen', 'type': 'int', 'value': 16}]",1,1
487.170377,7555,7555,7548,1001,4026531840,tsm,ip-10-100-1-217,42,connect,[],3,-114,"[{'name': 'sockfd', 'type': 'int', 'value': 409}, {'name': 'addr', 'type': 'struct sockaddr*', 'value': ""{'sa_family': 'AF_INET','sin_port': '22','sin_addr': '192.168.19.188'}""}, {'name': 'addrlen', 'type': 'int', 'value': 16}]",1,1
487.170399,7555,7555,7548,1001,4026531840,tsm,ip-10-100-1-217,42,connect,[],3,-114,"[{'name': 'sockfd', 'type': 'int', 'value': 410}, {'name': 'addr', 'type': 'struct sockaddr*', 'value': ""{'sa_family': 'AF_INET','sin_port': '22','sin_addr': '192.168.19.189'}""}, {'name': 'addrlen', 'type': 'int', 'value': 16}]",1,1
487.170421,7555,7555,7548,1001,4026531840,tsm,ip-10-100-1-217,42,connect,[],3,-114,"[{'name': 'sockfd', 'type': 'int', 'value': 411}, {'name': 'addr', 'type': 'struct sockaddr*', 'value': ""{'sa_family': 'AF_INET','sin_port': '22','sin_addr': '192.168.19.190'}""}, {'name': 'addrlen', 'type': 'int', 'value': 16}]",1,1
487.170443,7555,7555,7548,1001,4026531840,tsm,ip-10-100-1-217,42,connect,[],3,-114,"[{'name': 'sockfd', 'type': 'int', 'value': 412}, {'name': 'addr', 'type': 'struct sockaddr*', 'value': ""{'sa_family': 'AF_INET','sin_port': '22','sin_addr': '192.168.19.191'}""}, {'name': 'addrlen', 'type': 'int', 'value': 16}]",1,1
487.171805,7555,7555,7548,1001,4026531840,tsm,ip-10-100-1-217,42,connect,[],3,-114,"[{'name': 'sockfd', 'type': 'int', 'value': 413}, {'name': 'addr', 'type': 'struct sockaddr*', 'value': ""{'sa_family': 'AF_INET','sin_port': '22','sin_addr': '192.168.19.192'}""}, {'name': 'addrlen', 'type': 'int', 'value': 16}]",1,1
487.171834,7555,7555,7548,1001,4026531840,tsm,ip-10-100-1-217,42,connect,[],3,-114,"[{'name': 'sockfd', 'type': 'int', 'value': 414}, {'name': 'addr', 'type': 'struct sockaddr*', 'value': ""{'sa_family': 'AF_INET','sin_port': '22','sin_addr': '192.168.19.193'}""}, {'name': 'addrlen', 'type': 'int', 'value': 16}]",1,1
487.171856,7555,7555,7548,1001,4026531840,tsm,ip-10-100-1-217,42,connect,[],3,-114,"[{'name': 'sockfd', 'type': 'int', 'value': 415}, {'name': 'addr', 'type': 'struct sockaddr*', 'value': ""{'sa_family': 'AF_INET','sin_port': '22','sin_addr': '192.168.19.194'}""}, {'name': 'addrlen', 'type': 'int', 'value': 16}]",1,1
487.171878,7555,7555,7548,1001,4026531840,tsm,ip-10-100-1-217,42,connect,[],3,-114,"[{'name': 'sockfd', 'type': 'int', 'value': 416}, {'name': 'addr', 'type': 'struct sockaddr*', 'value': ""{'sa_family': 'AF_INET','sin_port': '22','sin_addr': '192.168.19.195'}""}, {'name': 'addrlen', 'type': 'int', 'value': 16}]",1,1
487.171914,7555,7555,7548,1001,4026531840,tsm,ip-10-100-1-217,42,connect,[],3,-114,"[{'name': 'sockfd', 'type': 'int', 'value': 417}, {'name': 'addr', 'type': 'struct sockaddr*', 'value': ""{'sin_port': '22','sin_addr': '192.168.19.196','sa_family': 'AF_INET'}""}, {'name': 'addrlen', 'type': 'int', 'value': 16}]",1,1
487.171939,7555,7555,7548,1001,4026531840,tsm,ip-10-100-1-217,42,connect,[],3,-114,"[{'name': 'sockfd', 'type': 'int', 'value': 418}, {'name': 'addr', 'type': 'struct sockaddr*', 'value': ""{'sa_family': 'AF_INET','sin_port': '22','sin_addr': '192.168.19.197'}""}, {'name': 'addrlen', 'type': 'int', 'value': 16}]",1,1
487.171961,7555,7555,7548,1001,4026531840,tsm,ip-10-100-1-217,42,connect,[],3,-114,"[{'name': 'sockfd', 'type': 'int', 'value': 419}, {'name': 'addr', 'type': 'struct sockaddr*', 'value': ""{'sin_addr': '192.168.19.198','sa_family': 'AF_INET','sin_port': '22'}""}, {'name': 'addrlen', 'type': 'int', 'value': 16}]",1,1
487.171984,7555,7555,7548,1001,4026531840,tsm,ip-10-100-1-217,42,connect,[],3,-114,"[{'name': 'sockfd', 'type': 'int', 'value': 420}, {'name': 'addr', 'type': 'struct sockaddr*', 'value': ""{'sa_family': 'AF_INET','sin_port': '22','sin_addr': '192.168.19.199'}""}, {'name': 'addrlen', 'type': 'int', 'value': 16}]",1,1
487.172006,7555,7555,7548,1001,4026531840,tsm,ip-10-100-1-217,42,connect,[],3,-114,"[{'name': 'sockfd', 'type': 'int', 'value': 421}, {'name': 'addr', 'type': 'struct sockaddr*', 'value': ""{'sa_family': 'AF_INET','sin_port': '22','sin_addr': '192.168.19.200'}""}, {'name': 'addrlen', 'type': 'int', 'value': 16}]",1,1
487.172028,7555,7555,7548,1001,4026531840,tsm,ip-10-100-1-217,42,connect,[],3,-114,"[{'name': 'sockfd', 'type': 'int', 'value': 422}, {'name': 'addr', 'type': 'struct sockaddr*', 'value': ""{'sin_addr': '192.168.19.201','sa_family': 'AF_INET','sin_port': '22'}""}, {'name': 'addrlen', 'type': 'int', 'value': 16}]",1,1
487.17205,7555,7555,7548,1001,4026531840,tsm,ip-10-100-1-217,42,connect,[],3,-114,"[{'name': 'sockfd', 'type': 'int', 'value': 423}, {'name': 'addr', 'type': 'struct sockaddr*', 'value': ""{'sa_family': 'AF_INET','sin_port': '22','sin_addr': '192.168.19.202'}""}, {'name': 'addrlen', 'type': 'int', 'value': 16}]",1,1
487.172072,7555,7555,7548,1001,4026531840,tsm,ip-10-100-1-217,42,connect,[],3,-114,"[{'name': 'sockfd', 'type': 'int', 'value': 424}, {'name': 'addr', 'type': 'struct sockaddr*', 'value': ""{'sin_addr': '192.168.19.203','sa_family': 'AF_INET','sin_port': '22'}""}, {'name': 'addrlen', 'type': 'int', 'value': 16}]",1,1
487.172094,7555,7555,7548,1001,4026531840,tsm,ip-10-100-1-217,42,connect,[],3,-114,"[{'name': 'sockfd', 'type': 'int', 'value': 425}, {'name': 'addr', 'type': 'struct sockaddr*', 'value': ""{'sa_family': 'AF_INET','sin_port': '22','sin_addr': '192.168.19.204'}""}, {'name': 'addrlen', 'type': 'int', 'value': 16}]",1,1
487.172116,7555,7555,7548,1001,4026531840,tsm,ip-10-100-1-217,42,connect,[],3,-114,"[{'name': 'sockfd', 'type': 'int', 'value': 426}, {'name': 'addr', 'type': 'struct sockaddr*', 'value': ""{'sa_family': 'AF_INET','sin_port': '22','sin_addr': '192.168.19.205'}""}, {'name': 'addrlen', 'type': 'int', 'value': 16}]",1,1
487.172137,7555,7555,7548,1001,4026531840,tsm,ip-10-100-1-217,42,connect,[],3,-114,"[{'name': 'sockfd', 'type': 'int', 'value': 427}, {'name': 'addr', 'type': 'struct sockaddr*', 'value': ""{'sa_family': 'AF_INET','sin_port': '22','sin_addr': '192.168.19.206'}""}, {'name': 'addrlen', 'type': 'int', 'value': 16}]",1,1
487.172175,7555,7555,7548,1001,4026531840,tsm,ip-10-100-1-217,42,connect,[],3,-114,"[{'name': 'sockfd', 'type': 'int', 'value': 428}, {'name': 'addr', 'type': 'struct sockaddr*', 'value': ""{'sa_family': 'AF_INET','sin_port': '22','sin_addr': '192.168.19.207'}""}, {'name': 'addrlen', 'type': 'int', 'value': 16}]",1,1
487.172197,7555,7555,7548,1001,4026531840,tsm,ip-10-100-1-217,42,connect,[],3,-114,"[{'name': 'sockfd', 'type': 'int', 'value': 429}, {'name': 'addr', 'type': 'struct sockaddr*', 'value': ""{'sa_family': 'AF_INET','sin_port': '22','sin_addr': '192.168.19.208'}""}, {'name': 'addrlen', 'type': 'int', 'value': 16}]",1,1
487.172231,7555,7555,7548,1001,4026531840,tsm,ip-10-100-1-217,42,connect,[],3,-114,"[{'name': 'sockfd', 'type': 'int', 'value': 430}, {'name': 'addr', 'type': 'struct sockaddr*', 'value': ""{'sa_family': 'AF_INET','sin_port': '22','sin_addr': '192.168.19.209'}""}, {'name': 'addrlen', 'type': 'int', 'value': 16}]",1,1
487.172253,7555,7555,7548,1001,4026531840,tsm,ip-10-100-1-217,42,connect,[],3,-114,"[{'name': 'sockfd', 'type': 'int', 'value': 431}, {'name': 'addr', 'type': 'struct sockaddr*', 'value': ""{'sin_port': '22','sin_addr': '192.168.19.210','sa_family': 'AF_INET'}""}, {'name': 'addrlen', 'type': 'int', 'value': 16}]",1,1
487.172275,7555,7555,7548,1001,4026531840,tsm,ip-10-100-1-217,42,connect,[],3,-114,"[{'name': 'sockfd', 'type': 'int', 'value': 432}, {'name': 'addr', 'type': 'struct sockaddr*', 'value': ""{'sa_family': 'AF_INET','sin_port': '22','sin_addr': '192.168.19.211'}""}, {'name': 'addrlen', 'type': 'int', 'value': 16}]",1,1
487.172296,7555,7555,7548,1001,4026531840,tsm,ip-10-100-1-217,42,connect,[],3,-114,"[{'name': 'sockfd', 'type': 'int', 'value': 433}, {'name': 'addr', 'type': 'struct sockaddr*', 'value': ""{'sa_family': 'AF_INET','sin_port': '22','sin_addr': '192.168.19.212'}""}, {'name': 'addrlen', 'type': 'int', 'value': 16}]",1,1
487.172318,7555,7555,7548,1001,4026531840,tsm,ip-10-100-1-217,42,connect,[],3,-114,"[{'name': 'sockfd', 'type': 'int', 'value': 434}, {'name': 'addr', 'type': 'struct sockaddr*', 'value': ""{'sa_family': 'AF_INET','sin_port': '22','sin_addr': '192.168.19.213'}""}, {'name': 'addrlen', 'type': 'int', 'value': 16}]",1,1
487.17234,7555,7555,7548,1001,4026531840,tsm,ip-10-100-1-217,42,connect,[],3,-114,"[{'name': 'sockfd', 'type': 'int', 'value': 435}, {'name': 'addr', 'type': 'struct sockaddr*', 'value': ""{'sa_family': 'AF_INET','sin_port': '22','sin_addr': '192.168.19.214'}""}, {'name': 'addrlen', 'type': 'int', 'value': 16}]",1,1
487.172362,7555,7555,7548,1001,4026531840,tsm,ip-10-100-1-217,42,connect,[],3,-114,"[{'name': 'sockfd', 'type': 'int', 'value': 436}, {'name': 'addr', 'type': 'struct sockaddr*', 'value': ""{'sa_family': 'AF_INET','sin_port': '22','sin_addr': '192.168.19.215'}""}, {'name': 'addrlen', 'type': 'int', 'value': 16}]",1,1
487.172384,7555,7555,7548,1001,4026531840,tsm,ip-10-100-1-217,42,connect,[],3,-114,"[{'name': 'sockfd', 'type': 'int', 'value': 437}, {'name': 'addr', 'type': 'struct sockaddr*', 'value': ""{'sin_port': '22','sin_addr': '192.168.19.216','sa_family': 'AF_INET'}""}, {'name': 'addrlen', 'type': 'int', 'value': 16}]",1,1
487.172406,7555,7555,7548,1001,4026531840,tsm,ip-10-100-1-217,42,connect,[],3,-114,"[{'name': 'sockfd', 'type': 'int', 'value': 438}, {'name': 'addr', 'type': 'struct sockaddr*', 'value': ""{'sa_family': 'AF_INET','sin_port': '22','sin_addr': '192.168.19.217'}""}, {'name': 'addrlen', 'type': 'int', 'value': 16}]",1,1
487.172429,7555,7555,7548,1001,4026531840,tsm,ip-10-100-1-217,42,connect,[],3,-114,"[{'name': 'sockfd', 'type': 'int', 'value': 439}, {'name': 'addr', 'type': 'struct sockaddr*', 'value': ""{'sa_family': 'AF_INET','sin_port': '22','sin_addr': '192.168.19.218'}""}, {'name': 'addrlen', 'type': 'int', 'value': 16}]",1,1
487.172451,7555,7555,7548,1001,4026531840,tsm,ip-10-100-1-217,42,connect,[],3,-114,"[{'name': 'sockfd', 'type': 'int', 'value': 440}, {'name': 'addr', 'type': 'struct sockaddr*', 'value': ""{'sa_family': 'AF_INET','sin_port': '22','sin_addr': '192.168.19.219'}""}, {'name': 'addrlen', 'type': 'int', 'value': 16}]",1,1
487.172473,7555,7555,7548,1001,4026531840,tsm,ip-10-100-1-217,42,connect,[],3,-114,"[{'name': 'sockfd', 'type': 'int', 'value': 441}, {'name': 'addr', 'type': 'struct sockaddr*', 'value': ""{'sin_addr': '192.168.19.220','sa_family': 'AF_INET','sin_port': '22'}""}, {'name': 'addrlen', 'type': 'int', 'value': 16}]",1,1
487.172508,7555,7555,7548,1001,4026531840,tsm,ip-10-100-1-217,42,connect,[],3,-114,"[{'name': 'sockfd', 'type': 'int', 'value': 442}, {'name': 'addr', 'type': 'struct sockaddr*', 'value': ""{'sa_family': 'AF_INET','sin_port': '22','sin_addr': '192.168.19.221'}""}, {'name': 'addrlen', 'type': 'int', 'value': 16}]",1,1
487.17253,7555,7555,7548,1001,4026531840,tsm,ip-10-100-1-217,42,connect,[],3,-114,"[{'name': 'sockfd', 'type': 'int', 'value': 443}, {'name': 'addr', 'type': 'struct sockaddr*', 'value': ""{'sin_addr': '192.168.19.222','sa_family': 'AF_INET','sin_port': '22'}""}, {'name': 'addrlen', 'type': 'int', 'value': 16}]",1,1
487.172551,7555,7555,7548,1001,4026531840,tsm,ip-10-100-1-217,42,connect,[],3,-114,"[{'name': 'sockfd', 'type': 'int', 'value': 444}, {'name': 'addr', 'type': 'struct sockaddr*', 'value': ""{'sin_addr': '192.168.19.223','sa_family': 'AF_INET','sin_port': '22'}""}, {'name': 'addrlen', 'type': 'int', 'value': 16}]",1,1
487.172572,7555,7555,7548,1001,4026531840,tsm,ip-10-100-1-217,42,connect,[],3,-114,"[{'name': 'sockfd', 'type': 'int', 'value': 445}, {'name': 'addr', 'type': 'struct sockaddr*', 'value': ""{'sa_family': 'AF_INET','sin_port': '22','sin_addr': '192.168.19.224'}""}, {'name': 'addrlen', 'type': 'int', 'value': 16}]",1,1
487.172593,7555,7555,7548,1001,4026531840,tsm,ip-10-100-1-217,42,connect,[],3,-114,"[{'name': 'sockfd', 'type': 'int', 'value': 446}, {'name': 'addr', 'type': 'struct sockaddr*', 'value': ""{'sa_family': 'AF_INET','sin_port': '22','sin_addr': '192.168.19.225'}""}, {'name': 'addrlen', 'type': 'int', 'value': 16}]",1,1
487.172614,7555,7555,7548,1001,4026531840,tsm,ip-10-100-1-217,42,connect,[],3,-114,"[{'name': 'sockfd', 'type': 'int', 'value': 447}, {'name': 'addr', 'type': 'struct sockaddr*', 'value': ""{'sa_family': 'AF_INET','sin_port': '22','sin_addr': '192.168.19.226'}""}, {'name': 'addrlen', 'type': 'int', 'value': 16}]",1,1
487.172648,7555,7555,7548,1001,4026531840,tsm,ip-10-100-1-217,42,connect,[],3,-114,"[{'name': 'sockfd', 'type': 'int', 'value': 448}, {'name': 'addr', 'type': 'struct sockaddr*', 'value': ""{'sa_family': 'AF_INET','sin_port': '22','sin_addr': '192.168.19.227'}""}, {'name': 'addrlen', 'type': 'int', 'value': 16}]",1,1
487.17267,7555,7555,7548,1001,4026531840,tsm,ip-10-100-1-217,42,connect,[],3,-114,"[{'name': 'sockfd', 'type': 'int', 'value': 449}, {'name': 'addr', 'type': 'struct sockaddr*', 'value': ""{'sa_family': 'AF_INET','sin_port': '22','sin_addr': '192.168.19.228'}""}, {'name': 'addrlen', 'type': 'int', 'value': 16}]",1,1
487.172692,7555,7555,7548,1001,4026531840,tsm,ip-10-100-1-217,42,connect,[],3,-114,"[{'name': 'sockfd', 'type': 'int', 'value': 450}, {'name': 'addr', 'type': 'struct sockaddr*', 'value': ""{'sa_family': 'AF_INET','sin_port': '22','sin_addr': '192.168.19.229'}""}, {'name': 'addrlen', 'type': 'int', 'value': 16}]",1,1
487.172714,7555,7555,7548,1001,4026531840,tsm,ip-10-100-1-217,42,connect,[],3,-114,"[{'name': 'sockfd', 'type': 'int', 'value': 451}, {'name': 'addr', 'type': 'struct sockaddr*', 'value': ""{'sa_family': 'AF_INET','sin_port': '22','sin_addr': '192.168.19.230'}""}, {'name': 'addrlen', 'type': 'int', 'value': 16}]",1,1
487.172736,7555,7555,7548,1001,4026531840,tsm,ip-10-100-1-217,42,connect,[],3,-114,"[{'name': 'sockfd', 'type': 'int', 'value': 452}, {'name': 'addr', 'type': 'struct sockaddr*', 'value': ""{'sin_port': '22','sin_addr': '192.168.19.231','sa_family': 'AF_INET'}""}, {'name': 'addrlen', 'type': 'int', 'value': 16}]",1,1
487.172758,7555,7555,7548,1001,4026531840,tsm,ip-10-100-1-217,42,connect,[],3,-114,"[{'name': 'sockfd', 'type': 'int', 'value': 453}, {'name': 'addr', 'type': 'struct sockaddr*', 'value': ""{'sa_family': 'AF_INET','sin_port': '22','sin_addr': '192.168.19.232'}""}, {'name': 'addrlen', 'type': 'int', 'value': 16}]",1,1
487.17278,7555,7555,7548,1001,4026531840,tsm,ip-10-100-1-217,42,connect,[],3,-114,"[{'name': 'sockfd', 'type': 'int', 'value': 454}, {'name': 'addr', 'type': 'struct sockaddr*', 'value': ""{'sin_port': '22','sin_addr': '192.168.19.233','sa_family': 'AF_INET'}""}, {'name': 'addrlen', 'type': 'int', 'value': 16}]",1,1
487.172802,7555,7555,7548,1001,4026531840,tsm,ip-10-100-1-217,42,connect,[],3,-114,"[{'name': 'sockfd', 'type': 'int', 'value': 455}, {'name': 'addr', 'type': 'struct sockaddr*', 'value': ""{'sa_family': 'AF_INET','sin_port': '22','sin_addr': '192.168.19.234'}""}, {'name': 'addrlen', 'type': 'int', 'value': 16}]",1,1
487.172824,7555,7555,7548,1001,4026531840,tsm,ip-10-100-1-217,42,connect,[],3,-114,"[{'name': 'sockfd', 'type': 'int', 'value': 456}, {'name': 'addr', 'type': 'struct sockaddr*', 'value': ""{'sa_family': 'AF_INET','sin_port': '22','sin_addr': '192.168.19.235'}""}, {'name': 'addrlen', 'type': 'int', 'value': 16}]",1,1
487.172846,7555,7555,7548,1001,4026531840,tsm,ip-10-100-1-217,42,connect,[],3,-114,"[{'name': 'sockfd', 'type': 'int', 'value': 457}, {'name': 'addr', 'type': 'struct sockaddr*', 'value': ""{'sa_family': 'AF_INET','sin_port': '22','sin_addr': '192.168.19.236'}""}, {'name': 'addrlen', 'type': 'int', 'value': 16}]",1,1
487.172868,7555,7555,7548,1001,4026531840,tsm,ip-10-100-1-217,42,connect,[],3,-114,"[{'name': 'sockfd', 'type': 'int', 'value': 458}, {'name': 'addr', 'type': 'struct sockaddr*', 'value': ""{'sa_family': 'AF_INET','sin_port': '22','sin_addr': '192.168.19.237'}""}, {'name': 'addrlen', 'type': 'int', 'value': 16}]",1,1
487.17289,7555,7555,7548,1001,4026531840,tsm,ip-10-100-1-217,42,connect,[],3,-114,"[{'name': 'sockfd', 'type': 'int', 'value': 459}, {'name': 'addr', 'type': 'struct sockaddr*', 'value': ""{'sin_port': '22','sin_addr': '192.168.19.238','sa_family': 'AF_INET'}""}, {'name': 'addrlen', 'type': 'int', 'value': 16}]",1,1
487.172912,7555,7555,7548,1001,4026531840,tsm,ip-10-100-1-217,42,connect,[],3,-114,"[{'name': 'sockfd', 'type': 'int', 'value': 460}, {'name': 'addr', 'type': 'struct sockaddr*', 'value': ""{'sa_family': 'AF_INET','sin_port': '22','sin_addr': '192.168.19.239'}""}, {'name': 'addrlen', 'type': 'int', 'value': 16}]",1,1
487.172934,7555,7555,7548,1001,4026531840,tsm,ip-10-100-1-217,42,connect,[],3,-114,"[{'name': 'sockfd', 'type': 'int', 'value': 461}, {'name': 'addr', 'type': 'struct sockaddr*', 'value': ""{'sin_port': '22','sin_addr': '192.168.19.240','sa_family': 'AF_INET'}""}, {'name': 'addrlen', 'type': 'int', 'value': 16}]",1,1
487.172956,7555,7555,7548,1001,4026531840,tsm,ip-10-100-1-217,42,connect,[],3,-114,"[{'name': 'sockfd', 'type': 'int', 'value': 462}, {'name': 'addr', 'type': 'struct sockaddr*', 'value': ""{'sa_family': 'AF_INET','sin_port': '22','sin_addr': '192.168.19.241'}""}, {'name': 'addrlen', 'type': 'int', 'value': 16}]",1,1
487.172978,7555,7555,7548,1001,4026531840,tsm,ip-10-100-1-217,42,connect,[],3,-114,"[{'name': 'sockfd', 'type': 'int', 'value': 463}, {'name': 'addr', 'type': 'struct sockaddr*', 'value': ""{'sa_family': 'AF_INET','sin_port': '22','sin_addr': '192.168.19.242'}""}, {'name': 'addrlen', 'type': 'int', 'value': 16}]",1,1
487.173,7555,7555,7548,1001,4026531840,tsm,ip-10-100-1-217,42,connect,[],3,-114,"[{'name': 'sockfd', 'type': 'int', 'value': 464}, {'name': 'addr', 'type': 'struct sockaddr*', 'value': ""{'sin_addr': '192.168.19.243','sa_family': 'AF_INET','sin_port': '22'}""}, {'name': 'addrlen', 'type': 'int', 'value': 16}]",1,1
487.173022,7555,7555,7548,1001,4026531840,tsm,ip-10-100-1-217,42,connect,[],3,-114,"[{'name': 'sockfd', 'type': 'int', 'value': 465}, {'name': 'addr', 'type': 'struct sockaddr*', 'value': ""{'sa_family': 'AF_INET','sin_port': '22','sin_addr': '192.168.19.244'}""}, {'name': 'addrlen', 'type': 'int', 'value': 16}]",1,1
487.173044,7555,7555,7548,1001,4026531840,tsm,ip-10-100-1-217,42,connect,[],3,-114,"[{'name': 'sockfd', 'type': 'int', 'value': 466}, {'name': 'addr', 'type': 'struct sockaddr*', 'value': ""{'sa_family': 'AF_INET','sin_port': '22','sin_addr': '192.168.19.245'}""}, {'name': 'addrlen', 'type': 'int', 'value': 16}]",1,1
487.173066,7555,7555,7548,1001,4026531840,tsm,ip-10-100-1-217,42,connect,[],3,-114,"[{'name': 'sockfd', 'type': 'int', 'value': 467}, {'name': 'addr', 'type': 'struct sockaddr*', 'value': ""{'sa_family': 'AF_INET','sin_port': '22','sin_addr': '192.168.19.246'}""}, {'name': 'addrlen', 'type': 'int', 'value': 16}]",1,1
487.173088,7555,7555,7548,1001,4026531840,tsm,ip-10-100-1-217,42,connect,[],3,-114,"[{'name': 'sockfd', 'type': 'int', 'value': 468}, {'name': 'addr', 'type': 'struct sockaddr*', 'value': ""{'sa_family': 'AF_INET','sin_port': '22','sin_addr': '192.168.19.247'}""}, {'name': 'addrlen', 'type': 'int', 'value': 16}]",1,1
487.17311,7555,7555,7548,1001,4026531840,tsm,ip-10-100-1-217,42,connect,[],3,-114,"[{'name': 'sockfd', 'type': 'int', 'value': 469}, {'name': 'addr', 'type': 'struct sockaddr*', 'value': ""{'sa_family': 'AF_INET','sin_port': '22','sin_addr': '192.168.19.248'}""}, {'name': 'addrlen', 'type': 'int', 'value': 16}]",1,1
487.173132,7555,7555,7548,1001,4026531840,tsm,ip-10-100-1-217,42,connect,[],3,-114,"[{'name': 'sockfd', 'type': 'int', 'value': 470}, {'name': 'addr', 'type': 'struct sockaddr*', 'value': ""{'sa_family': 'AF_INET','sin_port': '22','sin_addr': '192.168.19.249'}""}, {'name': 'addrlen', 'type': 'int', 'value': 16}]",1,1
487.173154,7555,7555,7548,1001,4026531840,tsm,ip-10-100-1-217,42,connect,[],3,-114,"[{'name': 'sockfd', 'type': 'int', 'value': 471}, {'name': 'addr', 'type': 'struct sockaddr*', 'value': ""{'sin_addr': '192.168.19.250','sa_family': 'AF_INET','sin_port': '22'}""}, {'name': 'addrlen', 'type': 'int', 'value': 16}]",1,1
487.173176,7555,7555,7548,1001,4026531840,tsm,ip-10-100-1-217,42,connect,[],3,-114,"[{'name': 'sockfd', 'type': 'int', 'value': 472}, {'name': 'addr', 'type': 'struct sockaddr*', 'value': ""{'sin_port': '22','sin_addr': '192.168.19.251','sa_family': 'AF_INET'}""}, {'name': 'addrlen', 'type': 'int', 'value': 16}]",1,1
487.173198,7555,7555,7548,1001,4026531840,tsm,ip-10-100-1-217,42,connect,[],3,-114,"[{'name': 'sockfd', 'type': 'int', 'value': 473}, {'name': 'addr', 'type': 'struct sockaddr*', 'value': ""{'sa_family': 'AF_INET','sin_port': '22','sin_addr': '192.168.19.252'}""}, {'name': 'addrlen', 'type': 'int', 'value': 16}]",1,1
487.17322,7555,7555,7548,1001,4026531840,tsm,ip-10-100-1-217,42,connect,[],3,-114,"[{'name': 'sockfd', 'type': 'int', 'value': 474}, {'name': 'addr', 'type': 'struct sockaddr*', 'value': ""{'sa_family': 'AF_INET','sin_port': '22','sin_addr': '192.168.19.253'}""}, {'name': 'addrlen', 'type': 'int', 'value': 16}]",1,1
487.173242,7555,7555,7548,1001,4026531840,tsm,ip-10-100-1-217,42,connect,[],3,-114,"[{'name': 'sockfd', 'type': 'int', 'value': 475}, {'name': 'addr', 'type': 'struct sockaddr*', 'value': ""{'sa_family': 'AF_INET','sin_port': '22','sin_addr': '192.168.19.254'}""}, {'name': 'addrlen', 'type': 'int', 'value': 16}]",1,1
487.173264,7555,7555,7548,1001,4026531840,tsm,ip-10-100-1-217,42,connect,[],3,-114,"[{'name': 'sockfd', 'type': 'int', 'value': 476}, {'name': 'addr', 'type': 'struct sockaddr*', 'value': ""{'sin_port': '22','sin_addr': '192.168.20.0','sa_family': 'AF_INET'}""}, {'name': 'addrlen', 'type': 'int', 'value': 16}]",1,1
487.173286,7555,7555,7548,1001,4026531840,tsm,ip-10-100-1-217,42,connect,[],3,-114,"[{'name': 'sockfd', 'type': 'int', 'value': 477}, {'name': 'addr', 'type': 'struct sockaddr*', 'value': ""{'sin_port': '22','sin_addr': '192.168.20.1','sa_family': 'AF_INET'}""}, {'name': 'addrlen', 'type': 'int', 'value': 16}]",1,1
487.173308,7555,7555,7548,1001,4026531840,tsm,ip-10-100-1-217,42,connect,[],3,-114,"[{'name': 'sockfd', 'type': 'int', 'value': 478}, {'name': 'addr', 'type': 'struct sockaddr*', 'value': ""{'sa_family': 'AF_INET','sin_port': '22','sin_addr': '192.168.20.2'}""}, {'name': 'addrlen', 'type': 'int', 'value': 16}]",1,1
487.17333,7555,7555,7548,1001,4026531840,tsm,ip-10-100-1-217,42,connect,[],3,-114,"[{'name': 'sockfd', 'type': 'int', 'value': 479}, {'name': 'addr', 'type': 'struct sockaddr*', 'value': ""{'sa_family': 'AF_INET','sin_port': '22','sin_addr': '192.168.20.3'}""}, {'name': 'addrlen', 'type': 'int', 'value': 16}]",1,1
487.173352,7555,7555,7548,1001,4026531840,tsm,ip-10-100-1-217,42,connect,[],3,-114,"[{'name': 'sockfd', 'type': 'int', 'value': 480}, {'name': 'addr', 'type': 'struct sockaddr*', 'value': ""{'sa_family': 'AF_INET','sin_port': '22','sin_addr': '192.168.20.4'}""}, {'name': 'addrlen', 'type': 'int', 'value': 16}]",1,1
487.173374,7555,7555,7548,1001,4026531840,tsm,ip-10-100-1-217,42,connect,[],3,-114,"[{'name': 'sockfd', 'type': 'int', 'value': 481}, {'name': 'addr', 'type': 'struct sockaddr*', 'value': ""{'sa_family': 'AF_INET','sin_port': '22','sin_addr': '192.168.20.5'}""}, {'name': 'addrlen', 'type': 'int', 'value': 16}]",1,1
487.173396,7555,7555,7548,1001,4026531840,tsm,ip-10-100-1-217,42,connect,[],3,-114,"[{'name': 'sockfd', 'type': 'int', 'value': 482}, {'name': 'addr', 'type': 'struct sockaddr*', 'value': ""{'sin_port': '22','sin_addr': '192.168.20.6','sa_family': 'AF_INET'}""}, {'name': 'addrlen', 'type': 'int', 'value': 16}]",1,1
487.173418,7555,7555,7548,1001,4026531840,tsm,ip-10-100-1-217,42,connect,[],3,-114,"[{'name': 'sockfd', 'type': 'int', 'value': 483}, {'name': 'addr', 'type': 'struct sockaddr*', 'value': ""{'sa_family': 'AF_INET','sin_port': '22','sin_addr': '192.168.20.7'}""}, {'name': 'addrlen', 'type': 'int', 'value': 16}]",1,1
487.17344,7555,7555,7548,1001,4026531840,tsm,ip-10-100-1-217,42,connect,[],3,-114,"[{'name': 'sockfd', 'type': 'int', 'value': 484}, {'name': 'addr', 'type': 'struct sockaddr*', 'value': ""{'sa_family': 'AF_INET','sin_port': '22','sin_addr': '192.168.20.8'}""}, {'name': 'addrlen', 'type': 'int', 'value': 16}]",1,1
487.173462,7555,7555,7548,1001,4026531840,tsm,ip-10-100-1-217,42,connect,[],3,-114,"[{'name': 'sockfd', 'type': 'int', 'value': 485}, {'name': 'addr', 'type': 'struct sockaddr*', 'value': ""{'sa_family': 'AF_INET','sin_port': '22','sin_addr': '192.168.20.9'}""}, {'name': 'addrlen', 'type': 'int', 'value': 16}]",1,1
487.173484,7555,7555,7548,1001,4026531840,tsm,ip-10-100-1-217,42,connect,[],3,-114,"[{'name': 'sockfd', 'type': 'int', 'value': 486}, {'name': 'addr', 'type': 'struct sockaddr*', 'value': ""{'sin_addr': '192.168.20.10','sa_family': 'AF_INET','sin_port': '22'}""}, {'name': 'addrlen', 'type': 'int', 'value': 16}]",1,1
487.173506,7555,7555,7548,1001,4026531840,tsm,ip-10-100-1-217,42,connect,[],3,-114,"[{'name': 'sockfd', 'type': 'int', 'value': 487}, {'name': 'addr', 'type': 'struct sockaddr*', 'value': ""{'sin_port': '22','sin_addr': '192.168.20.11','sa_family': 'AF_INET'}""}, {'name': 'addrlen', 'type': 'int', 'value': 16}]",1,1
487.173528,7555,7555,7548,1001,4026531840,tsm,ip-10-100-1-217,42,connect,[],3,-114,"[{'name': 'sockfd', 'type': 'int', 'value': 488}, {'name': 'addr', 'type': 'struct sockaddr*', 'value': ""{'sa_family': 'AF_INET','sin_port': '22','sin_addr': '192.168.20.12'}""}, {'name': 'addrlen', 'type': 'int', 'value': 16}]",1,1
487.173553,7555,7555,7548,1001,4026531840,tsm,ip-10-100-1-217,42,connect,[],3,-114,"[{'name': 'sockfd', 'type': 'int', 'value': 489}, {'name': 'addr', 'type': 'struct sockaddr*', 'value': ""{'sin_addr': '192.168.20.13','sa_family': 'AF_INET','sin_port': '22'}""}, {'name': 'addrlen', 'type': 'int', 'value': 16}]",1,1
487.173575,7555,7555,7548,1001,4026531840,tsm,ip-10-100-1-217,42,connect,[],3,-114,"[{'name': 'sockfd', 'type': 'int', 'value': 490}, {'name': 'addr', 'type': 'struct sockaddr*', 'value': ""{'sa_family': 'AF_INET','sin_port': '22','sin_addr': '192.168.20.14'}""}, {'name': 'addrlen', 'type': 'int', 'value': 16}]",1,1
487.173597,7555,7555,7548,1001,4026531840,tsm,ip-10-100-1-217,42,connect,[],3,-114,"[{'name': 'sockfd', 'type': 'int', 'value': 491}, {'name': 'addr', 'type': 'struct sockaddr*', 'value': ""{'sa_family': 'AF_INET','sin_port': '22','sin_addr': '192.168.20.15'}""}, {'name': 'addrlen', 'type': 'int', 'value': 16}]",1,1
487.173619,7555,7555,7548,1001,4026531840,tsm,ip-10-100-1-217,42,connect,[],3,-114,"[{'name': 'sockfd', 'type': 'int', 'value': 492}, {'name': 'addr', 'type': 'struct sockaddr*', 'value': ""{'sa_family': 'AF_INET','sin_port': '22','sin_addr': '192.168.20.16'}""}, {'name': 'addrlen', 'type': 'int', 'value': 16}]",1,1
487.173641,7555,7555,7548,1001,4026531840,tsm,ip-10-100-1-217,42,connect,[],3,-114,"[{'name': 'sockfd', 'type': 'int', 'value': 493}, {'name': 'addr', 'type': 'struct sockaddr*', 'value': ""{'sin_port': '22','sin_addr': '192.168.20.17','sa_family': 'AF_INET'}""}, {'name': 'addrlen', 'type': 'int', 'value': 16}]",1,1
487.173663,7555,7555,7548,1001,4026531840,tsm,ip-10-100-1-217,42,connect,[],3,-114,"[{'name': 'sockfd', 'type': 'int', 'value': 494}, {'name': 'addr', 'type': 'struct sockaddr*', 'value': ""{'sa_family': 'AF_INET','sin_port': '22','sin_addr': '192.168.20.18'}""}, {'name': 'addrlen', 'type': 'int', 'value': 16}]",1,1
487.173684,7555,7555,7548,1001,4026531840,tsm,ip-10-100-1-217,42,connect,[],3,-114,"[{'name': 'sockfd', 'type': 'int', 'value': 495}, {'name': 'addr', 'type': 'struct sockaddr*', 'value': ""{'sa_family': 'AF_INET','sin_port': '22','sin_addr': '192.168.20.19'}""}, {'name': 'addrlen', 'type': 'int', 'value': 16}]",1,1
487.173706,7555,7555,7548,1001,4026531840,tsm,ip-10-100-1-217,42,connect,[],3,-114,"[{'name': 'sockfd', 'type': 'int', 'value': 496}, {'name': 'addr', 'type': 'struct sockaddr*', 'value': ""{'sa_family': 'AF_INET','sin_port': '22','sin_addr': '192.168.20.20'}""}, {'name': 'addrlen', 'type': 'int', 'value': 16}]",1,1
487.173728,7555,7555,7548,1001,4026531840,tsm,ip-10-100-1-217,42,connect,[],3,-114,"[{'name': 'sockfd', 'type': 'int', 'value': 497}, {'name': 'addr', 'type': 'struct sockaddr*', 'value': ""{'sa_family': 'AF_INET','sin_port': '22','sin_addr': '192.168.20.21'}""}, {'name': 'addrlen', 'type': 'int', 'value': 16}]",1,1
487.17375,7555,7555,7548,1001,4026531840,tsm,ip-10-100-1-217,42,connect,[],3,-114,"[{'name': 'sockfd', 'type': 'int', 'value': 498}, {'name': 'addr', 'type': 'struct sockaddr*', 'value': ""{'sin_port': '22','sin_addr': '192.168.20.22','sa_family': 'AF_INET'}""}, {'name': 'addrlen', 'type': 'int', 'value': 16}]",1,1
487.173773,7555,7555,7548,1001,4026531840,tsm,ip-10-100-1-217,42,connect,[],3,-114,"[{'name': 'sockfd', 'type': 'int', 'value': 499}, {'name': 'addr', 'type': 'struct sockaddr*', 'value': ""{'sa_family': 'AF_INET','sin_port': '22','sin_addr': '192.168.20.23'}""}, {'name': 'addrlen', 'type': 'int', 'value': 16}]",1,1
487.173795,7555,7555,7548,1001,4026531840,tsm,ip-10-100-1-217,42,connect,[],3,-114,"[{'name': 'sockfd', 'type': 'int', 'value': 500}, {'name': 'addr', 'type': 'struct sockaddr*', 'value': ""{'sa_family': 'AF_INET','sin_port': '22','sin_addr': '192.168.20.24'}""}, {'name': 'addrlen', 'type': 'int', 'value': 16}]",1,1
487.173817,7555,7555,7548,1001,4026531840,tsm,ip-10-100-1-217,42,connect,[],3,-114,"[{'name': 'sockfd', 'type': 'int', 'value': 501}, {'name': 'addr', 'type': 'struct sockaddr*', 'value': ""{'sa_family': 'AF_INET','sin_port': '22','sin_addr': '192.168.20.25'}""}, {'name': 'addrlen', 'type': 'int', 'value': 16}]",1,1
487.173839,7555,7555,7548,1001,4026531840,tsm,ip-10-100-1-217,42,connect,[],3,-114,"[{'name': 'sockfd', 'type': 'int', 'value': 502}, {'name': 'addr', 'type': 'struct sockaddr*', 'value': ""{'sin_port': '22','sin_addr': '192.168.20.26','sa_family': 'AF_INET'}""}, {'name': 'addrlen', 'type': 'int', 'value': 16}]",1,1
487.173861,7555,7555,7548,1001,4026531840,tsm,ip-10-100-1-217,42,connect,[],3,-114,"[{'name': 'sockfd', 'type': 'int', 'value': 503}, {'name': 'addr', 'type': 'struct sockaddr*', 'value': ""{'sin_addr': '192.168.20.27','sa_family': 'AF_INET','sin_port': '22'}""}, {'name': 'addrlen', 'type': 'int', 'value': 16}]",1,1
487.173883,7555,7555,7548,1001,4026531840,tsm,ip-10-100-1-217,42,connect,[],3,-114,"[{'name': 'sockfd', 'type': 'int', 'value': 504}, {'name': 'addr', 'type': 'struct sockaddr*', 'value': ""{'sa_family': 'AF_INET','sin_port': '22','sin_addr': '192.168.20.28'}""}, {'name': 'addrlen', 'type': 'int', 'value': 16}]",1,1
487.173905,7555,7555,7548,1001,4026531840,tsm,ip-10-100-1-217,42,connect,[],3,-114,"[{'name': 'sockfd', 'type': 'int', 'value': 505}, {'name': 'addr', 'type': 'struct sockaddr*', 'value': ""{'sa_family': 'AF_INET','sin_port': '22','sin_addr': '192.168.20.29'}""}, {'name': 'addrlen', 'type': 'int', 'value': 16}]",1,1
487.173927,7555,7555,7548,1001,4026531840,tsm,ip-10-100-1-217,42,connect,[],3,-114,"[{'name': 'sockfd', 'type': 'int', 'value': 506}, {'name': 'addr', 'type': 'struct sockaddr*', 'value': ""{'sa_family': 'AF_INET','sin_port': '22','sin_addr': '192.168.20.30'}""}, {'name': 'addrlen', 'type': 'int', 'value': 16}]",1,1
487.17395,7555,7555,7548,1001,4026531840,tsm,ip-10-100-1-217,42,connect,[],3,-114,"[{'name': 'sockfd', 'type': 'int', 'value': 507}, {'name': 'addr', 'type': 'struct sockaddr*', 'value': ""{'sa_family': 'AF_INET','sin_port': '22','sin_addr': '192.168.20.31'}""}, {'name': 'addrlen', 'type': 'int', 'value': 16}]",1,1
487.173971,7555,7555,7548,1001,4026531840,tsm,ip-10-100-1-217,42,connect,[],3,-114,"[{'name': 'sockfd', 'type': 'int', 'value': 508}, {'name': 'addr', 'type': 'struct sockaddr*', 'value': ""{'sa_family': 'AF_INET','sin_port': '22','sin_addr': '192.168.20.32'}""}, {'name': 'addrlen', 'type': 'int', 'value': 16}]",1,1
487.174007,7555,7555,7548,1001,4026531840,tsm,ip-10-100-1-217,42,connect,[],3,-114,"[{'name': 'sockfd', 'type': 'int', 'value': 509}, {'name': 'addr', 'type': 'struct sockaddr*', 'value': ""{'sin_addr': '192.168.20.33','sa_family': 'AF_INET','sin_port': '22'}""}, {'name': 'addrlen', 'type': 'int', 'value': 16}]",1,1
487.174028,7555,7555,7548,1001,4026531840,tsm,ip-10-100-1-217,42,connect,[],3,-114,"[{'name': 'sockfd', 'type': 'int', 'value': 510}, {'name': 'addr', 'type': 'struct sockaddr*', 'value': ""{'sin_addr': '192.168.20.34','sa_family': 'AF_INET','sin_port': '22'}""}, {'name': 'addrlen', 'type': 'int', 'value': 16}]",1,1
487.174049,7555,7555,7548,1001,4026531840,tsm,ip-10-100-1-217,42,connect,[],3,-114,"[{'name': 'sockfd', 'type': 'int', 'value': 511}, {'name': 'addr', 'type': 'struct sockaddr*', 'value': ""{'sa_family': 'AF_INET','sin_port': '22','sin_addr': '192.168.20.35'}""}, {'name': 'addrlen', 'type': 'int', 'value': 16}]",1,1
487.174082,7555,7555,7548,1001,4026531840,tsm,ip-10-100-1-217,42,connect,[],3,-114,"[{'name': 'sockfd', 'type': 'int', 'value': 512}, {'name': 'addr', 'type': 'struct sockaddr*', 'value': ""{'sa_family': 'AF_INET','sin_port': '22','sin_addr': '192.168.20.36'}""}, {'name': 'addrlen', 'type': 'int', 'value': 16}]",1,1
487.174104,7555,7555,7548,1001,4026531840,tsm,ip-10-100-1-217,42,connect,[],3,-114,"[{'name': 'sockfd', 'type': 'int', 'value': 513}, {'name': 'addr', 'type': 'struct sockaddr*', 'value': ""{'sa_family': 'AF_INET','sin_port': '22','sin_addr': '192.168.20.37'}""}, {'name': 'addrlen', 'type': 'int', 'value': 16}]",1,1
487.174126,7555,7555,7548,1001,4026531840,tsm,ip-10-100-1-217,42,connect,[],3,-114,"[{'name': 'sockfd', 'type': 'int', 'value': 514}, {'name': 'addr', 'type': 'struct sockaddr*', 'value': ""{'sa_family': 'AF_INET','sin_port': '22','sin_addr': '192.168.20.38'}""}, {'name': 'addrlen', 'type': 'int', 'value': 16}]",1,1
487.174148,7555,7555,7548,1001,4026531840,tsm,ip-10-100-1-217,42,connect,[],3,-114,"[{'name': 'sockfd', 'type': 'int', 'value': 515}, {'name': 'addr', 'type': 'struct sockaddr*', 'value': ""{'sin_port': '22','sin_addr': '192.168.20.39','sa_family': 'AF_INET'}""}, {'name': 'addrlen', 'type': 'int', 'value': 16}]",1,1
487.17417,7555,7555,7548,1001,4026531840,tsm,ip-10-100-1-217,42,connect,[],3,-114,"[{'name': 'sockfd', 'type': 'int', 'value': 516}, {'name': 'addr', 'type': 'struct sockaddr*', 'value': ""{'sin_port': '22','sin_addr': '192.168.20.40','sa_family': 'AF_INET'}""}, {'name': 'addrlen', 'type': 'int', 'value': 16}]",1,1
487.174192,7555,7555,7548,1001,4026531840,tsm,ip-10-100-1-217,42,connect,[],3,-114,"[{'name': 'sockfd', 'type': 'int', 'value': 517}, {'name': 'addr', 'type': 'struct sockaddr*', 'value': ""{'sa_family': 'AF_INET','sin_port': '22','sin_addr': '192.168.20.41'}""}, {'name': 'addrlen', 'type': 'int', 'value': 16}]",1,1
487.174215,7555,7555,7548,1001,4026531840,tsm,ip-10-100-1-217,42,connect,[],3,-114,"[{'name': 'sockfd', 'type': 'int', 'value': 518}, {'name': 'addr', 'type': 'struct sockaddr*', 'value': ""{'sa_family': 'AF_INET','sin_port': '22','sin_addr': '192.168.20.42'}""}, {'name': 'addrlen', 'type': 'int', 'value': 16}]",1,1
487.174237,7555,7555,7548,1001,4026531840,tsm,ip-10-100-1-217,42,connect,[],3,-114,"[{'name': 'sockfd', 'type': 'int', 'value': 519}, {'name': 'addr', 'type': 'struct sockaddr*', 'value': ""{'sa_family': 'AF_INET','sin_port': '22','sin_addr': '192.168.20.43'}""}, {'name': 'addrlen', 'type': 'int', 'value': 16}]",1,1
487.174259,7555,7555,7548,1001,4026531840,tsm,ip-10-100-1-217,42,connect,[],3,-114,"[{'name': 'sockfd', 'type': 'int', 'value': 520}, {'name': 'addr', 'type': 'struct sockaddr*', 'value': ""{'sa_family': 'AF_INET','sin_port': '22','sin_addr': '192.168.20.44'}""}, {'name': 'addrlen', 'type': 'int', 'value': 16}]",1,1
487.174281,7555,7555,7548,1001,4026531840,tsm,ip-10-100-1-217,42,connect,[],3,-114,"[{'name': 'sockfd', 'type': 'int', 'value': 521}, {'name': 'addr', 'type': 'struct sockaddr*', 'value': ""{'sin_port': '22','sin_addr': '192.168.20.45','sa_family': 'AF_INET'}""}, {'name': 'addrlen', 'type': 'int', 'value': 16}]",1,1
487.174303,7555,7555,7548,1001,4026531840,tsm,ip-10-100-1-217,42,connect,[],3,-114,"[{'name': 'sockfd', 'type': 'int', 'value': 522}, {'name': 'addr', 'type': 'struct sockaddr*', 'value': ""{'sa_family': 'AF_INET','sin_port': '22','sin_addr': '192.168.20.46'}""}, {'name': 'addrlen', 'type': 'int', 'value': 16}]",1,1
487.174324,7555,7555,7548,1001,4026531840,tsm,ip-10-100-1-217,42,connect,[],3,-114,"[{'name': 'sockfd', 'type': 'int', 'value': 523}, {'name': 'addr', 'type': 'struct sockaddr*', 'value': ""{'sin_port': '22','sin_addr': '192.168.20.47','sa_family': 'AF_INET'}""}, {'name': 'addrlen', 'type': 'int', 'value': 16}]",1,1
487.174347,7555,7555,7548,1001,4026531840,tsm,ip-10-100-1-217,42,connect,[],3,-114,"[{'name': 'sockfd', 'type': 'int', 'value': 524}, {'name': 'addr', 'type': 'struct sockaddr*', 'value': ""{'sa_family': 'AF_INET','sin_port': '22','sin_addr': '192.168.20.48'}""}, {'name': 'addrlen', 'type': 'int', 'value': 16}]",1,1
487.174368,7555,7555,7548,1001,4026531840,tsm,ip-10-100-1-217,42,connect,[],3,-114,"[{'name': 'sockfd', 'type': 'int', 'value': 525}, {'name': 'addr', 'type': 'struct sockaddr*', 'value': ""{'sa_family': 'AF_INET','sin_port': '22','sin_addr': '192.168.20.49'}""}, {'name': 'addrlen', 'type': 'int', 'value': 16}]",1,1
487.17439,7555,7555,7548,1001,4026531840,tsm,ip-10-100-1-217,42,connect,[],3,-114,"[{'name': 'sockfd', 'type': 'int', 'value': 526}, {'name': 'addr', 'type': 'struct sockaddr*', 'value': ""{'sa_family': 'AF_INET','sin_port': '22','sin_addr': '192.168.20.50'}""}, {'name': 'addrlen', 'type': 'int', 'value': 16}]",1,1
487.174412,7555,7555,7548,1001,4026531840,tsm,ip-10-100-1-217,42,connect,[],3,-114,"[{'name': 'sockfd', 'type': 'int', 'value': 527}, {'name': 'addr', 'type': 'struct sockaddr*', 'value': ""{'sa_family': 'AF_INET','sin_port': '22','sin_addr': '192.168.20.51'}""}, {'name': 'addrlen', 'type': 'int', 'value': 16}]",1,1
487.174434,7555,7555,7548,1001,4026531840,tsm,ip-10-100-1-217,42,connect,[],3,-114,"[{'name': 'sockfd', 'type': 'int', 'value': 528}, {'name': 'addr', 'type': 'struct sockaddr*', 'value': ""{'sin_port': '22','sin_addr': '192.168.20.52','sa_family': 'AF_INET'}""}, {'name': 'addrlen', 'type': 'int', 'value': 16}]",1,1
487.174469,7555,7555,7548,1001,4026531840,tsm,ip-10-100-1-217,42,connect,[],3,-114,"[{'name': 'sockfd', 'type': 'int', 'value': 529}, {'name': 'addr', 'type': 'struct sockaddr*', 'value': ""{'sa_family': 'AF_INET','sin_port': '22','sin_addr': '192.168.20.53'}""}, {'name': 'addrlen', 'type': 'int', 'value': 16}]",1,1
487.17718,7555,7555,7548,1001,4026531840,tsm,ip-10-100-1-217,42,connect,[],3,-114,"[{'name': 'sockfd', 'type': 'int', 'value': 530}, {'name': 'addr', 'type': 'struct sockaddr*', 'value': ""{'sa_family': 'AF_INET','sin_port': '22','sin_addr': '192.168.20.54'}""}, {'name': 'addrlen', 'type': 'int', 'value': 16}]",1,1
487.177209,7555,7555,7548,1001,4026531840,tsm,ip-10-100-1-217,42,connect,[],3,-114,"[{'name': 'sockfd', 'type': 'int', 'value': 531}, {'name': 'addr', 'type': 'struct sockaddr*', 'value': ""{'sa_family': 'AF_INET','sin_port': '22','sin_addr': '192.168.20.55'}""}, {'name': 'addrlen', 'type': 'int', 'value': 16}]",1,1
487.177231,7555,7555,7548,1001,4026531840,tsm,ip-10-100-1-217,42,connect,[],3,-114,"[{'name': 'sockfd', 'type': 'int', 'value': 532}, {'name': 'addr', 'type': 'struct sockaddr*', 'value': ""{'sin_port': '22','sin_addr': '192.168.20.56','sa_family': 'AF_INET'}""}, {'name': 'addrlen', 'type': 'int', 'value': 16}]",1,1
487.177253,7555,7555,7548,1001,4026531840,tsm,ip-10-100-1-217,42,connect,[],3,-114,"[{'name': 'sockfd', 'type': 'int', 'value': 533}, {'name': 'addr', 'type': 'struct sockaddr*', 'value': ""{'sa_family': 'AF_INET','sin_port': '22','sin_addr': '192.168.20.57'}""}, {'name': 'addrlen', 'type': 'int', 'value': 16}]",1,1
487.177275,7555,7555,7548,1001,4026531840,tsm,ip-10-100-1-217,42,connect,[],3,-114,"[{'name': 'sockfd', 'type': 'int', 'value': 534}, {'name': 'addr', 'type': 'struct sockaddr*', 'value': ""{'sa_family': 'AF_INET','sin_port': '22','sin_addr': '192.168.20.58'}""}, {'name': 'addrlen', 'type': 'int', 'value': 16}]",1,1
487.177297,7555,7555,7548,1001,4026531840,tsm,ip-10-100-1-217,42,connect,[],3,-114,"[{'name': 'sockfd', 'type': 'int', 'value': 535}, {'name': 'addr', 'type': 'struct sockaddr*', 'value': ""{'sa_family': 'AF_INET','sin_port': '22','sin_addr': '192.168.20.59'}""}, {'name': 'addrlen', 'type': 'int', 'value': 16}]",1,1
487.177319,7555,7555,7548,1001,4026531840,tsm,ip-10-100-1-217,42,connect,[],3,-114,"[{'name': 'sockfd', 'type': 'int', 'value': 536}, {'name': 'addr', 'type': 'struct sockaddr*', 'value': ""{'sin_addr': '192.168.20.60','sa_family': 'AF_INET','sin_port': '22'}""}, {'name': 'addrlen', 'type': 'int', 'value': 16}]",1,1
487.177354,7555,7555,7548,1001,4026531840,tsm,ip-10-100-1-217,42,connect,[],3,-114,"[{'name': 'sockfd', 'type': 'int', 'value': 537}, {'name': 'addr', 'type': 'struct sockaddr*', 'value': ""{'sa_family': 'AF_INET','sin_port': '22','sin_addr': '192.168.20.61'}""}, {'name': 'addrlen', 'type': 'int', 'value': 16}]",1,1
487.177379,7555,7555,7548,1001,4026531840,tsm,ip-10-100-1-217,42,connect,[],3,-114,"[{'name': 'sockfd', 'type': 'int', 'value': 538}, {'name': 'addr', 'type': 'struct sockaddr*', 'value': ""{'sa_family': 'AF_INET','sin_port': '22','sin_addr': '192.168.20.62'}""}, {'name': 'addrlen', 'type': 'int', 'value': 16}]",1,1
487.177401,7555,7555,7548,1001,4026531840,tsm,ip-10-100-1-217,42,connect,[],3,-114,"[{'name': 'sockfd', 'type': 'int', 'value': 539}, {'name': 'addr', 'type': 'struct sockaddr*', 'value': ""{'sa_family': 'AF_INET','sin_port': '22','sin_addr': '192.168.20.63'}""}, {'name': 'addrlen', 'type': 'int', 'value': 16}]",1,1
487.177423,7555,7555,7548,1001,4026531840,tsm,ip-10-100-1-217,42,connect,[],3,-114,"[{'name': 'sockfd', 'type': 'int', 'value': 540}, {'name': 'addr', 'type': 'struct sockaddr*', 'value': ""{'sa_family': 'AF_INET','sin_port': '22','sin_addr': '192.168.20.64'}""}, {'name': 'addrlen', 'type': 'int', 'value': 16}]",1,1
487.177445,7555,7555,7548,1001,4026531840,tsm,ip-10-100-1-217,42,connect,[],3,-114,"[{'name': 'sockfd', 'type': 'int', 'value': 541}, {'name': 'addr', 'type': 'struct sockaddr*', 'value': ""{'sa_family': 'AF_INET','sin_port': '22','sin_addr': '192.168.20.65'}""}, {'name': 'addrlen', 'type': 'int', 'value': 16}]",1,1
487.177467,7555,7555,7548,1001,4026531840,tsm,ip-10-100-1-217,42,connect,[],3,-114,"[{'name': 'sockfd', 'type': 'int', 'value': 542}, {'name': 'addr', 'type': 'struct sockaddr*', 'value': ""{'sin_addr': '192.168.20.66','sa_family': 'AF_INET','sin_port': '22'}""}, {'name': 'addrlen', 'type': 'int', 'value': 16}]",1,1
487.177489,7555,7555,7548,1001,4026531840,tsm,ip-10-100-1-217,42,connect,[],3,-114,"[{'name': 'sockfd', 'type': 'int', 'value': 543}, {'name': 'addr', 'type': 'struct sockaddr*', 'value': ""{'sa_family': 'AF_INET','sin_port': '22','sin_addr': '192.168.20.67'}""}, {'name': 'addrlen', 'type': 'int', 'value': 16}]",1,1
487.177511,7555,7555,7548,1001,4026531840,tsm,ip-10-100-1-217,42,connect,[],3,-114,"[{'name': 'sockfd', 'type': 'int', 'value': 544}, {'name': 'addr', 'type': 'struct sockaddr*', 'value': ""{'sin_addr': '192.168.20.68','sa_family': 'AF_INET','sin_port': '22'}""}, {'name': 'addrlen', 'type': 'int', 'value': 16}]",1,1
487.177533,7555,7555,7548,1001,4026531840,tsm,ip-10-100-1-217,42,connect,[],3,-114,"[{'name': 'sockfd', 'type': 'int', 'value': 545}, {'name': 'addr', 'type': 'struct sockaddr*', 'value': ""{'sa_family': 'AF_INET','sin_port': '22','sin_addr': '192.168.20.69'}""}, {'name': 'addrlen', 'type': 'int', 'value': 16}]",1,1
487.177555,7555,7555,7548,1001,4026531840,tsm,ip-10-100-1-217,42,connect,[],3,-114,"[{'name': 'sockfd', 'type': 'int', 'value': 546}, {'name': 'addr', 'type': 'struct sockaddr*', 'value': ""{'sin_port': '22','sin_addr': '192.168.20.70','sa_family': 'AF_INET'}""}, {'name': 'addrlen', 'type': 'int', 'value': 16}]",1,1
487.177577,7555,7555,7548,1001,4026531840,tsm,ip-10-100-1-217,42,connect,[],3,-114,"[{'name': 'sockfd', 'type': 'int', 'value': 547}, {'name': 'addr', 'type': 'struct sockaddr*', 'value': ""{'sin_addr': '192.168.20.71','sa_family': 'AF_INET','sin_port': '22'}""}, {'name': 'addrlen', 'type': 'int', 'value': 16}]",1,1
487.1776,7555,7555,7548,1001,4026531840,tsm,ip-10-100-1-217,42,connect,[],3,-114,"[{'name': 'sockfd', 'type': 'int', 'value': 548}, {'name': 'addr', 'type': 'struct sockaddr*', 'value': ""{'sin_port': '22','sin_addr': '192.168.20.72','sa_family': 'AF_INET'}""}, {'name': 'addrlen', 'type': 'int', 'value': 16}]",1,1
487.177622,7555,7555,7548,1001,4026531840,tsm,ip-10-100-1-217,42,connect,[],3,-114,"[{'name': 'sockfd', 'type': 'int', 'value': 549}, {'name': 'addr', 'type': 'struct sockaddr*', 'value': ""{'sa_family': 'AF_INET','sin_port': '22','sin_addr': '192.168.20.73'}""}, {'name': 'addrlen', 'type': 'int', 'value': 16}]",1,1
487.177644,7555,7555,7548,1001,4026531840,tsm,ip-10-100-1-217,42,connect,[],3,-114,"[{'name': 'sockfd', 'type': 'int', 'value': 550}, {'name': 'addr', 'type': 'struct sockaddr*', 'value': ""{'sa_family': 'AF_INET','sin_port': '22','sin_addr': '192.168.20.74'}""}, {'name': 'addrlen', 'type': 'int', 'value': 16}]",1,1
487.177666,7555,7555,7548,1001,4026531840,tsm,ip-10-100-1-217,42,connect,[],3,-114,"[{'name': 'sockfd', 'type': 'int', 'value': 551}, {'name': 'addr', 'type': 'struct sockaddr*', 'value': ""{'sa_family': 'AF_INET','sin_port': '22','sin_addr': '192.168.20.75'}""}, {'name': 'addrlen', 'type': 'int', 'value': 16}]",1,1
487.177688,7555,7555,7548,1001,4026531840,tsm,ip-10-100-1-217,42,connect,[],3,-114,"[{'name': 'sockfd', 'type': 'int', 'value': 552}, {'name': 'addr', 'type': 'struct sockaddr*', 'value': ""{'sin_port': '22','sin_addr': '192.168.20.76','sa_family': 'AF_INET'}""}, {'name': 'addrlen', 'type': 'int', 'value': 16}]",1,1
487.177712,7555,7555,7548,1001,4026531840,tsm,ip-10-100-1-217,42,connect,[],3,-114,"[{'name': 'sockfd', 'type': 'int', 'value': 553}, {'name': 'addr', 'type': 'struct sockaddr*', 'value': ""{'sin_addr': '192.168.20.77','sa_family': 'AF_INET','sin_port': '22'}""}, {'name': 'addrlen', 'type': 'int', 'value': 16}]",1,1
487.177734,7555,7555,7548,1001,4026531840,tsm,ip-10-100-1-217,42,connect,[],3,-114,"[{'name': 'sockfd', 'type': 'int', 'value': 554}, {'name': 'addr', 'type': 'struct sockaddr*', 'value': ""{'sa_family': 'AF_INET','sin_port': '22','sin_addr': '192.168.20.78'}""}, {'name': 'addrlen', 'type': 'int', 'value': 16}]",1,1
487.177756,7555,7555,7548,1001,4026531840,tsm,ip-10-100-1-217,42,connect,[],3,-114,"[{'name': 'sockfd', 'type': 'int', 'value': 555}, {'name': 'addr', 'type': 'struct sockaddr*', 'value': ""{'sa_family': 'AF_INET','sin_port': '22','sin_addr': '192.168.20.79'}""}, {'name': 'addrlen', 'type': 'int', 'value': 16}]",1,1
487.177778,7555,7555,7548,1001,4026531840,tsm,ip-10-100-1-217,42,connect,[],3,-114,"[{'name': 'sockfd', 'type': 'int', 'value': 556}, {'name': 'addr', 'type': 'struct sockaddr*', 'value': ""{'sin_addr': '192.168.20.80','sa_family': 'AF_INET','sin_port': '22'}""}, {'name': 'addrlen', 'type': 'int', 'value': 16}]",1,1
487.1778,7555,7555,7548,1001,4026531840,tsm,ip-10-100-1-217,42,connect,[],3,-114,"[{'name': 'sockfd', 'type': 'int', 'value': 557}, {'name': 'addr', 'type': 'struct sockaddr*', 'value': ""{'sin_addr': '192.168.20.81','sa_family': 'AF_INET','sin_port': '22'}""}, {'name': 'addrlen', 'type': 'int', 'value': 16}]",1,1
487.177822,7555,7555,7548,1001,4026531840,tsm,ip-10-100-1-217,42,connect,[],3,-114,"[{'name': 'sockfd', 'type': 'int', 'value': 558}, {'name': 'addr', 'type': 'struct sockaddr*', 'value': ""{'sa_family': 'AF_INET','sin_port': '22','sin_addr': '192.168.20.82'}""}, {'name': 'addrlen', 'type': 'int', 'value': 16}]",1,1
487.177844,7555,7555,7548,1001,4026531840,tsm,ip-10-100-1-217,42,connect,[],3,-114,"[{'name': 'sockfd', 'type': 'int', 'value': 559}, {'name': 'addr', 'type': 'struct sockaddr*', 'value': ""{'sa_family': 'AF_INET','sin_port': '22','sin_addr': '192.168.20.83'}""}, {'name': 'addrlen', 'type': 'int', 'value': 16}]",1,1
487.177866,7555,7555,7548,1001,4026531840,tsm,ip-10-100-1-217,42,connect,[],3,-114,"[{'name': 'sockfd', 'type': 'int', 'value': 560}, {'name': 'addr', 'type': 'struct sockaddr*', 'value': ""{'sin_addr': '192.168.20.84','sa_family': 'AF_INET','sin_port': '22'}""}, {'name': 'addrlen', 'type': 'int', 'value': 16}]",1,1
487.177888,7555,7555,7548,1001,4026531840,tsm,ip-10-100-1-217,42,connect,[],3,-114,"[{'name': 'sockfd', 'type': 'int', 'value': 561}, {'name': 'addr', 'type': 'struct sockaddr*', 'value': ""{'sa_family': 'AF_INET','sin_port': '22','sin_addr': '192.168.20.85'}""}, {'name': 'addrlen', 'type': 'int', 'value': 16}]",1,1
487.17791,7555,7555,7548,1001,4026531840,tsm,ip-10-100-1-217,42,connect,[],3,-114,"[{'name': 'sockfd', 'type': 'int', 'value': 562}, {'name': 'addr', 'type': 'struct sockaddr*', 'value': ""{'sa_family': 'AF_INET','sin_port': '22','sin_addr': '192.168.20.86'}""}, {'name': 'addrlen', 'type': 'int', 'value': 16}]",1,1
487.177932,7555,7555,7548,1001,4026531840,tsm,ip-10-100-1-217,42,connect,[],3,-114,"[{'name': 'sockfd', 'type': 'int', 'value': 563}, {'name': 'addr', 'type': 'struct sockaddr*', 'value': ""{'sa_family': 'AF_INET','sin_port': '22','sin_addr': '192.168.20.87'}""}, {'name': 'addrlen', 'type': 'int', 'value': 16}]",1,1
487.177954,7555,7555,7548,1001,4026531840,tsm,ip-10-100-1-217,42,connect,[],3,-114,"[{'name': 'sockfd', 'type': 'int', 'value': 564}, {'name': 'addr', 'type': 'struct sockaddr*', 'value': ""{'sin_port': '22','sin_addr': '192.168.20.88','sa_family': 'AF_INET'}""}, {'name': 'addrlen', 'type': 'int', 'value': 16}]",1,1
487.177976,7555,7555,7548,1001,4026531840,tsm,ip-10-100-1-217,42,connect,[],3,-114,"[{'name': 'sockfd', 'type': 'int', 'value': 565}, {'name': 'addr', 'type': 'struct sockaddr*', 'value': ""{'sa_family': 'AF_INET','sin_port': '22','sin_addr': '192.168.20.89'}""}, {'name': 'addrlen', 'type': 'int', 'value': 16}]",1,1
487.177998,7555,7555,7548,1001,4026531840,tsm,ip-10-100-1-217,42,connect,[],3,-114,"[{'name': 'sockfd', 'type': 'int', 'value': 566}, {'name': 'addr', 'type': 'struct sockaddr*', 'value': ""{'sin_addr': '192.168.20.90','sa_family': 'AF_INET','sin_port': '22'}""}, {'name': 'addrlen', 'type': 'int', 'value': 16}]",1,1
487.17802,7555,7555,7548,1001,4026531840,tsm,ip-10-100-1-217,42,connect,[],3,-114,"[{'name': 'sockfd', 'type': 'int', 'value': 567}, {'name': 'addr', 'type': 'struct sockaddr*', 'value': ""{'sa_family': 'AF_INET','sin_port': '22','sin_addr': '192.168.20.91'}""}, {'name': 'addrlen', 'type': 'int', 'value': 16}]",1,1
487.178042,7555,7555,7548,1001,4026531840,tsm,ip-10-100-1-217,42,connect,[],3,-114,"[{'name': 'sockfd', 'type': 'int', 'value': 568}, {'name': 'addr', 'type': 'struct sockaddr*', 'value': ""{'sa_family': 'AF_INET','sin_port': '22','sin_addr': '192.168.20.92'}""}, {'name': 'addrlen', 'type': 'int', 'value': 16}]",1,1
487.178064,7555,7555,7548,1001,4026531840,tsm,ip-10-100-1-217,42,connect,[],3,-114,"[{'name': 'sockfd', 'type': 'int', 'value': 569}, {'name': 'addr', 'type': 'struct sockaddr*', 'value': ""{'sin_port': '22','sin_addr': '192.168.20.93','sa_family': 'AF_INET'}""}, {'name': 'addrlen', 'type': 'int', 'value': 16}]",1,1
487.178086,7555,7555,7548,1001,4026531840,tsm,ip-10-100-1-217,42,connect,[],3,-114,"[{'name': 'sockfd', 'type': 'int', 'value': 570}, {'name': 'addr', 'type': 'struct sockaddr*', 'value': ""{'sa_family': 'AF_INET','sin_port': '22','sin_addr': '192.168.20.94'}""}, {'name': 'addrlen', 'type': 'int', 'value': 16}]",1,1
487.178108,7555,7555,7548,1001,4026531840,tsm,ip-10-100-1-217,42,connect,[],3,-114,"[{'name': 'sockfd', 'type': 'int', 'value': 571}, {'name': 'addr', 'type': 'struct sockaddr*', 'value': ""{'sa_family': 'AF_INET','sin_port': '22','sin_addr': '192.168.20.95'}""}, {'name': 'addrlen', 'type': 'int', 'value': 16}]",1,1
487.17813,7555,7555,7548,1001,4026531840,tsm,ip-10-100-1-217,42,connect,[],3,-114,"[{'name': 'sockfd', 'type': 'int', 'value': 572}, {'name': 'addr', 'type': 'struct sockaddr*', 'value': ""{'sa_family': 'AF_INET','sin_port': '22','sin_addr': '192.168.20.96'}""}, {'name': 'addrlen', 'type': 'int', 'value': 16}]",1,1
487.178152,7555,7555,7548,1001,4026531840,tsm,ip-10-100-1-217,42,connect,[],3,-114,"[{'name': 'sockfd', 'type': 'int', 'value': 573}, {'name': 'addr', 'type': 'struct sockaddr*', 'value': ""{'sin_addr': '192.168.20.97','sa_family': 'AF_INET','sin_port': '22'}""}, {'name': 'addrlen', 'type': 'int', 'value': 16}]",1,1
487.178174,7555,7555,7548,1001,4026531840,tsm,ip-10-100-1-217,42,connect,[],3,-114,"[{'name': 'sockfd', 'type': 'int', 'value': 574}, {'name': 'addr', 'type': 'struct sockaddr*', 'value': ""{'sa_family': 'AF_INET','sin_port': '22','sin_addr': '192.168.20.98'}""}, {'name': 'addrlen', 'type': 'int', 'value': 16}]",1,1
487.178196,7555,7555,7548,1001,4026531840,tsm,ip-10-100-1-217,42,connect,[],3,-114,"[{'name': 'sockfd', 'type': 'int', 'value': 575}, {'name': 'addr', 'type': 'struct sockaddr*', 'value': ""{'sa_family': 'AF_INET','sin_port': '22','sin_addr': '192.168.20.99'}""}, {'name': 'addrlen', 'type': 'int', 'value': 16}]",1,1
487.178218,7555,7555,7548,1001,4026531840,tsm,ip-10-100-1-217,42,connect,[],3,-114,"[{'name': 'sockfd', 'type': 'int', 'value': 576}, {'name': 'addr', 'type': 'struct sockaddr*', 'value': ""{'sa_family': 'AF_INET','sin_port': '22','sin_addr': '192.168.20.100'}""}, {'name': 'addrlen', 'type': 'int', 'value': 16}]",1,1
487.17824,7555,7555,7548,1001,4026531840,tsm,ip-10-100-1-217,42,connect,[],3,-114,"[{'name': 'sockfd', 'type': 'int', 'value': 577}, {'name': 'addr', 'type': 'struct sockaddr*', 'value': ""{'sa_family': 'AF_INET','sin_port': '22','sin_addr': '192.168.20.101'}""}, {'name': 'addrlen', 'type': 'int', 'value': 16}]",1,1
487.178262,7555,7555,7548,1001,4026531840,tsm,ip-10-100-1-217,42,connect,[],3,-114,"[{'name': 'sockfd', 'type': 'int', 'value': 578}, {'name': 'addr', 'type': 'struct sockaddr*', 'value': ""{'sin_port': '22','sin_addr': '192.168.20.102','sa_family': 'AF_INET'}""}, {'name': 'addrlen', 'type': 'int', 'value': 16}]",1,1
487.178284,7555,7555,7548,1001,4026531840,tsm,ip-10-100-1-217,42,connect,[],3,-114,"[{'name': 'sockfd', 'type': 'int', 'value': 579}, {'name': 'addr', 'type': 'struct sockaddr*', 'value': ""{'sa_family': 'AF_INET','sin_port': '22','sin_addr': '192.168.20.103'}""}, {'name': 'addrlen', 'type': 'int', 'value': 16}]",1,1
487.178306,7555,7555,7548,1001,4026531840,tsm,ip-10-100-1-217,42,connect,[],3,-114,"[{'name': 'sockfd', 'type': 'int', 'value': 580}, {'name': 'addr', 'type': 'struct sockaddr*', 'value': ""{'sin_port': '22','sin_addr': '192.168.20.104','sa_family': 'AF_INET'}""}, {'name': 'addrlen', 'type': 'int', 'value': 16}]",1,1
487.178328,7555,7555,7548,1001,4026531840,tsm,ip-10-100-1-217,42,connect,[],3,-114,"[{'name': 'sockfd', 'type': 'int', 'value': 581}, {'name': 'addr', 'type': 'struct sockaddr*', 'value': ""{'sa_family': 'AF_INET','sin_port': '22','sin_addr': '192.168.20.105'}""}, {'name': 'addrlen', 'type': 'int', 'value': 16}]",1,1
487.17835,7555,7555,7548,1001,4026531840,tsm,ip-10-100-1-217,42,connect,[],3,-114,"[{'name': 'sockfd', 'type': 'int', 'value': 582}, {'name': 'addr', 'type': 'struct sockaddr*', 'value': ""{'sa_family': 'AF_INET','sin_port': '22','sin_addr': '192.168.20.106'}""}, {'name': 'addrlen', 'type': 'int', 'value': 16}]",1,1
487.178372,7555,7555,7548,1001,4026531840,tsm,ip-10-100-1-217,42,connect,[],3,-114,"[{'name': 'sockfd', 'type': 'int', 'value': 583}, {'name': 'addr', 'type': 'struct sockaddr*', 'value': ""{'sa_family': 'AF_INET','sin_port': '22','sin_addr': '192.168.20.107'}""}, {'name': 'addrlen', 'type': 'int', 'value': 16}]",1,1
487.178394,7555,7555,7548,1001,4026531840,tsm,ip-10-100-1-217,42,connect,[],3,-114,"[{'name': 'sockfd', 'type': 'int', 'value': 584}, {'name': 'addr', 'type': 'struct sockaddr*', 'value': ""{'sa_family': 'AF_INET','sin_port': '22','sin_addr': '192.168.20.108'}""}, {'name': 'addrlen', 'type': 'int', 'value': 16}]",1,1
487.178415,7555,7555,7548,1001,4026531840,tsm,ip-10-100-1-217,42,connect,[],3,-114,"[{'name': 'sockfd', 'type': 'int', 'value': 585}, {'name': 'addr', 'type': 'struct sockaddr*', 'value': ""{'sin_addr': '192.168.20.109','sa_family': 'AF_INET','sin_port': '22'}""}, {'name': 'addrlen', 'type': 'int', 'value': 16}]",1,1
487.178437,7555,7555,7548,1001,4026531840,tsm,ip-10-100-1-217,42,connect,[],3,-114,"[{'name': 'sockfd', 'type': 'int', 'value': 586}, {'name': 'addr', 'type': 'struct sockaddr*', 'value': ""{'sa_family': 'AF_INET','sin_port': '22','sin_addr': '192.168.20.110'}""}, {'name': 'addrlen', 'type': 'int', 'value': 16}]",1,1
487.178471,7555,7555,7548,1001,4026531840,tsm,ip-10-100-1-217,42,connect,[],3,-114,"[{'name': 'sockfd', 'type': 'int', 'value': 587}, {'name': 'addr', 'type': 'struct sockaddr*', 'value': ""{'sin_port': '22','sin_addr': '192.168.20.111','sa_family': 'AF_INET'}""}, {'name': 'addrlen', 'type': 'int', 'value': 16}]",1,1
487.178494,7555,7555,7548,1001,4026531840,tsm,ip-10-100-1-217,42,connect,[],3,-114,"[{'name': 'sockfd', 'type': 'int', 'value': 588}, {'name': 'addr', 'type': 'struct sockaddr*', 'value': ""{'sa_family': 'AF_INET','sin_port': '22','sin_addr': '192.168.20.112'}""}, {'name': 'addrlen', 'type': 'int', 'value': 16}]",1,1
487.178516,7555,7555,7548,1001,4026531840,tsm,ip-10-100-1-217,42,connect,[],3,-114,"[{'name': 'sockfd', 'type': 'int', 'value': 589}, {'name': 'addr', 'type': 'struct sockaddr*', 'value': ""{'sa_family': 'AF_INET','sin_port': '22','sin_addr': '192.168.20.113'}""}, {'name': 'addrlen', 'type': 'int', 'value': 16}]",1,1
487.178538,7555,7555,7548,1001,4026531840,tsm,ip-10-100-1-217,42,connect,[],3,-114,"[{'name': 'sockfd', 'type': 'int', 'value': 590}, {'name': 'addr', 'type': 'struct sockaddr*', 'value': ""{'sa_family': 'AF_INET','sin_port': '22','sin_addr': '192.168.20.114'}""}, {'name': 'addrlen', 'type': 'int', 'value': 16}]",1,1
487.17856,7555,7555,7548,1001,4026531840,tsm,ip-10-100-1-217,42,connect,[],3,-114,"[{'name': 'sockfd', 'type': 'int', 'value': 591}, {'name': 'addr', 'type': 'struct sockaddr*', 'value': ""{'sa_family': 'AF_INET','sin_port': '22','sin_addr': '192.168.20.115'}""}, {'name': 'addrlen', 'type': 'int', 'value': 16}]",1,1
487.178582,7555,7555,7548,1001,4026531840,tsm,ip-10-100-1-217,42,connect,[],3,-114,"[{'name': 'sockfd', 'type': 'int', 'value': 592}, {'name': 'addr', 'type': 'struct sockaddr*', 'value': ""{'sa_family': 'AF_INET','sin_port': '22','sin_addr': '192.168.20.116'}""}, {'name': 'addrlen', 'type': 'int', 'value': 16}]",1,1
487.178604,7555,7555,7548,1001,4026531840,tsm,ip-10-100-1-217,42,connect,[],3,-114,"[{'name': 'sockfd', 'type': 'int', 'value': 593}, {'name': 'addr', 'type': 'struct sockaddr*', 'value': ""{'sa_family': 'AF_INET','sin_port': '22','sin_addr': '192.168.20.117'}""}, {'name': 'addrlen', 'type': 'int', 'value': 16}]",1,1
487.178625,7555,7555,7548,1001,4026531840,tsm,ip-10-100-1-217,42,connect,[],3,-114,"[{'name': 'sockfd', 'type': 'int', 'value': 594}, {'name': 'addr', 'type': 'struct sockaddr*', 'value': ""{'sin_addr': '192.168.20.118','sa_family': 'AF_INET','sin_port': '22'}""}, {'name': 'addrlen', 'type': 'int', 'value': 16}]",1,1
487.178647,7555,7555,7548,1001,4026531840,tsm,ip-10-100-1-217,42,connect,[],3,-114,"[{'name': 'sockfd', 'type': 'int', 'value': 595}, {'name': 'addr', 'type': 'struct sockaddr*', 'value': ""{'sa_family': 'AF_INET','sin_port': '22','sin_addr': '192.168.20.119'}""}, {'name': 'addrlen', 'type': 'int', 'value': 16}]",1,1
487.178669,7555,7555,7548,1001,4026531840,tsm,ip-10-100-1-217,42,connect,[],3,-114,"[{'name': 'sockfd', 'type': 'int', 'value': 596}, {'name': 'addr', 'type': 'struct sockaddr*', 'value': ""{'sa_family': 'AF_INET','sin_port': '22','sin_addr': '192.168.20.120'}""}, {'name': 'addrlen', 'type': 'int', 'value': 16}]",1,1
487.178692,7555,7555,7548,1001,4026531840,tsm,ip-10-100-1-217,42,connect,[],3,-114,"[{'name': 'sockfd', 'type': 'int', 'value': 597}, {'name': 'addr', 'type': 'struct sockaddr*', 'value': ""{'sin_addr': '192.168.20.121','sa_family': 'AF_INET','sin_port': '22'}""}, {'name': 'addrlen', 'type': 'int', 'value': 16}]",1,1
487.178714,7555,7555,7548,1001,4026531840,tsm,ip-10-100-1-217,42,connect,[],3,-114,"[{'name': 'sockfd', 'type': 'int', 'value': 598}, {'name': 'addr', 'type': 'struct sockaddr*', 'value': ""{'sa_family': 'AF_INET','sin_port': '22','sin_addr': '192.168.20.122'}""}, {'name': 'addrlen', 'type': 'int', 'value': 16}]",1,1
487.178736,7555,7555,7548,1001,4026531840,tsm,ip-10-100-1-217,42,connect,[],3,-114,"[{'name': 'sockfd', 'type': 'int', 'value': 599}, {'name': 'addr', 'type': 'struct sockaddr*', 'value': ""{'sa_family': 'AF_INET','sin_port': '22','sin_addr': '192.168.20.123'}""}, {'name': 'addrlen', 'type': 'int', 'value': 16}]",1,1
487.178758,7555,7555,7548,1001,4026531840,tsm,ip-10-100-1-217,42,connect,[],3,-114,"[{'name': 'sockfd', 'type': 'int', 'value': 600}, {'name': 'addr', 'type': 'struct sockaddr*', 'value': ""{'sa_family': 'AF_INET','sin_port': '22','sin_addr': '192.168.20.124'}""}, {'name': 'addrlen', 'type': 'int', 'value': 16}]",1,1
487.178783,7555,7555,7548,1001,4026531840,tsm,ip-10-100-1-217,42,connect,[],3,-114,"[{'name': 'sockfd', 'type': 'int', 'value': 601}, {'name': 'addr', 'type': 'struct sockaddr*', 'value': ""{'sa_family': 'AF_INET','sin_port': '22','sin_addr': '192.168.20.125'}""}, {'name': 'addrlen', 'type': 'int', 'value': 16}]",1,1
487.178805,7555,7555,7548,1001,4026531840,tsm,ip-10-100-1-217,42,connect,[],3,-114,"[{'name': 'sockfd', 'type': 'int', 'value': 602}, {'name': 'addr', 'type': 'struct sockaddr*', 'value': ""{'sa_family': 'AF_INET','sin_port': '22','sin_addr': '192.168.20.126'}""}, {'name': 'addrlen', 'type': 'int', 'value': 16}]",1,1
487.178827,7555,7555,7548,1001,4026531840,tsm,ip-10-100-1-217,42,connect,[],3,-114,"[{'name': 'sockfd', 'type': 'int', 'value': 603}, {'name': 'addr', 'type': 'struct sockaddr*', 'value': ""{'sa_family': 'AF_INET','sin_port': '22','sin_addr': '192.168.20.127'}""}, {'name': 'addrlen', 'type': 'int', 'value': 16}]",1,1
487.178849,7555,7555,7548,1001,4026531840,tsm,ip-10-100-1-217,42,connect,[],3,-114,"[{'name': 'sockfd', 'type': 'int', 'value': 604}, {'name': 'addr', 'type': 'struct sockaddr*', 'value': ""{'sa_family': 'AF_INET','sin_port': '22','sin_addr': '192.168.20.128'}""}, {'name': 'addrlen', 'type': 'int', 'value': 16}]",1,1
487.178871,7555,7555,7548,1001,4026531840,tsm,ip-10-100-1-217,42,connect,[],3,-114,"[{'name': 'sockfd', 'type': 'int', 'value': 605}, {'name': 'addr', 'type': 'struct sockaddr*', 'value': ""{'sa_family': 'AF_INET','sin_port': '22','sin_addr': '192.168.20.129'}""}, {'name': 'addrlen', 'type': 'int', 'value': 16}]",1,1
487.178893,7555,7555,7548,1001,4026531840,tsm,ip-10-100-1-217,42,connect,[],3,-114,"[{'name': 'sockfd', 'type': 'int', 'value': 606}, {'name': 'addr', 'type': 'struct sockaddr*', 'value': ""{'sa_family': 'AF_INET','sin_port': '22','sin_addr': '192.168.20.130'}""}, {'name': 'addrlen', 'type': 'int', 'value': 16}]",1,1
487.178915,7555,7555,7548,1001,4026531840,tsm,ip-10-100-1-217,42,connect,[],3,-114,"[{'name': 'sockfd', 'type': 'int', 'value': 607}, {'name': 'addr', 'type': 'struct sockaddr*', 'value': ""{'sa_family': 'AF_INET','sin_port': '22','sin_addr': '192.168.20.131'}""}, {'name': 'addrlen', 'type': 'int', 'value': 16}]",1,1
487.178937,7555,7555,7548,1001,4026531840,tsm,ip-10-100-1-217,42,connect,[],3,-114,"[{'name': 'sockfd', 'type': 'int', 'value': 608}, {'name': 'addr', 'type': 'struct sockaddr*', 'value': ""{'sa_family': 'AF_INET','sin_port': '22','sin_addr': '192.168.20.132'}""}, {'name': 'addrlen', 'type': 'int', 'value': 16}]",1,1
487.178959,7555,7555,7548,1001,4026531840,tsm,ip-10-100-1-217,42,connect,[],3,-114,"[{'name': 'sockfd', 'type': 'int', 'value': 609}, {'name': 'addr', 'type': 'struct sockaddr*', 'value': ""{'sa_family': 'AF_INET','sin_port': '22','sin_addr': '192.168.20.133'}""}, {'name': 'addrlen', 'type': 'int', 'value': 16}]",1,1
487.178981,7555,7555,7548,1001,4026531840,tsm,ip-10-100-1-217,42,connect,[],3,-114,"[{'name': 'sockfd', 'type': 'int', 'value': 610}, {'name': 'addr', 'type': 'struct sockaddr*', 'value': ""{'sa_family': 'AF_INET','sin_port': '22','sin_addr': '192.168.20.134'}""}, {'name': 'addrlen', 'type': 'int', 'value': 16}]",1,1
487.179003,7555,7555,7548,1001,4026531840,tsm,ip-10-100-1-217,42,connect,[],3,-114,"[{'name': 'sockfd', 'type': 'int', 'value': 611}, {'name': 'addr', 'type': 'struct sockaddr*', 'value': ""{'sa_family': 'AF_INET','sin_port': '22','sin_addr': '192.168.20.135'}""}, {'name': 'addrlen', 'type': 'int', 'value': 16}]",1,1
487.179026,7555,7555,7548,1001,4026531840,tsm,ip-10-100-1-217,42,connect,[],3,-114,"[{'name': 'sockfd', 'type': 'int', 'value': 612}, {'name': 'addr', 'type': 'struct sockaddr*', 'value': ""{'sa_family': 'AF_INET','sin_port': '22','sin_addr': '192.168.20.136'}""}, {'name': 'addrlen', 'type': 'int', 'value': 16}]",1,1
487.179048,7555,7555,7548,1001,4026531840,tsm,ip-10-100-1-217,42,connect,[],3,-114,"[{'name': 'sockfd', 'type': 'int', 'value': 613}, {'name': 'addr', 'type': 'struct sockaddr*', 'value': ""{'sa_family': 'AF_INET','sin_port': '22','sin_addr': '192.168.20.137'}""}, {'name': 'addrlen', 'type': 'int', 'value': 16}]",1,1
487.179069,7555,7555,7548,1001,4026531840,tsm,ip-10-100-1-217,42,connect,[],3,-114,"[{'name': 'sockfd', 'type': 'int', 'value': 614}, {'name': 'addr', 'type': 'struct sockaddr*', 'value': ""{'sa_family': 'AF_INET','sin_port': '22','sin_addr': '192.168.20.138'}""}, {'name': 'addrlen', 'type': 'int', 'value': 16}]",1,1
487.179094,7555,7555,7548,1001,4026531840,tsm,ip-10-100-1-217,42,connect,[],3,-114,"[{'name': 'sockfd', 'type': 'int', 'value': 615}, {'name': 'addr', 'type': 'struct sockaddr*', 'value': ""{'sa_family': 'AF_INET','sin_port': '22','sin_addr': '192.168.20.139'}""}, {'name': 'addrlen', 'type': 'int', 'value': 16}]",1,1
487.179116,7555,7555,7548,1001,4026531840,tsm,ip-10-100-1-217,42,connect,[],3,-114,"[{'name': 'sockfd', 'type': 'int', 'value': 616}, {'name': 'addr', 'type': 'struct sockaddr*', 'value': ""{'sa_family': 'AF_INET','sin_port': '22','sin_addr': '192.168.20.140'}""}, {'name': 'addrlen', 'type': 'int', 'value': 16}]",1,1
487.179138,7555,7555,7548,1001,4026531840,tsm,ip-10-100-1-217,42,connect,[],3,-114,"[{'name': 'sockfd', 'type': 'int', 'value': 617}, {'name': 'addr', 'type': 'struct sockaddr*', 'value': ""{'sin_addr': '192.168.20.141','sa_family': 'AF_INET','sin_port': '22'}""}, {'name': 'addrlen', 'type': 'int', 'value': 16}]",1,1
487.17916,7555,7555,7548,1001,4026531840,tsm,ip-10-100-1-217,42,connect,[],3,-114,"[{'name': 'sockfd', 'type': 'int', 'value': 618}, {'name': 'addr', 'type': 'struct sockaddr*', 'value': ""{'sa_family': 'AF_INET','sin_port': '22','sin_addr': '192.168.20.142'}""}, {'name': 'addrlen', 'type': 'int', 'value': 16}]",1,1
487.179182,7555,7555,7548,1001,4026531840,tsm,ip-10-100-1-217,42,connect,[],3,-114,"[{'name': 'sockfd', 'type': 'int', 'value': 619}, {'name': 'addr', 'type': 'struct sockaddr*', 'value': ""{'sin_port': '22','sin_addr': '192.168.20.143','sa_family': 'AF_INET'}""}, {'name': 'addrlen', 'type': 'int', 'value': 16}]",1,1
487.179204,7555,7555,7548,1001,4026531840,tsm,ip-10-100-1-217,42,connect,[],3,-114,"[{'name': 'sockfd', 'type': 'int', 'value': 620}, {'name': 'addr', 'type': 'struct sockaddr*', 'value': ""{'sa_family': 'AF_INET','sin_port': '22','sin_addr': '192.168.20.144'}""}, {'name': 'addrlen', 'type': 'int', 'value': 16}]",1,1
487.179226,7555,7555,7548,1001,4026531840,tsm,ip-10-100-1-217,42,connect,[],3,-114,"[{'name': 'sockfd', 'type': 'int', 'value': 621}, {'name': 'addr', 'type': 'struct sockaddr*', 'value': ""{'sin_port': '22','sin_addr': '192.168.20.145','sa_family': 'AF_INET'}""}, {'name': 'addrlen', 'type': 'int', 'value': 16}]",1,1
487.179248,7555,7555,7548,1001,4026531840,tsm,ip-10-100-1-217,42,connect,[],3,-114,"[{'name': 'sockfd', 'type': 'int', 'value': 622}, {'name': 'addr', 'type': 'struct sockaddr*', 'value': ""{'sa_family': 'AF_INET','sin_port': '22','sin_addr': '192.168.20.146'}""}, {'name': 'addrlen', 'type': 'int', 'value': 16}]",1,1
487.17927,7555,7555,7548,1001,4026531840,tsm,ip-10-100-1-217,42,connect,[],3,-114,"[{'name': 'sockfd', 'type': 'int', 'value': 623}, {'name': 'addr', 'type': 'struct sockaddr*', 'value': ""{'sa_family': 'AF_INET','sin_port': '22','sin_addr': '192.168.20.147'}""}, {'name': 'addrlen', 'type': 'int', 'value': 16}]",1,1
487.179293,7555,7555,7548,1001,4026531840,tsm,ip-10-100-1-217,42,connect,[],3,-114,"[{'name': 'sockfd', 'type': 'int', 'value': 624}, {'name': 'addr', 'type': 'struct sockaddr*', 'value': ""{'sin_addr': '192.168.20.148','sa_family': 'AF_INET','sin_port': '22'}""}, {'name': 'addrlen', 'type': 'int', 'value': 16}]",1,1
487.179315,7555,7555,7548,1001,4026531840,tsm,ip-10-100-1-217,42,connect,[],3,-114,"[{'name': 'sockfd', 'type': 'int', 'value': 625}, {'name': 'addr', 'type': 'struct sockaddr*', 'value': ""{'sa_family': 'AF_INET','sin_port': '22','sin_addr': '192.168.20.149'}""}, {'name': 'addrlen', 'type': 'int', 'value': 16}]",1,1
487.179337,7555,7555,7548,1001,4026531840,tsm,ip-10-100-1-217,42,connect,[],3,-114,"[{'name': 'sockfd', 'type': 'int', 'value': 626}, {'name': 'addr', 'type': 'struct sockaddr*', 'value': ""{'sa_family': 'AF_INET','sin_port': '22','sin_addr': '192.168.20.150'}""}, {'name': 'addrlen', 'type': 'int', 'value': 16}]",1,1
487.179358,7555,7555,7548,1001,4026531840,tsm,ip-10-100-1-217,42,connect,[],3,-114,"[{'name': 'sockfd', 'type': 'int', 'value': 627}, {'name': 'addr', 'type': 'struct sockaddr*', 'value': ""{'sa_family': 'AF_INET','sin_port': '22','sin_addr': '192.168.20.151'}""}, {'name': 'addrlen', 'type': 'int', 'value': 16}]",1,1
487.179381,7555,7555,7548,1001,4026531840,tsm,ip-10-100-1-217,42,connect,[],3,-114,"[{'name': 'sockfd', 'type': 'int', 'value': 628}, {'name': 'addr', 'type': 'struct sockaddr*', 'value': ""{'sa_family': 'AF_INET','sin_port': '22','sin_addr': '192.168.20.152'}""}, {'name': 'addrlen', 'type': 'int', 'value': 16}]",1,1
487.179402,7555,7555,7548,1001,4026531840,tsm,ip-10-100-1-217,42,connect,[],3,-114,"[{'name': 'sockfd', 'type': 'int', 'value': 629}, {'name': 'addr', 'type': 'struct sockaddr*', 'value': ""{'sin_addr': '192.168.20.153','sa_family': 'AF_INET','sin_port': '22'}""}, {'name': 'addrlen', 'type': 'int', 'value': 16}]",1,1
487.179425,7555,7555,7548,1001,4026531840,tsm,ip-10-100-1-217,42,connect,[],3,-114,"[{'name': 'sockfd', 'type': 'int', 'value': 630}, {'name': 'addr', 'type': 'struct sockaddr*', 'value': ""{'sa_family': 'AF_INET','sin_port': '22','sin_addr': '192.168.20.154'}""}, {'name': 'addrlen', 'type': 'int', 'value': 16}]",1,1
487.179447,7555,7555,7548,1001,4026531840,tsm,ip-10-100-1-217,42,connect,[],3,-114,"[{'name': 'sockfd', 'type': 'int', 'value': 631}, {'name': 'addr', 'type': 'struct sockaddr*', 'value': ""{'sin_addr': '192.168.20.155','sa_family': 'AF_INET','sin_port': '22'}""}, {'name': 'addrlen', 'type': 'int', 'value': 16}]",1,1
487.179469,7555,7555,7548,1001,4026531840,tsm,ip-10-100-1-217,42,connect,[],3,-114,"[{'name': 'sockfd', 'type': 'int', 'value': 632}, {'name': 'addr', 'type': 'struct sockaddr*', 'value': ""{'sa_family': 'AF_INET','sin_port': '22','sin_addr': '192.168.20.156'}""}, {'name': 'addrlen', 'type': 'int', 'value': 16}]",1,1
487.179491,7555,7555,7548,1001,4026531840,tsm,ip-10-100-1-217,42,connect,[],3,-114,"[{'name': 'sockfd', 'type': 'int', 'value': 633}, {'name': 'addr', 'type': 'struct sockaddr*', 'value': ""{'sa_family': 'AF_INET','sin_port': '22','sin_addr': '192.168.20.157'}""}, {'name': 'addrlen', 'type': 'int', 'value': 16}]",1,1
487.179513,7555,7555,7548,1001,4026531840,tsm,ip-10-100-1-217,42,connect,[],3,-114,"[{'name': 'sockfd', 'type': 'int', 'value': 634}, {'name': 'addr', 'type': 'struct sockaddr*', 'value': ""{'sa_family': 'AF_INET','sin_port': '22','sin_addr': '192.168.20.158'}""}, {'name': 'addrlen', 'type': 'int', 'value': 16}]",1,1
487.179535,7555,7555,7548,1001,4026531840,tsm,ip-10-100-1-217,42,connect,[],3,-114,"[{'name': 'sockfd', 'type': 'int', 'value': 635}, {'name': 'addr', 'type': 'struct sockaddr*', 'value': ""{'sa_family': 'AF_INET','sin_port': '22','sin_addr': '192.168.20.159'}""}, {'name': 'addrlen', 'type': 'int', 'value': 16}]",1,1
487.179557,7555,7555,7548,1001,4026531840,tsm,ip-10-100-1-217,42,connect,[],3,-114,"[{'name': 'sockfd', 'type': 'int', 'value': 636}, {'name': 'addr', 'type': 'struct sockaddr*', 'value': ""{'sa_family': 'AF_INET','sin_port': '22','sin_addr': '192.168.20.160'}""}, {'name': 'addrlen', 'type': 'int', 'value': 16}]",1,1
487.179579,7555,7555,7548,1001,4026531840,tsm,ip-10-100-1-217,42,connect,[],3,-114,"[{'name': 'sockfd', 'type': 'int', 'value': 637}, {'name': 'addr', 'type': 'struct sockaddr*', 'value': ""{'sa_family': 'AF_INET','sin_port': '22','sin_addr': '192.168.20.161'}""}, {'name': 'addrlen', 'type': 'int', 'value': 16}]",1,1
487.179601,7555,7555,7548,1001,4026531840,tsm,ip-10-100-1-217,42,connect,[],3,-114,"[{'name': 'sockfd', 'type': 'int', 'value': 638}, {'name': 'addr', 'type': 'struct sockaddr*', 'value': ""{'sa_family': 'AF_INET','sin_port': '22','sin_addr': '192.168.20.162'}""}, {'name': 'addrlen', 'type': 'int', 'value': 16}]",1,1
487.179623,7555,7555,7548,1001,4026531840,tsm,ip-10-100-1-217,42,connect,[],3,-114,"[{'name': 'sockfd', 'type': 'int', 'value': 639}, {'name': 'addr', 'type': 'struct sockaddr*', 'value': ""{'sa_family': 'AF_INET','sin_port': '22','sin_addr': '192.168.20.163'}""}, {'name': 'addrlen', 'type': 'int', 'value': 16}]",1,1
487.179645,7555,7555,7548,1001,4026531840,tsm,ip-10-100-1-217,42,connect,[],3,-114,"[{'name': 'sockfd', 'type': 'int', 'value': 640}, {'name': 'addr', 'type': 'struct sockaddr*', 'value': ""{'sa_family': 'AF_INET','sin_port': '22','sin_addr': '192.168.20.164'}""}, {'name': 'addrlen', 'type': 'int', 'value': 16}]",1,1
487.179667,7555,7555,7548,1001,4026531840,tsm,ip-10-100-1-217,42,connect,[],3,-114,"[{'name': 'sockfd', 'type': 'int', 'value': 641}, {'name': 'addr', 'type': 'struct sockaddr*', 'value': ""{'sa_family': 'AF_INET','sin_port': '22','sin_addr': '192.168.20.165'}""}, {'name': 'addrlen', 'type': 'int', 'value': 16}]",1,1
487.179689,7555,7555,7548,1001,4026531840,tsm,ip-10-100-1-217,42,connect,[],3,-114,"[{'name': 'sockfd', 'type': 'int', 'value': 642}, {'name': 'addr', 'type': 'struct sockaddr*', 'value': ""{'sa_family': 'AF_INET','sin_port': '22','sin_addr': '192.168.20.166'}""}, {'name': 'addrlen', 'type': 'int', 'value': 16}]",1,1
487.179711,7555,7555,7548,1001,4026531840,tsm,ip-10-100-1-217,42,connect,[],3,-114,"[{'name': 'sockfd', 'type': 'int', 'value': 643}, {'name': 'addr', 'type': 'struct sockaddr*', 'value': ""{'sa_family': 'AF_INET','sin_port': '22','sin_addr': '192.168.20.167'}""}, {'name': 'addrlen', 'type': 'int', 'value': 16}]",1,1
487.179733,7555,7555,7548,1001,4026531840,tsm,ip-10-100-1-217,42,connect,[],3,-114,"[{'name': 'sockfd', 'type': 'int', 'value': 644}, {'name': 'addr', 'type': 'struct sockaddr*', 'value': ""{'sa_family': 'AF_INET','sin_port': '22','sin_addr': '192.168.20.168'}""}, {'name': 'addrlen', 'type': 'int', 'value': 16}]",1,1
487.179755,7555,7555,7548,1001,4026531840,tsm,ip-10-100-1-217,42,connect,[],3,-114,"[{'name': 'sockfd', 'type': 'int', 'value': 645}, {'name': 'addr', 'type': 'struct sockaddr*', 'value': ""{'sin_port': '22','sin_addr': '192.168.20.169','sa_family': 'AF_INET'}""}, {'name': 'addrlen', 'type': 'int', 'value': 16}]",1,1
487.179777,7555,7555,7548,1001,4026531840,tsm,ip-10-100-1-217,42,connect,[],3,-114,"[{'name': 'sockfd', 'type': 'int', 'value': 646}, {'name': 'addr', 'type': 'struct sockaddr*', 'value': ""{'sa_family': 'AF_INET','sin_port': '22','sin_addr': '192.168.20.170'}""}, {'name': 'addrlen', 'type': 'int', 'value': 16}]",1,1
487.179799,7555,7555,7548,1001,4026531840,tsm,ip-10-100-1-217,42,connect,[],3,-114,"[{'name': 'sockfd', 'type': 'int', 'value': 647}, {'name': 'addr', 'type': 'struct sockaddr*', 'value': ""{'sa_family': 'AF_INET','sin_port': '22','sin_addr': '192.168.20.171'}""}, {'name': 'addrlen', 'type': 'int', 'value': 16}]",1,1
487.179821,7555,7555,7548,1001,4026531840,tsm,ip-10-100-1-217,42,connect,[],3,-114,"[{'name': 'sockfd', 'type': 'int', 'value': 648}, {'name': 'addr', 'type': 'struct sockaddr*', 'value': ""{'sa_family': 'AF_INET','sin_port': '22','sin_addr': '192.168.20.172'}""}, {'name': 'addrlen', 'type': 'int', 'value': 16}]",1,1
487.179843,7555,7555,7548,1001,4026531840,tsm,ip-10-100-1-217,42,connect,[],3,-114,"[{'name': 'sockfd', 'type': 'int', 'value': 649}, {'name': 'addr', 'type': 'struct sockaddr*', 'value': ""{'sin_port': '22','sin_addr': '192.168.20.173','sa_family': 'AF_INET'}""}, {'name': 'addrlen', 'type': 'int', 'value': 16}]",1,1
487.179865,7555,7555,7548,1001,4026531840,tsm,ip-10-100-1-217,42,connect,[],3,-114,"[{'name': 'sockfd', 'type': 'int', 'value': 650}, {'name': 'addr', 'type': 'struct sockaddr*', 'value': ""{'sa_family': 'AF_INET','sin_port': '22','sin_addr': '192.168.20.174'}""}, {'name': 'addrlen', 'type': 'int', 'value': 16}]",1,1
487.179887,7555,7555,7548,1001,4026531840,tsm,ip-10-100-1-217,42,connect,[],3,-114,"[{'name': 'sockfd', 'type': 'int', 'value': 651}, {'name': 'addr', 'type': 'struct sockaddr*', 'value': ""{'sa_family': 'AF_INET','sin_port': '22','sin_addr': '192.168.20.175'}""}, {'name': 'addrlen', 'type': 'int', 'value': 16}]",1,1
487.179909,7555,7555,7548,1001,4026531840,tsm,ip-10-100-1-217,42,connect,[],3,-114,"[{'name': 'sockfd', 'type': 'int', 'value': 652}, {'name': 'addr', 'type': 'struct sockaddr*', 'value': ""{'sa_family': 'AF_INET','sin_port': '22','sin_addr': '192.168.20.176'}""}, {'name': 'addrlen', 'type': 'int', 'value': 16}]",1,1
487.179931,7555,7555,7548,1001,4026531840,tsm,ip-10-100-1-217,42,connect,[],3,-114,"[{'name': 'sockfd', 'type': 'int', 'value': 653}, {'name': 'addr', 'type': 'struct sockaddr*', 'value': ""{'sa_family': 'AF_INET','sin_port': '22','sin_addr': '192.168.20.177'}""}, {'name': 'addrlen', 'type': 'int', 'value': 16}]",1,1
487.179953,7555,7555,7548,1001,4026531840,tsm,ip-10-100-1-217,42,connect,[],3,-114,"[{'name': 'sockfd', 'type': 'int', 'value': 654}, {'name': 'addr', 'type': 'struct sockaddr*', 'value': ""{'sa_family': 'AF_INET','sin_port': '22','sin_addr': '192.168.20.178'}""}, {'name': 'addrlen', 'type': 'int', 'value': 16}]",1,1
487.179975,7555,7555,7548,1001,4026531840,tsm,ip-10-100-1-217,42,connect,[],3,-114,"[{'name': 'sockfd', 'type': 'int', 'value': 655}, {'name': 'addr', 'type': 'struct sockaddr*', 'value': ""{'sin_addr': '192.168.20.179','sa_family': 'AF_INET','sin_port': '22'}""}, {'name': 'addrlen', 'type': 'int', 'value': 16}]",1,1
487.179997,7555,7555,7548,1001,4026531840,tsm,ip-10-100-1-217,42,connect,[],3,-114,"[{'name': 'sockfd', 'type': 'int', 'value': 656}, {'name': 'addr', 'type': 'struct sockaddr*', 'value': ""{'sa_family': 'AF_INET','sin_port': '22','sin_addr': '192.168.20.180'}""}, {'name': 'addrlen', 'type': 'int', 'value': 16}]",1,1
487.180019,7555,7555,7548,1001,4026531840,tsm,ip-10-100-1-217,42,connect,[],3,-114,"[{'name': 'sockfd', 'type': 'int', 'value': 657}, {'name': 'addr', 'type': 'struct sockaddr*', 'value': ""{'sin_port': '22','sin_addr': '192.168.20.181','sa_family': 'AF_INET'}""}, {'name': 'addrlen', 'type': 'int', 'value': 16}]",1,1
487.180041,7555,7555,7548,1001,4026531840,tsm,ip-10-100-1-217,42,connect,[],3,-114,"[{'name': 'sockfd', 'type': 'int', 'value': 658}, {'name': 'addr', 'type': 'struct sockaddr*', 'value': ""{'sa_family': 'AF_INET','sin_port': '22','sin_addr': '192.168.20.182'}""}, {'name': 'addrlen', 'type': 'int', 'value': 16}]",1,1
487.180063,7555,7555,7548,1001,4026531840,tsm,ip-10-100-1-217,42,connect,[],3,-114,"[{'name': 'sockfd', 'type': 'int', 'value': 659}, {'name': 'addr', 'type': 'struct sockaddr*', 'value': ""{'sa_family': 'AF_INET','sin_port': '22','sin_addr': '192.168.20.183'}""}, {'name': 'addrlen', 'type': 'int', 'value': 16}]",1,1
487.180085,7555,7555,7548,1001,4026531840,tsm,ip-10-100-1-217,42,connect,[],3,-114,"[{'name': 'sockfd', 'type': 'int', 'value': 660}, {'name': 'addr', 'type': 'struct sockaddr*', 'value': ""{'sa_family': 'AF_INET','sin_port': '22','sin_addr': '192.168.20.184'}""}, {'name': 'addrlen', 'type': 'int', 'value': 16}]",1,1
487.180107,7555,7555,7548,1001,4026531840,tsm,ip-10-100-1-217,42,connect,[],3,-114,"[{'name': 'sockfd', 'type': 'int', 'value': 661}, {'name': 'addr', 'type': 'struct sockaddr*', 'value': ""{'sa_family': 'AF_INET','sin_port': '22','sin_addr': '192.168.20.185'}""}, {'name': 'addrlen', 'type': 'int', 'value': 16}]",1,1
487.180129,7555,7555,7548,1001,4026531840,tsm,ip-10-100-1-217,42,connect,[],3,-114,"[{'name': 'sockfd', 'type': 'int', 'value': 662}, {'name': 'addr', 'type': 'struct sockaddr*', 'value': ""{'sa_family': 'AF_INET','sin_port': '22','sin_addr': '192.168.20.186'}""}, {'name': 'addrlen', 'type': 'int', 'value': 16}]",1,1
487.180151,7555,7555,7548,1001,4026531840,tsm,ip-10-100-1-217,42,connect,[],3,-114,"[{'name': 'sockfd', 'type': 'int', 'value': 663}, {'name': 'addr', 'type': 'struct sockaddr*', 'value': ""{'sa_family': 'AF_INET','sin_port': '22','sin_addr': '192.168.20.187'}""}, {'name': 'addrlen', 'type': 'int', 'value': 16}]",1,1
487.180173,7555,7555,7548,1001,4026531840,tsm,ip-10-100-1-217,42,connect,[],3,-114,"[{'name': 'sockfd', 'type': 'int', 'value': 664}, {'name': 'addr', 'type': 'struct sockaddr*', 'value': ""{'sa_family': 'AF_INET','sin_port': '22','sin_addr': '192.168.20.188'}""}, {'name': 'addrlen', 'type': 'int', 'value': 16}]",1,1
487.180195,7555,7555,7548,1001,4026531840,tsm,ip-10-100-1-217,42,connect,[],3,-114,"[{'name': 'sockfd', 'type': 'int', 'value': 665}, {'name': 'addr', 'type': 'struct sockaddr*', 'value': ""{'sa_family': 'AF_INET','sin_port': '22','sin_addr': '192.168.20.189'}""}, {'name': 'addrlen', 'type': 'int', 'value': 16}]",1,1
487.180217,7555,7555,7548,1001,4026531840,tsm,ip-10-100-1-217,42,connect,[],3,-114,"[{'name': 'sockfd', 'type': 'int', 'value': 666}, {'name': 'addr', 'type': 'struct sockaddr*', 'value': ""{'sa_family': 'AF_INET','sin_port': '22','sin_addr': '192.168.20.190'}""}, {'name': 'addrlen', 'type': 'int', 'value': 16}]",1,1
487.180239,7555,7555,7548,1001,4026531840,tsm,ip-10-100-1-217,42,connect,[],3,-114,"[{'name': 'sockfd', 'type': 'int', 'value': 667}, {'name': 'addr', 'type': 'struct sockaddr*', 'value': ""{'sa_family': 'AF_INET','sin_port': '22','sin_addr': '192.168.20.191'}""}, {'name': 'addrlen', 'type': 'int', 'value': 16}]",1,1
487.180261,7555,7555,7548,1001,4026531840,tsm,ip-10-100-1-217,42,connect,[],3,-114,"[{'name': 'sockfd', 'type': 'int', 'value': 668}, {'name': 'addr', 'type': 'struct sockaddr*', 'value': ""{'sa_family': 'AF_INET','sin_port': '22','sin_addr': '192.168.20.192'}""}, {'name': 'addrlen', 'type': 'int', 'value': 16}]",1,1
487.180283,7555,7555,7548,1001,4026531840,tsm,ip-10-100-1-217,42,connect,[],3,-114,"[{'name': 'sockfd', 'type': 'int', 'value': 669}, {'name': 'addr', 'type': 'struct sockaddr*', 'value': ""{'sa_family': 'AF_INET','sin_port': '22','sin_addr': '192.168.20.193'}""}, {'name': 'addrlen', 'type': 'int', 'value': 16}]",1,1
487.180305,7555,7555,7548,1001,4026531840,tsm,ip-10-100-1-217,42,connect,[],3,-114,"[{'name': 'sockfd', 'type': 'int', 'value': 670}, {'name': 'addr', 'type': 'struct sockaddr*', 'value': ""{'sa_family': 'AF_INET','sin_port': '22','sin_addr': '192.168.20.194'}""}, {'name': 'addrlen', 'type': 'int', 'value': 16}]",1,1
487.180327,7555,7555,7548,1001,4026531840,tsm,ip-10-100-1-217,42,connect,[],3,-114,"[{'name': 'sockfd', 'type': 'int', 'value': 671}, {'name': 'addr', 'type': 'struct sockaddr*', 'value': ""{'sin_port': '22','sin_addr': '192.168.20.195','sa_family': 'AF_INET'}""}, {'name': 'addrlen', 'type': 'int', 'value': 16}]",1,1
487.180349,7555,7555,7548,1001,4026531840,tsm,ip-10-100-1-217,42,connect,[],3,-114,"[{'name': 'sockfd', 'type': 'int', 'value': 672}, {'name': 'addr', 'type': 'struct sockaddr*', 'value': ""{'sa_family': 'AF_INET','sin_port': '22','sin_addr': '192.168.20.196'}""}, {'name': 'addrlen', 'type': 'int', 'value': 16}]",1,1
487.180371,7555,7555,7548,1001,4026531840,tsm,ip-10-100-1-217,42,connect,[],3,-114,"[{'name': 'sockfd', 'type': 'int', 'value': 673}, {'name': 'addr', 'type': 'struct sockaddr*', 'value': ""{'sa_family': 'AF_INET','sin_port': '22','sin_addr': '192.168.20.197'}""}, {'name': 'addrlen', 'type': 'int', 'value': 16}]",1,1
487.180393,7555,7555,7548,1001,4026531840,tsm,ip-10-100-1-217,42,connect,[],3,-114,"[{'name': 'sockfd', 'type': 'int', 'value': 674}, {'name': 'addr', 'type': 'struct sockaddr*', 'value': ""{'sa_family': 'AF_INET','sin_port': '22','sin_addr': '192.168.20.198'}""}, {'name': 'addrlen', 'type': 'int', 'value': 16}]",1,1
487.180416,7555,7555,7548,1001,4026531840,tsm,ip-10-100-1-217,42,connect,[],3,-114,"[{'name': 'sockfd', 'type': 'int', 'value': 675}, {'name': 'addr', 'type': 'struct sockaddr*', 'value': ""{'sa_family': 'AF_INET','sin_port': '22','sin_addr': '192.168.20.199'}""}, {'name': 'addrlen', 'type': 'int', 'value': 16}]",1,1
487.180438,7555,7555,7548,1001,4026531840,tsm,ip-10-100-1-217,42,connect,[],3,-114,"[{'name': 'sockfd', 'type': 'int', 'value': 676}, {'name': 'addr', 'type': 'struct sockaddr*', 'value': ""{'sa_family': 'AF_INET','sin_port': '22','sin_addr': '192.168.20.200'}""}, {'name': 'addrlen', 'type': 'int', 'value': 16}]",1,1
487.180459,7555,7555,7548,1001,4026531840,tsm,ip-10-100-1-217,42,connect,[],3,-114,"[{'name': 'sockfd', 'type': 'int', 'value': 677}, {'name': 'addr', 'type': 'struct sockaddr*', 'value': ""{'sin_port': '22','sin_addr': '192.168.20.201','sa_family': 'AF_INET'}""}, {'name': 'addrlen', 'type': 'int', 'value': 16}]",1,1
487.180484,7555,7555,7548,1001,4026531840,tsm,ip-10-100-1-217,42,connect,[],3,-114,"[{'name': 'sockfd', 'type': 'int', 'value': 678}, {'name': 'addr', 'type': 'struct sockaddr*', 'value': ""{'sa_family': 'AF_INET','sin_port': '22','sin_addr': '192.168.20.202'}""}, {'name': 'addrlen', 'type': 'int', 'value': 16}]",1,1
487.180506,7555,7555,7548,1001,4026531840,tsm,ip-10-100-1-217,42,connect,[],3,-114,"[{'name': 'sockfd', 'type': 'int', 'value': 679}, {'name': 'addr', 'type': 'struct sockaddr*', 'value': ""{'sa_family': 'AF_INET','sin_port': '22','sin_addr': '192.168.20.203'}""}, {'name': 'addrlen', 'type': 'int', 'value': 16}]",1,1
487.180528,7555,7555,7548,1001,4026531840,tsm,ip-10-100-1-217,42,connect,[],3,-114,"[{'name': 'sockfd', 'type': 'int', 'value': 680}, {'name': 'addr', 'type': 'struct sockaddr*', 'value': ""{'sa_family': 'AF_INET','sin_port': '22','sin_addr': '192.168.20.204'}""}, {'name': 'addrlen', 'type': 'int', 'value': 16}]",1,1
487.18055,7555,7555,7548,1001,4026531840,tsm,ip-10-100-1-217,42,connect,[],3,-114,"[{'name': 'sockfd', 'type': 'int', 'value': 681}, {'name': 'addr', 'type': 'struct sockaddr*', 'value': ""{'sa_family': 'AF_INET','sin_port': '22','sin_addr': '192.168.20.205'}""}, {'name': 'addrlen', 'type': 'int', 'value': 16}]",1,1
487.180572,7555,7555,7548,1001,4026531840,tsm,ip-10-100-1-217,42,connect,[],3,-114,"[{'name': 'sockfd', 'type': 'int', 'value': 682}, {'name': 'addr', 'type': 'struct sockaddr*', 'value': ""{'sa_family': 'AF_INET','sin_port': '22','sin_addr': '192.168.20.206'}""}, {'name': 'addrlen', 'type': 'int', 'value': 16}]",1,1
487.180594,7555,7555,7548,1001,4026531840,tsm,ip-10-100-1-217,42,connect,[],3,-114,"[{'name': 'sockfd', 'type': 'int', 'value': 683}, {'name': 'addr', 'type': 'struct sockaddr*', 'value': ""{'sa_family': 'AF_INET','sin_port': '22','sin_addr': '192.168.20.207'}""}, {'name': 'addrlen', 'type': 'int', 'value': 16}]",1,1
487.180616,7555,7555,7548,1001,4026531840,tsm,ip-10-100-1-217,42,connect,[],3,-114,"[{'name': 'sockfd', 'type': 'int', 'value': 684}, {'name': 'addr', 'type': 'struct sockaddr*', 'value': ""{'sa_family': 'AF_INET','sin_port': '22','sin_addr': '192.168.20.208'}""}, {'name': 'addrlen', 'type': 'int', 'value': 16}]",1,1
487.180637,7555,7555,7548,1001,4026531840,tsm,ip-10-100-1-217,42,connect,[],3,-114,"[{'name': 'sockfd', 'type': 'int', 'value': 685}, {'name': 'addr', 'type': 'struct sockaddr*', 'value': ""{'sa_family': 'AF_INET','sin_port': '22','sin_addr': '192.168.20.209'}""}, {'name': 'addrlen', 'type': 'int', 'value': 16}]",1,1
487.180672,7555,7555,7548,1001,4026531840,tsm,ip-10-100-1-217,42,connect,[],3,-114,"[{'name': 'sockfd', 'type': 'int', 'value': 686}, {'name': 'addr', 'type': 'struct sockaddr*', 'value': ""{'sa_family': 'AF_INET','sin_port': '22','sin_addr': '192.168.20.210'}""}, {'name': 'addrlen', 'type': 'int', 'value': 16}]",1,1
487.180705,7555,7555,7548,1001,4026531840,tsm,ip-10-100-1-217,42,connect,[],3,-114,"[{'name': 'sockfd', 'type': 'int', 'value': 687}, {'name': 'addr', 'type': 'struct sockaddr*', 'value': ""{'sin_port': '22','sin_addr': '192.168.20.211','sa_family': 'AF_INET'}""}, {'name': 'addrlen', 'type': 'int', 'value': 16}]",1,1
487.180728,7555,7555,7548,1001,4026531840,tsm,ip-10-100-1-217,42,connect,[],3,-114,"[{'name': 'sockfd', 'type': 'int', 'value': 688}, {'name': 'addr', 'type': 'struct sockaddr*', 'value': ""{'sin_port': '22','sin_addr': '192.168.20.212','sa_family': 'AF_INET'}""}, {'name': 'addrlen', 'type': 'int', 'value': 16}]",1,1
487.18075,7555,7555,7548,1001,4026531840,tsm,ip-10-100-1-217,42,connect,[],3,-114,"[{'name': 'sockfd', 'type': 'int', 'value': 689}, {'name': 'addr', 'type': 'struct sockaddr*', 'value': ""{'sa_family': 'AF_INET','sin_port': '22','sin_addr': '192.168.20.213'}""}, {'name': 'addrlen', 'type': 'int', 'value': 16}]",1,1
487.180772,7555,7555,7548,1001,4026531840,tsm,ip-10-100-1-217,42,connect,[],3,-114,"[{'name': 'sockfd', 'type': 'int', 'value': 690}, {'name': 'addr', 'type': 'struct sockaddr*', 'value': ""{'sa_family': 'AF_INET','sin_port': '22','sin_addr': '192.168.20.214'}""}, {'name': 'addrlen', 'type': 'int', 'value': 16}]",1,1
487.180794,7555,7555,7548,1001,4026531840,tsm,ip-10-100-1-217,42,connect,[],3,-114,"[{'name': 'sockfd', 'type': 'int', 'value': 691}, {'name': 'addr', 'type': 'struct sockaddr*', 'value': ""{'sa_family': 'AF_INET','sin_port': '22','sin_addr': '192.168.20.215'}""}, {'name': 'addrlen', 'type': 'int', 'value': 16}]",1,1
487.180816,7555,7555,7548,1001,4026531840,tsm,ip-10-100-1-217,42,connect,[],3,-114,"[{'name': 'sockfd', 'type': 'int', 'value': 692}, {'name': 'addr', 'type': 'struct sockaddr*', 'value': ""{'sa_family': 'AF_INET','sin_port': '22','sin_addr': '192.168.20.216'}""}, {'name': 'addrlen', 'type': 'int', 'value': 16}]",1,1
487.180838,7555,7555,7548,1001,4026531840,tsm,ip-10-100-1-217,42,connect,[],3,-114,"[{'name': 'sockfd', 'type': 'int', 'value': 693}, {'name': 'addr', 'type': 'struct sockaddr*', 'value': ""{'sa_family': 'AF_INET','sin_port': '22','sin_addr': '192.168.20.217'}""}, {'name': 'addrlen', 'type': 'int', 'value': 16}]",1,1
487.18086,7555,7555,7548,1001,4026531840,tsm,ip-10-100-1-217,42,connect,[],3,-114,"[{'name': 'sockfd', 'type': 'int', 'value': 694}, {'name': 'addr', 'type': 'struct sockaddr*', 'value': ""{'sa_family': 'AF_INET','sin_port': '22','sin_addr': '192.168.20.218'}""}, {'name': 'addrlen', 'type': 'int', 'value': 16}]",1,1
487.180882,7555,7555,7548,1001,4026531840,tsm,ip-10-100-1-217,42,connect,[],3,-114,"[{'name': 'sockfd', 'type': 'int', 'value': 695}, {'name': 'addr', 'type': 'struct sockaddr*', 'value': ""{'sa_family': 'AF_INET','sin_port': '22','sin_addr': '192.168.20.219'}""}, {'name': 'addrlen', 'type': 'int', 'value': 16}]",1,1
487.180904,7555,7555,7548,1001,4026531840,tsm,ip-10-100-1-217,42,connect,[],3,-114,"[{'name': 'sockfd', 'type': 'int', 'value': 696}, {'name': 'addr', 'type': 'struct sockaddr*', 'value': ""{'sin_port': '22','sin_addr': '192.168.20.220','sa_family': 'AF_INET'}""}, {'name': 'addrlen', 'type': 'int', 'value': 16}]",1,1
487.180926,7555,7555,7548,1001,4026531840,tsm,ip-10-100-1-217,42,connect,[],3,-114,"[{'name': 'sockfd', 'type': 'int', 'value': 697}, {'name': 'addr', 'type': 'struct sockaddr*', 'value': ""{'sa_family': 'AF_INET','sin_port': '22','sin_addr': '192.168.20.221'}""}, {'name': 'addrlen', 'type': 'int', 'value': 16}]",1,1
487.180948,7555,7555,7548,1001,4026531840,tsm,ip-10-100-1-217,42,connect,[],3,-114,"[{'name': 'sockfd', 'type': 'int', 'value': 698}, {'name': 'addr', 'type': 'struct sockaddr*', 'value': ""{'sin_addr': '192.168.20.222','sa_family': 'AF_INET','sin_port': '22'}""}, {'name': 'addrlen', 'type': 'int', 'value': 16}]",1,1
487.18097,7555,7555,7548,1001,4026531840,tsm,ip-10-100-1-217,42,connect,[],3,-114,"[{'name': 'sockfd', 'type': 'int', 'value': 699}, {'name': 'addr', 'type': 'struct sockaddr*', 'value': ""{'sa_family': 'AF_INET','sin_port': '22','sin_addr': '192.168.20.223'}""}, {'name': 'addrlen', 'type': 'int', 'value': 16}]",1,1
487.180992,7555,7555,7548,1001,4026531840,tsm,ip-10-100-1-217,42,connect,[],3,-114,"[{'name': 'sockfd', 'type': 'int', 'value': 700}, {'name': 'addr', 'type': 'struct sockaddr*', 'value': ""{'sa_family': 'AF_INET','sin_port': '22','sin_addr': '192.168.20.224'}""}, {'name': 'addrlen', 'type': 'int', 'value': 16}]",1,1
487.181014,7555,7555,7548,1001,4026531840,tsm,ip-10-100-1-217,42,connect,[],3,-114,"[{'name': 'sockfd', 'type': 'int', 'value': 701}, {'name': 'addr', 'type': 'struct sockaddr*', 'value': ""{'sa_family': 'AF_INET','sin_port': '22','sin_addr': '192.168.20.225'}""}, {'name': 'addrlen', 'type': 'int', 'value': 16}]",1,1
487.181036,7555,7555,7548,1001,4026531840,tsm,ip-10-100-1-217,42,connect,[],3,-114,"[{'name': 'sockfd', 'type': 'int', 'value': 702}, {'name': 'addr', 'type': 'struct sockaddr*', 'value': ""{'sin_port': '22','sin_addr': '192.168.20.226','sa_family': 'AF_INET'}""}, {'name': 'addrlen', 'type': 'int', 'value': 16}]",1,1
487.181058,7555,7555,7548,1001,4026531840,tsm,ip-10-100-1-217,42,connect,[],3,-114,"[{'name': 'sockfd', 'type': 'int', 'value': 703}, {'name': 'addr', 'type': 'struct sockaddr*', 'value': ""{'sa_family': 'AF_INET','sin_port': '22','sin_addr': '192.168.20.227'}""}, {'name': 'addrlen', 'type': 'int', 'value': 16}]",1,1
487.18108,7555,7555,7548,1001,4026531840,tsm,ip-10-100-1-217,42,connect,[],3,-114,"[{'name': 'sockfd', 'type': 'int', 'value': 704}, {'name': 'addr', 'type': 'struct sockaddr*', 'value': ""{'sin_port': '22','sin_addr': '192.168.20.228','sa_family': 'AF_INET'}""}, {'name': 'addrlen', 'type': 'int', 'value': 16}]",1,1
487.181102,7555,7555,7548,1001,4026531840,tsm,ip-10-100-1-217,42,connect,[],3,-114,"[{'name': 'sockfd', 'type': 'int', 'value': 705}, {'name': 'addr', 'type': 'struct sockaddr*', 'value': ""{'sa_family': 'AF_INET','sin_port': '22','sin_addr': '192.168.20.229'}""}, {'name': 'addrlen', 'type': 'int', 'value': 16}]",1,1
487.181124,7555,7555,7548,1001,4026531840,tsm,ip-10-100-1-217,42,connect,[],3,-114,"[{'name': 'sockfd', 'type': 'int', 'value': 706}, {'name': 'addr', 'type': 'struct sockaddr*', 'value': ""{'sin_addr': '192.168.20.230','sa_family': 'AF_INET','sin_port': '22'}""}, {'name': 'addrlen', 'type': 'int', 'value': 16}]",1,1
487.181146,7555,7555,7548,1001,4026531840,tsm,ip-10-100-1-217,42,connect,[],3,-114,"[{'name': 'sockfd', 'type': 'int', 'value': 707}, {'name': 'addr', 'type': 'struct sockaddr*', 'value': ""{'sa_family': 'AF_INET','sin_port': '22','sin_addr': '192.168.20.231'}""}, {'name': 'addrlen', 'type': 'int', 'value': 16}]",1,1
487.181168,7555,7555,7548,1001,4026531840,tsm,ip-10-100-1-217,42,connect,[],3,-114,"[{'name': 'sockfd', 'type': 'int', 'value': 708}, {'name': 'addr', 'type': 'struct sockaddr*', 'value': ""{'sa_family': 'AF_INET','sin_port': '22','sin_addr': '192.168.20.232'}""}, {'name': 'addrlen', 'type': 'int', 'value': 16}]",1,1
487.181191,7555,7555,7548,1001,4026531840,tsm,ip-10-100-1-217,42,connect,[],3,-114,"[{'name': 'sockfd', 'type': 'int', 'value': 709}, {'name': 'addr', 'type': 'struct sockaddr*', 'value': ""{'sa_family': 'AF_INET','sin_port': '22','sin_addr': '192.168.20.233'}""}, {'name': 'addrlen', 'type': 'int', 'value': 16}]",1,1
487.181212,7555,7555,7548,1001,4026531840,tsm,ip-10-100-1-217,42,connect,[],3,-114,"[{'name': 'sockfd', 'type': 'int', 'value': 710}, {'name': 'addr', 'type': 'struct sockaddr*', 'value': ""{'sa_family': 'AF_INET','sin_port': '22','sin_addr': '192.168.20.234'}""}, {'name': 'addrlen', 'type': 'int', 'value': 16}]",1,1
487.181235,7555,7555,7548,1001,4026531840,tsm,ip-10-100-1-217,42,connect,[],3,-114,"[{'name': 'sockfd', 'type': 'int', 'value': 711}, {'name': 'addr', 'type': 'struct sockaddr*', 'value': ""{'sin_port': '22','sin_addr': '192.168.20.235','sa_family': 'AF_INET'}""}, {'name': 'addrlen', 'type': 'int', 'value': 16}]",1,1
487.181256,7555,7555,7548,1001,4026531840,tsm,ip-10-100-1-217,42,connect,[],3,-114,"[{'name': 'sockfd', 'type': 'int', 'value': 712}, {'name': 'addr', 'type': 'struct sockaddr*', 'value': ""{'sa_family': 'AF_INET','sin_port': '22','sin_addr': '192.168.20.236'}""}, {'name': 'addrlen', 'type': 'int', 'value': 16}]",1,1
487.181278,7555,7555,7548,1001,4026531840,tsm,ip-10-100-1-217,42,connect,[],3,-114,"[{'name': 'sockfd', 'type': 'int', 'value': 713}, {'name': 'addr', 'type': 'struct sockaddr*', 'value': ""{'sa_family': 'AF_INET','sin_port': '22','sin_addr': '192.168.20.237'}""}, {'name': 'addrlen', 'type': 'int', 'value': 16}]",1,1
487.181301,7555,7555,7548,1001,4026531840,tsm,ip-10-100-1-217,42,connect,[],3,-114,"[{'name': 'sockfd', 'type': 'int', 'value': 714}, {'name': 'addr', 'type': 'struct sockaddr*', 'value': ""{'sa_family': 'AF_INET','sin_port': '22','sin_addr': '192.168.20.238'}""}, {'name': 'addrlen', 'type': 'int', 'value': 16}]",1,1
487.181323,7555,7555,7548,1001,4026531840,tsm,ip-10-100-1-217,42,connect,[],3,-114,"[{'name': 'sockfd', 'type': 'int', 'value': 715}, {'name': 'addr', 'type': 'struct sockaddr*', 'value': ""{'sa_family': 'AF_INET','sin_port': '22','sin_addr': '192.168.20.239'}""}, {'name': 'addrlen', 'type': 'int', 'value': 16}]",1,1
487.181345,7555,7555,7548,1001,4026531840,tsm,ip-10-100-1-217,42,connect,[],3,-114,"[{'name': 'sockfd', 'type': 'int', 'value': 716}, {'name': 'addr', 'type': 'struct sockaddr*', 'value': ""{'sa_family': 'AF_INET','sin_port': '22','sin_addr': '192.168.20.240'}""}, {'name': 'addrlen', 'type': 'int', 'value': 16}]",1,1
487.181367,7555,7555,7548,1001,4026531840,tsm,ip-10-100-1-217,42,connect,[],3,-114,"[{'name': 'sockfd', 'type': 'int', 'value': 717}, {'name': 'addr', 'type': 'struct sockaddr*', 'value': ""{'sin_addr': '192.168.20.241','sa_family': 'AF_INET','sin_port': '22'}""}, {'name': 'addrlen', 'type': 'int', 'value': 16}]",1,1
487.181389,7555,7555,7548,1001,4026531840,tsm,ip-10-100-1-217,42,connect,[],3,-114,"[{'name': 'sockfd', 'type': 'int', 'value': 718}, {'name': 'addr', 'type': 'struct sockaddr*', 'value': ""{'sa_family': 'AF_INET','sin_port': '22','sin_addr': '192.168.20.242'}""}, {'name': 'addrlen', 'type': 'int', 'value': 16}]",1,1
487.181411,7555,7555,7548,1001,4026531840,tsm,ip-10-100-1-217,42,connect,[],3,-114,"[{'name': 'sockfd', 'type': 'int', 'value': 719}, {'name': 'addr', 'type': 'struct sockaddr*', 'value': ""{'sin_addr': '192.168.20.243','sa_family': 'AF_INET','sin_port': '22'}""}, {'name': 'addrlen', 'type': 'int', 'value': 16}]",1,1
487.181433,7555,7555,7548,1001,4026531840,tsm,ip-10-100-1-217,42,connect,[],3,-114,"[{'name': 'sockfd', 'type': 'int', 'value': 720}, {'name': 'addr', 'type': 'struct sockaddr*', 'value': ""{'sin_port': '22','sin_addr': '192.168.20.244','sa_family': 'AF_INET'}""}, {'name': 'addrlen', 'type': 'int', 'value': 16}]",1,1
487.181455,7555,7555,7548,1001,4026531840,tsm,ip-10-100-1-217,42,connect,[],3,-114,"[{'name': 'sockfd', 'type': 'int', 'value': 721}, {'name': 'addr', 'type': 'struct sockaddr*', 'value': ""{'sin_port': '22','sin_addr': '192.168.20.245','sa_family': 'AF_INET'}""}, {'name': 'addrlen', 'type': 'int', 'value': 16}]",1,1
487.181477,7555,7555,7548,1001,4026531840,tsm,ip-10-100-1-217,42,connect,[],3,-114,"[{'name': 'sockfd', 'type': 'int', 'value': 722}, {'name': 'addr', 'type': 'struct sockaddr*', 'value': ""{'sa_family': 'AF_INET','sin_port': '22','sin_addr': '192.168.20.246'}""}, {'name': 'addrlen', 'type': 'int', 'value': 16}]",1,1
487.181499,7555,7555,7548,1001,4026531840,tsm,ip-10-100-1-217,42,connect,[],3,-114,"[{'name': 'sockfd', 'type': 'int', 'value': 723}, {'name': 'addr', 'type': 'struct sockaddr*', 'value': ""{'sa_family': 'AF_INET','sin_port': '22','sin_addr': '192.168.20.247'}""}, {'name': 'addrlen', 'type': 'int', 'value': 16}]",1,1
487.181522,7555,7555,7548,1001,4026531840,tsm,ip-10-100-1-217,42,connect,[],3,-114,"[{'name': 'sockfd', 'type': 'int', 'value': 724}, {'name': 'addr', 'type': 'struct sockaddr*', 'value': ""{'sa_family': 'AF_INET','sin_port': '22','sin_addr': '192.168.20.248'}""}, {'name': 'addrlen', 'type': 'int', 'value': 16}]",1,1
487.181544,7555,7555,7548,1001,4026531840,tsm,ip-10-100-1-217,42,connect,[],3,-114,"[{'name': 'sockfd', 'type': 'int', 'value': 725}, {'name': 'addr', 'type': 'struct sockaddr*', 'value': ""{'sin_addr': '192.168.20.249','sa_family': 'AF_INET','sin_port': '22'}""}, {'name': 'addrlen', 'type': 'int', 'value': 16}]",1,1
487.181566,7555,7555,7548,1001,4026531840,tsm,ip-10-100-1-217,42,connect,[],3,-114,"[{'name': 'sockfd', 'type': 'int', 'value': 726}, {'name': 'addr', 'type': 'struct sockaddr*', 'value': ""{'sa_family': 'AF_INET','sin_port': '22','sin_addr': '192.168.20.250'}""}, {'name': 'addrlen', 'type': 'int', 'value': 16}]",1,1
487.181588,7555,7555,7548,1001,4026531840,tsm,ip-10-100-1-217,42,connect,[],3,-114,"[{'name': 'sockfd', 'type': 'int', 'value': 727}, {'name': 'addr', 'type': 'struct sockaddr*', 'value': ""{'sa_family': 'AF_INET','sin_port': '22','sin_addr': '192.168.20.251'}""}, {'name': 'addrlen', 'type': 'int', 'value': 16}]",1,1
487.18161,7555,7555,7548,1001,4026531840,tsm,ip-10-100-1-217,42,connect,[],3,-114,"[{'name': 'sockfd', 'type': 'int', 'value': 728}, {'name': 'addr', 'type': 'struct sockaddr*', 'value': ""{'sa_family': 'AF_INET','sin_port': '22','sin_addr': '192.168.20.252'}""}, {'name': 'addrlen', 'type': 'int', 'value': 16}]",1,1
487.181632,7555,7555,7548,1001,4026531840,tsm,ip-10-100-1-217,42,connect,[],3,-114,"[{'name': 'sockfd', 'type': 'int', 'value': 729}, {'name': 'addr', 'type': 'struct sockaddr*', 'value': ""{'sa_family': 'AF_INET','sin_port': '22','sin_addr': '192.168.20.253'}""}, {'name': 'addrlen', 'type': 'int', 'value': 16}]",1,1
487.181654,7555,7555,7548,1001,4026531840,tsm,ip-10-100-1-217,42,connect,[],3,-114,"[{'name': 'sockfd', 'type': 'int', 'value': 730}, {'name': 'addr', 'type': 'struct sockaddr*', 'value': ""{'sa_family': 'AF_INET','sin_port': '22','sin_addr': '192.168.20.254'}""}, {'name': 'addrlen', 'type': 'int', 'value': 16}]",1,1
487.181676,7555,7555,7548,1001,4026531840,tsm,ip-10-100-1-217,42,connect,[],3,-114,"[{'name': 'sockfd', 'type': 'int', 'value': 731}, {'name': 'addr', 'type': 'struct sockaddr*', 'value': ""{'sin_addr': '192.168.21.0','sa_family': 'AF_INET','sin_port': '22'}""}, {'name': 'addrlen', 'type': 'int', 'value': 16}]",1,1
487.181698,7555,7555,7548,1001,4026531840,tsm,ip-10-100-1-217,42,connect,[],3,-114,"[{'name': 'sockfd', 'type': 'int', 'value': 732}, {'name': 'addr', 'type': 'struct sockaddr*', 'value': ""{'sa_family': 'AF_INET','sin_port': '22','sin_addr': '192.168.21.1'}""}, {'name': 'addrlen', 'type': 'int', 'value': 16}]",1,1
487.18172,7555,7555,7548,1001,4026531840,tsm,ip-10-100-1-217,42,connect,[],3,-114,"[{'name': 'sockfd', 'type': 'int', 'value': 733}, {'name': 'addr', 'type': 'struct sockaddr*', 'value': ""{'sin_port': '22','sin_addr': '192.168.21.2','sa_family': 'AF_INET'}""}, {'name': 'addrlen', 'type': 'int', 'value': 16}]",1,1
487.181742,7555,7555,7548,1001,4026531840,tsm,ip-10-100-1-217,42,connect,[],3,-114,"[{'name': 'sockfd', 'type': 'int', 'value': 734}, {'name': 'addr', 'type': 'struct sockaddr*', 'value': ""{'sin_port': '22','sin_addr': '192.168.21.3','sa_family': 'AF_INET'}""}, {'name': 'addrlen', 'type': 'int', 'value': 16}]",1,1
487.181764,7555,7555,7548,1001,4026531840,tsm,ip-10-100-1-217,42,connect,[],3,-114,"[{'name': 'sockfd', 'type': 'int', 'value': 735}, {'name': 'addr', 'type': 'struct sockaddr*', 'value': ""{'sa_family': 'AF_INET','sin_port': '22','sin_addr': '192.168.21.4'}""}, {'name': 'addrlen', 'type': 'int', 'value': 16}]",1,1
487.181787,7555,7555,7548,1001,4026531840,tsm,ip-10-100-1-217,42,connect,[],3,-114,"[{'name': 'sockfd', 'type': 'int', 'value': 736}, {'name': 'addr', 'type': 'struct sockaddr*', 'value': ""{'sa_family': 'AF_INET','sin_port': '22','sin_addr': '192.168.21.5'}""}, {'name': 'addrlen', 'type': 'int', 'value': 16}]",1,1
487.181808,7555,7555,7548,1001,4026531840,tsm,ip-10-100-1-217,42,connect,[],3,-114,"[{'name': 'sockfd', 'type': 'int', 'value': 737}, {'name': 'addr', 'type': 'struct sockaddr*', 'value': ""{'sin_addr': '192.168.21.6','sa_family': 'AF_INET','sin_port': '22'}""}, {'name': 'addrlen', 'type': 'int', 'value': 16}]",1,1
487.181831,7555,7555,7548,1001,4026531840,tsm,ip-10-100-1-217,42,connect,[],3,-114,"[{'name': 'sockfd', 'type': 'int', 'value': 738}, {'name': 'addr', 'type': 'struct sockaddr*', 'value': ""{'sa_family': 'AF_INET','sin_port': '22','sin_addr': '192.168.21.7'}""}, {'name': 'addrlen', 'type': 'int', 'value': 16}]",1,1
487.181855,7555,7555,7548,1001,4026531840,tsm,ip-10-100-1-217,42,connect,[],3,-114,"[{'name': 'sockfd', 'type': 'int', 'value': 739}, {'name': 'addr', 'type': 'struct sockaddr*', 'value': ""{'sa_family': 'AF_INET','sin_port': '22','sin_addr': '192.168.21.8'}""}, {'name': 'addrlen', 'type': 'int', 'value': 16}]",1,1
487.181877,7555,7555,7548,1001,4026531840,tsm,ip-10-100-1-217,42,connect,[],3,-114,"[{'name': 'sockfd', 'type': 'int', 'value': 740}, {'name': 'addr', 'type': 'struct sockaddr*', 'value': ""{'sa_family': 'AF_INET','sin_port': '22','sin_addr': '192.168.21.9'}""}, {'name': 'addrlen', 'type': 'int', 'value': 16}]",1,1
487.181899,7555,7555,7548,1001,4026531840,tsm,ip-10-100-1-217,42,connect,[],3,-114,"[{'name': 'sockfd', 'type': 'int', 'value': 741}, {'name': 'addr', 'type': 'struct sockaddr*', 'value': ""{'sa_family': 'AF_INET','sin_port': '22','sin_addr': '192.168.21.10'}""}, {'name': 'addrlen', 'type': 'int', 'value': 16}]",1,1
487.181921,7555,7555,7548,1001,4026531840,tsm,ip-10-100-1-217,42,connect,[],3,-114,"[{'name': 'sockfd', 'type': 'int', 'value': 742}, {'name': 'addr', 'type': 'struct sockaddr*', 'value': ""{'sin_port': '22','sin_addr': '192.168.21.11','sa_family': 'AF_INET'}""}, {'name': 'addrlen', 'type': 'int', 'value': 16}]",1,1
487.181943,7555,7555,7548,1001,4026531840,tsm,ip-10-100-1-217,42,connect,[],3,-114,"[{'name': 'sockfd', 'type': 'int', 'value': 743}, {'name': 'addr', 'type': 'struct sockaddr*', 'value': ""{'sin_addr': '192.168.21.12','sa_family': 'AF_INET','sin_port': '22'}""}, {'name': 'addrlen', 'type': 'int', 'value': 16}]",1,1
487.181965,7555,7555,7548,1001,4026531840,tsm,ip-10-100-1-217,42,connect,[],3,-114,"[{'name': 'sockfd', 'type': 'int', 'value': 744}, {'name': 'addr', 'type': 'struct sockaddr*', 'value': ""{'sin_port': '22','sin_addr': '192.168.21.13','sa_family': 'AF_INET'}""}, {'name': 'addrlen', 'type': 'int', 'value': 16}]",1,1
487.181987,7555,7555,7548,1001,4026531840,tsm,ip-10-100-1-217,42,connect,[],3,-114,"[{'name': 'sockfd', 'type': 'int', 'value': 745}, {'name': 'addr', 'type': 'struct sockaddr*', 'value': ""{'sa_family': 'AF_INET','sin_port': '22','sin_addr': '192.168.21.14'}""}, {'name': 'addrlen', 'type': 'int', 'value': 16}]",1,1
487.182009,7555,7555,7548,1001,4026531840,tsm,ip-10-100-1-217,42,connect,[],3,-114,"[{'name': 'sockfd', 'type': 'int', 'value': 746}, {'name': 'addr', 'type': 'struct sockaddr*', 'value': ""{'sin_addr': '192.168.21.15','sa_family': 'AF_INET','sin_port': '22'}""}, {'name': 'addrlen', 'type': 'int', 'value': 16}]",1,1
487.182031,7555,7555,7548,1001,4026531840,tsm,ip-10-100-1-217,42,connect,[],3,-114,"[{'name': 'sockfd', 'type': 'int', 'value': 747}, {'name': 'addr', 'type': 'struct sockaddr*', 'value': ""{'sin_port': '22','sin_addr': '192.168.21.16','sa_family': 'AF_INET'}""}, {'name': 'addrlen', 'type': 'int', 'value': 16}]",1,1
487.182053,7555,7555,7548,1001,4026531840,tsm,ip-10-100-1-217,42,connect,[],3,-114,"[{'name': 'sockfd', 'type': 'int', 'value': 748}, {'name': 'addr', 'type': 'struct sockaddr*', 'value': ""{'sa_family': 'AF_INET','sin_port': '22','sin_addr': '192.168.21.17'}""}, {'name': 'addrlen', 'type': 'int', 'value': 16}]",1,1
487.182075,7555,7555,7548,1001,4026531840,tsm,ip-10-100-1-217,42,connect,[],3,-114,"[{'name': 'sockfd', 'type': 'int', 'value': 749}, {'name': 'addr', 'type': 'struct sockaddr*', 'value': ""{'sa_family': 'AF_INET','sin_port': '22','sin_addr': '192.168.21.18'}""}, {'name': 'addrlen', 'type': 'int', 'value': 16}]",1,1
487.182097,7555,7555,7548,1001,4026531840,tsm,ip-10-100-1-217,42,connect,[],3,-114,"[{'name': 'sockfd', 'type': 'int', 'value': 750}, {'name': 'addr', 'type': 'struct sockaddr*', 'value': ""{'sin_addr': '192.168.21.19','sa_family': 'AF_INET','sin_port': '22'}""}, {'name': 'addrlen', 'type': 'int', 'value': 16}]",1,1
487.182119,7555,7555,7548,1001,4026531840,tsm,ip-10-100-1-217,42,connect,[],3,-114,"[{'name': 'sockfd', 'type': 'int', 'value': 751}, {'name': 'addr', 'type': 'struct sockaddr*', 'value': ""{'sin_port': '22','sin_addr': '192.168.21.20','sa_family': 'AF_INET'}""}, {'name': 'addrlen', 'type': 'int', 'value': 16}]",1,1
487.182141,7555,7555,7548,1001,4026531840,tsm,ip-10-100-1-217,42,connect,[],3,-114,"[{'name': 'sockfd', 'type': 'int', 'value': 752}, {'name': 'addr', 'type': 'struct sockaddr*', 'value': ""{'sin_port': '22','sin_addr': '192.168.21.21','sa_family': 'AF_INET'}""}, {'name': 'addrlen', 'type': 'int', 'value': 16}]",1,1
487.182163,7555,7555,7548,1001,4026531840,tsm,ip-10-100-1-217,42,connect,[],3,-114,"[{'name': 'sockfd', 'type': 'int', 'value': 753}, {'name': 'addr', 'type': 'struct sockaddr*', 'value': ""{'sin_port': '22','sin_addr': '192.168.21.22','sa_family': 'AF_INET'}""}, {'name': 'addrlen', 'type': 'int', 'value': 16}]",1,1
487.182185,7555,7555,7548,1001,4026531840,tsm,ip-10-100-1-217,42,connect,[],3,-114,"[{'name': 'sockfd', 'type': 'int', 'value': 754}, {'name': 'addr', 'type': 'struct sockaddr*', 'value': ""{'sa_family': 'AF_INET','sin_port': '22','sin_addr': '192.168.21.23'}""}, {'name': 'addrlen', 'type': 'int', 'value': 16}]",1,1
487.182207,7555,7555,7548,1001,4026531840,tsm,ip-10-100-1-217,42,connect,[],3,-114,"[{'name': 'sockfd', 'type': 'int', 'value': 755}, {'name': 'addr', 'type': 'struct sockaddr*', 'value': ""{'sa_family': 'AF_INET','sin_port': '22','sin_addr': '192.168.21.24'}""}, {'name': 'addrlen', 'type': 'int', 'value': 16}]",1,1
487.182229,7555,7555,7548,1001,4026531840,tsm,ip-10-100-1-217,42,connect,[],3,-114,"[{'name': 'sockfd', 'type': 'int', 'value': 756}, {'name': 'addr', 'type': 'struct sockaddr*', 'value': ""{'sa_family': 'AF_INET','sin_port': '22','sin_addr': '192.168.21.25'}""}, {'name': 'addrlen', 'type': 'int', 'value': 16}]",1,1
487.182251,7555,7555,7548,1001,4026531840,tsm,ip-10-100-1-217,42,connect,[],3,-114,"[{'name': 'sockfd', 'type': 'int', 'value': 757}, {'name': 'addr', 'type': 'struct sockaddr*', 'value': ""{'sa_family': 'AF_INET','sin_port': '22','sin_addr': '192.168.21.26'}""}, {'name': 'addrlen', 'type': 'int', 'value': 16}]",1,1
487.182273,7555,7555,7548,1001,4026531840,tsm,ip-10-100-1-217,42,connect,[],3,-114,"[{'name': 'sockfd', 'type': 'int', 'value': 758}, {'name': 'addr', 'type': 'struct sockaddr*', 'value': ""{'sin_addr': '192.168.21.27','sa_family': 'AF_INET','sin_port': '22'}""}, {'name': 'addrlen', 'type': 'int', 'value': 16}]",1,1
487.182295,7555,7555,7548,1001,4026531840,tsm,ip-10-100-1-217,42,connect,[],3,-114,"[{'name': 'sockfd', 'type': 'int', 'value': 759}, {'name': 'addr', 'type': 'struct sockaddr*', 'value': ""{'sin_addr': '192.168.21.28','sa_family': 'AF_INET','sin_port': '22'}""}, {'name': 'addrlen', 'type': 'int', 'value': 16}]",1,1
487.182317,7555,7555,7548,1001,4026531840,tsm,ip-10-100-1-217,42,connect,[],3,-114,"[{'name': 'sockfd', 'type': 'int', 'value': 760}, {'name': 'addr', 'type': 'struct sockaddr*', 'value': ""{'sa_family': 'AF_INET','sin_port': '22','sin_addr': '192.168.21.29'}""}, {'name': 'addrlen', 'type': 'int', 'value': 16}]",1,1
487.182339,7555,7555,7548,1001,4026531840,tsm,ip-10-100-1-217,42,connect,[],3,-114,"[{'name': 'sockfd', 'type': 'int', 'value': 761}, {'name': 'addr', 'type': 'struct sockaddr*', 'value': ""{'sa_family': 'AF_INET','sin_port': '22','sin_addr': '192.168.21.30'}""}, {'name': 'addrlen', 'type': 'int', 'value': 16}]",1,1
487.182361,7555,7555,7548,1001,4026531840,tsm,ip-10-100-1-217,42,connect,[],3,-114,"[{'name': 'sockfd', 'type': 'int', 'value': 762}, {'name': 'addr', 'type': 'struct sockaddr*', 'value': ""{'sa_family': 'AF_INET','sin_port': '22','sin_addr': '192.168.21.31'}""}, {'name': 'addrlen', 'type': 'int', 'value': 16}]",1,1
487.182382,7555,7555,7548,1001,4026531840,tsm,ip-10-100-1-217,42,connect,[],3,-114,"[{'name': 'sockfd', 'type': 'int', 'value': 763}, {'name': 'addr', 'type': 'struct sockaddr*', 'value': ""{'sa_family': 'AF_INET','sin_port': '22','sin_addr': '192.168.21.32'}""}, {'name': 'addrlen', 'type': 'int', 'value': 16}]",1,1
487.182405,7555,7555,7548,1001,4026531840,tsm,ip-10-100-1-217,42,connect,[],3,-114,"[{'name': 'sockfd', 'type': 'int', 'value': 764}, {'name': 'addr', 'type': 'struct sockaddr*', 'value': ""{'sa_family': 'AF_INET','sin_port': '22','sin_addr': '192.168.21.33'}""}, {'name': 'addrlen', 'type': 'int', 'value': 16}]",1,1
487.182427,7555,7555,7548,1001,4026531840,tsm,ip-10-100-1-217,42,connect,[],3,-114,"[{'name': 'sockfd', 'type': 'int', 'value': 765}, {'name': 'addr', 'type': 'struct sockaddr*', 'value': ""{'sa_family': 'AF_INET','sin_port': '22','sin_addr': '192.168.21.34'}""}, {'name': 'addrlen', 'type': 'int', 'value': 16}]",1,1
487.182449,7555,7555,7548,1001,4026531840,tsm,ip-10-100-1-217,42,connect,[],3,-114,"[{'name': 'sockfd', 'type': 'int', 'value': 766}, {'name': 'addr', 'type': 'struct sockaddr*', 'value': ""{'sa_family': 'AF_INET','sin_port': '22','sin_addr': '192.168.21.35'}""}, {'name': 'addrlen', 'type': 'int', 'value': 16}]",1,1
487.187764,7555,7555,7548,1001,4026531840,tsm,ip-10-100-1-217,42,connect,[],3,-114,"[{'name': 'sockfd', 'type': 'int', 'value': 767}, {'name': 'addr', 'type': 'struct sockaddr*', 'value': ""{'sa_family': 'AF_INET','sin_port': '22','sin_addr': '192.168.21.36'}""}, {'name': 'addrlen', 'type': 'int', 'value': 16}]",1,1
487.187796,7555,7555,7548,1001,4026531840,tsm,ip-10-100-1-217,42,connect,[],3,-114,"[{'name': 'sockfd', 'type': 'int', 'value': 768}, {'name': 'addr', 'type': 'struct sockaddr*', 'value': ""{'sa_family': 'AF_INET','sin_port': '22','sin_addr': '192.168.21.37'}""}, {'name': 'addrlen', 'type': 'int', 'value': 16}]",1,1
487.187818,7555,7555,7548,1001,4026531840,tsm,ip-10-100-1-217,42,connect,[],3,-114,"[{'name': 'sockfd', 'type': 'int', 'value': 769}, {'name': 'addr', 'type': 'struct sockaddr*', 'value': ""{'sa_family': 'AF_INET','sin_port': '22','sin_addr': '192.168.21.38'}""}, {'name': 'addrlen', 'type': 'int', 'value': 16}]",1,1
487.18784,7555,7555,7548,1001,4026531840,tsm,ip-10-100-1-217,42,connect,[],3,-114,"[{'name': 'sockfd', 'type': 'int', 'value': 770}, {'name': 'addr', 'type': 'struct sockaddr*', 'value': ""{'sa_family': 'AF_INET','sin_port': '22','sin_addr': '192.168.21.39'}""}, {'name': 'addrlen', 'type': 'int', 'value': 16}]",1,1
487.187862,7555,7555,7548,1001,4026531840,tsm,ip-10-100-1-217,42,connect,[],3,-114,"[{'name': 'sockfd', 'type': 'int', 'value': 771}, {'name': 'addr', 'type': 'struct sockaddr*', 'value': ""{'sa_family': 'AF_INET','sin_port': '22','sin_addr': '192.168.21.40'}""}, {'name': 'addrlen', 'type': 'int', 'value': 16}]",1,1
487.187897,7555,7555,7548,1001,4026531840,tsm,ip-10-100-1-217,42,connect,[],3,-114,"[{'name': 'sockfd', 'type': 'int', 'value': 772}, {'name': 'addr', 'type': 'struct sockaddr*', 'value': ""{'sa_family': 'AF_INET','sin_port': '22','sin_addr': '192.168.21.41'}""}, {'name': 'addrlen', 'type': 'int', 'value': 16}]",1,1
487.187921,7555,7555,7548,1001,4026531840,tsm,ip-10-100-1-217,42,connect,[],3,-114,"[{'name': 'sockfd', 'type': 'int', 'value': 773}, {'name': 'addr', 'type': 'struct sockaddr*', 'value': ""{'sa_family': 'AF_INET','sin_port': '22','sin_addr': '192.168.21.42'}""}, {'name': 'addrlen', 'type': 'int', 'value': 16}]",1,1
487.187943,7555,7555,7548,1001,4026531840,tsm,ip-10-100-1-217,42,connect,[],3,-114,"[{'name': 'sockfd', 'type': 'int', 'value': 774}, {'name': 'addr', 'type': 'struct sockaddr*', 'value': ""{'sin_port': '22','sin_addr': '192.168.21.43','sa_family': 'AF_INET'}""}, {'name': 'addrlen', 'type': 'int', 'value': 16}]",1,1
487.187965,7555,7555,7548,1001,4026531840,tsm,ip-10-100-1-217,42,connect,[],3,-114,"[{'name': 'sockfd', 'type': 'int', 'value': 775}, {'name': 'addr', 'type': 'struct sockaddr*', 'value': ""{'sa_family': 'AF_INET','sin_port': '22','sin_addr': '192.168.21.44'}""}, {'name': 'addrlen', 'type': 'int', 'value': 16}]",1,1
487.187988,7555,7555,7548,1001,4026531840,tsm,ip-10-100-1-217,42,connect,[],3,-114,"[{'name': 'sockfd', 'type': 'int', 'value': 776}, {'name': 'addr', 'type': 'struct sockaddr*', 'value': ""{'sa_family': 'AF_INET','sin_port': '22','sin_addr': '192.168.21.45'}""}, {'name': 'addrlen', 'type': 'int', 'value': 16}]",1,1
487.18801,7555,7555,7548,1001,4026531840,tsm,ip-10-100-1-217,42,connect,[],3,-114,"[{'name': 'sockfd', 'type': 'int', 'value': 777}, {'name': 'addr', 'type': 'struct sockaddr*', 'value': ""{'sin_addr': '192.168.21.46','sa_family': 'AF_INET','sin_port': '22'}""}, {'name': 'addrlen', 'type': 'int', 'value': 16}]",1,1
487.188032,7555,7555,7548,1001,4026531840,tsm,ip-10-100-1-217,42,connect,[],3,-114,"[{'name': 'sockfd', 'type': 'int', 'value': 778}, {'name': 'addr', 'type': 'struct sockaddr*', 'value': ""{'sa_family': 'AF_INET','sin_port': '22','sin_addr': '192.168.21.47'}""}, {'name': 'addrlen', 'type': 'int', 'value': 16}]",1,1
487.188054,7555,7555,7548,1001,4026531840,tsm,ip-10-100-1-217,42,connect,[],3,-114,"[{'name': 'sockfd', 'type': 'int', 'value': 779}, {'name': 'addr', 'type': 'struct sockaddr*', 'value': ""{'sin_addr': '192.168.21.48','sa_family': 'AF_INET','sin_port': '22'}""}, {'name': 'addrlen', 'type': 'int', 'value': 16}]",1,1
487.188076,7555,7555,7548,1001,4026531840,tsm,ip-10-100-1-217,42,connect,[],3,-114,"[{'name': 'sockfd', 'type': 'int', 'value': 780}, {'name': 'addr', 'type': 'struct sockaddr*', 'value': ""{'sa_family': 'AF_INET','sin_port': '22','sin_addr': '192.168.21.49'}""}, {'name': 'addrlen', 'type': 'int', 'value': 16}]",1,1
487.188098,7555,7555,7548,1001,4026531840,tsm,ip-10-100-1-217,42,connect,[],3,-114,"[{'name': 'sockfd', 'type': 'int', 'value': 781}, {'name': 'addr', 'type': 'struct sockaddr*', 'value': ""{'sin_port': '22','sin_addr': '192.168.21.50','sa_family': 'AF_INET'}""}, {'name': 'addrlen', 'type': 'int', 'value': 16}]",1,1
487.18812,7555,7555,7548,1001,4026531840,tsm,ip-10-100-1-217,42,connect,[],3,-114,"[{'name': 'sockfd', 'type': 'int', 'value': 782}, {'name': 'addr', 'type': 'struct sockaddr*', 'value': ""{'sa_family': 'AF_INET','sin_port': '22','sin_addr': '192.168.21.51'}""}, {'name': 'addrlen', 'type': 'int', 'value': 16}]",1,1
487.188142,7555,7555,7548,1001,4026531840,tsm,ip-10-100-1-217,42,connect,[],3,-114,"[{'name': 'sockfd', 'type': 'int', 'value': 783}, {'name': 'addr', 'type': 'struct sockaddr*', 'value': ""{'sa_family': 'AF_INET','sin_port': '22','sin_addr': '192.168.21.52'}""}, {'name': 'addrlen', 'type': 'int', 'value': 16}]",1,1
487.188164,7555,7555,7548,1001,4026531840,tsm,ip-10-100-1-217,42,connect,[],3,-114,"[{'name': 'sockfd', 'type': 'int', 'value': 784}, {'name': 'addr', 'type': 'struct sockaddr*', 'value': ""{'sa_family': 'AF_INET','sin_port': '22','sin_addr': '192.168.21.53'}""}, {'name': 'addrlen', 'type': 'int', 'value': 16}]",1,1
487.188186,7555,7555,7548,1001,4026531840,tsm,ip-10-100-1-217,42,connect,[],3,-114,"[{'name': 'sockfd', 'type': 'int', 'value': 785}, {'name': 'addr', 'type': 'struct sockaddr*', 'value': ""{'sa_family': 'AF_INET','sin_port': '22','sin_addr': '192.168.21.54'}""}, {'name': 'addrlen', 'type': 'int', 'value': 16}]",1,1
487.188208,7555,7555,7548,1001,4026531840,tsm,ip-10-100-1-217,42,connect,[],3,-114,"[{'name': 'sockfd', 'type': 'int', 'value': 786}, {'name': 'addr', 'type': 'struct sockaddr*', 'value': ""{'sa_family': 'AF_INET','sin_port': '22','sin_addr': '192.168.21.55'}""}, {'name': 'addrlen', 'type': 'int', 'value': 16}]",1,1
487.188231,7555,7555,7548,1001,4026531840,tsm,ip-10-100-1-217,42,connect,[],3,-114,"[{'name': 'sockfd', 'type': 'int', 'value': 787}, {'name': 'addr', 'type': 'struct sockaddr*', 'value': ""{'sa_family': 'AF_INET','sin_port': '22','sin_addr': '192.168.21.56'}""}, {'name': 'addrlen', 'type': 'int', 'value': 16}]",1,1
487.188253,7555,7555,7548,1001,4026531840,tsm,ip-10-100-1-217,42,connect,[],3,-114,"[{'name': 'sockfd', 'type': 'int', 'value': 788}, {'name': 'addr', 'type': 'struct sockaddr*', 'value': ""{'sa_family': 'AF_INET','sin_port': '22','sin_addr': '192.168.21.57'}""}, {'name': 'addrlen', 'type': 'int', 'value': 16}]",1,1
487.188275,7555,7555,7548,1001,4026531840,tsm,ip-10-100-1-217,42,connect,[],3,-114,"[{'name': 'sockfd', 'type': 'int', 'value': 789}, {'name': 'addr', 'type': 'struct sockaddr*', 'value': ""{'sin_addr': '192.168.21.58','sa_family': 'AF_INET','sin_port': '22'}""}, {'name': 'addrlen', 'type': 'int', 'value': 16}]",1,1
487.188296,7555,7555,7548,1001,4026531840,tsm,ip-10-100-1-217,42,connect,[],3,-114,"[{'name': 'sockfd', 'type': 'int', 'value': 790}, {'name': 'addr', 'type': 'struct sockaddr*', 'value': ""{'sa_family': 'AF_INET','sin_port': '22','sin_addr': '192.168.21.59'}""}, {'name': 'addrlen', 'type': 'int', 'value': 16}]",1,1
487.188318,7555,7555,7548,1001,4026531840,tsm,ip-10-100-1-217,42,connect,[],3,-114,"[{'name': 'sockfd', 'type': 'int', 'value': 791}, {'name': 'addr', 'type': 'struct sockaddr*', 'value': ""{'sin_addr': '192.168.21.60','sa_family': 'AF_INET','sin_port': '22'}""}, {'name': 'addrlen', 'type': 'int', 'value': 16}]",1,1
487.18834,7555,7555,7548,1001,4026531840,tsm,ip-10-100-1-217,42,connect,[],3,-114,"[{'name': 'sockfd', 'type': 'int', 'value': 792}, {'name': 'addr', 'type': 'struct sockaddr*', 'value': ""{'sa_family': 'AF_INET','sin_port': '22','sin_addr': '192.168.21.61'}""}, {'name': 'addrlen', 'type': 'int', 'value': 16}]",1,1
487.188363,7555,7555,7548,1001,4026531840,tsm,ip-10-100-1-217,42,connect,[],3,-114,"[{'name': 'sockfd', 'type': 'int', 'value': 793}, {'name': 'addr', 'type': 'struct sockaddr*', 'value': ""{'sa_family': 'AF_INET','sin_port': '22','sin_addr': '192.168.21.62'}""}, {'name': 'addrlen', 'type': 'int', 'value': 16}]",1,1
487.188385,7555,7555,7548,1001,4026531840,tsm,ip-10-100-1-217,42,connect,[],3,-114,"[{'name': 'sockfd', 'type': 'int', 'value': 794}, {'name': 'addr', 'type': 'struct sockaddr*', 'value': ""{'sa_family': 'AF_INET','sin_port': '22','sin_addr': '192.168.21.63'}""}, {'name': 'addrlen', 'type': 'int', 'value': 16}]",1,1
487.188407,7555,7555,7548,1001,4026531840,tsm,ip-10-100-1-217,42,connect,[],3,-114,"[{'name': 'sockfd', 'type': 'int', 'value': 795}, {'name': 'addr', 'type': 'struct sockaddr*', 'value': ""{'sin_port': '22','sin_addr': '192.168.21.64','sa_family': 'AF_INET'}""}, {'name': 'addrlen', 'type': 'int', 'value': 16}]",1,1
487.188429,7555,7555,7548,1001,4026531840,tsm,ip-10-100-1-217,42,connect,[],3,-114,"[{'name': 'sockfd', 'type': 'int', 'value': 796}, {'name': 'addr', 'type': 'struct sockaddr*', 'value': ""{'sa_family': 'AF_INET','sin_port': '22','sin_addr': '192.168.21.65'}""}, {'name': 'addrlen', 'type': 'int', 'value': 16}]",1,1
487.188451,7555,7555,7548,1001,4026531840,tsm,ip-10-100-1-217,42,connect,[],3,-114,"[{'name': 'sockfd', 'type': 'int', 'value': 797}, {'name': 'addr', 'type': 'struct sockaddr*', 'value': ""{'sin_port': '22','sin_addr': '192.168.21.66','sa_family': 'AF_INET'}""}, {'name': 'addrlen', 'type': 'int', 'value': 16}]",1,1
487.188473,7555,7555,7548,1001,4026531840,tsm,ip-10-100-1-217,42,connect,[],3,-114,"[{'name': 'sockfd', 'type': 'int', 'value': 798}, {'name': 'addr', 'type': 'struct sockaddr*', 'value': ""{'sa_family': 'AF_INET','sin_port': '22','sin_addr': '192.168.21.67'}""}, {'name': 'addrlen', 'type': 'int', 'value': 16}]",1,1
487.188495,7555,7555,7548,1001,4026531840,tsm,ip-10-100-1-217,42,connect,[],3,-114,"[{'name': 'sockfd', 'type': 'int', 'value': 799}, {'name': 'addr', 'type': 'struct sockaddr*', 'value': ""{'sa_family': 'AF_INET','sin_port': '22','sin_addr': '192.168.21.68'}""}, {'name': 'addrlen', 'type': 'int', 'value': 16}]",1,1
487.188517,7555,7555,7548,1001,4026531840,tsm,ip-10-100-1-217,42,connect,[],3,-114,"[{'name': 'sockfd', 'type': 'int', 'value': 800}, {'name': 'addr', 'type': 'struct sockaddr*', 'value': ""{'sin_addr': '192.168.21.69','sa_family': 'AF_INET','sin_port': '22'}""}, {'name': 'addrlen', 'type': 'int', 'value': 16}]",1,1
487.188539,7555,7555,7548,1001,4026531840,tsm,ip-10-100-1-217,42,connect,[],3,-114,"[{'name': 'sockfd', 'type': 'int', 'value': 801}, {'name': 'addr', 'type': 'struct sockaddr*', 'value': ""{'sa_family': 'AF_INET','sin_port': '22','sin_addr': '192.168.21.70'}""}, {'name': 'addrlen', 'type': 'int', 'value': 16}]",1,1
487.188561,7555,7555,7548,1001,4026531840,tsm,ip-10-100-1-217,42,connect,[],3,-114,"[{'name': 'sockfd', 'type': 'int', 'value': 802}, {'name': 'addr', 'type': 'struct sockaddr*', 'value': ""{'sa_family': 'AF_INET','sin_port': '22','sin_addr': '192.168.21.71'}""}, {'name': 'addrlen', 'type': 'int', 'value': 16}]",1,1
487.188583,7555,7555,7548,1001,4026531840,tsm,ip-10-100-1-217,42,connect,[],3,-114,"[{'name': 'sockfd', 'type': 'int', 'value': 803}, {'name': 'addr', 'type': 'struct sockaddr*', 'value': ""{'sa_family': 'AF_INET','sin_port': '22','sin_addr': '192.168.21.72'}""}, {'name': 'addrlen', 'type': 'int', 'value': 16}]",1,1
487.188606,7555,7555,7548,1001,4026531840,tsm,ip-10-100-1-217,42,connect,[],3,-114,"[{'name': 'sockfd', 'type': 'int', 'value': 4}, {'name': 'addr', 'type': 'struct sockaddr*', 'value': ""{'sa_family': 'AF_INET','sin_port': '22','sin_addr': '192.168.21.73'}""}, {'name': 'addrlen', 'type': 'int', 'value': 16}]",1,1
487.188629,7555,7555,7548,1001,4026531840,tsm,ip-10-100-1-217,42,connect,[],3,-114,"[{'name': 'sockfd', 'type': 'int', 'value': 5}, {'name': 'addr', 'type': 'struct sockaddr*', 'value': ""{'sin_port': '22','sin_addr': '192.168.21.74','sa_family': 'AF_INET'}""}, {'name': 'addrlen', 'type': 'int', 'value': 16}]",1,1
487.188651,7555,7555,7548,1001,4026531840,tsm,ip-10-100-1-217,42,connect,[],3,-114,"[{'name': 'sockfd', 'type': 'int', 'value': 6}, {'name': 'addr', 'type': 'struct sockaddr*', 'value': ""{'sin_port': '22','sin_addr': '192.168.21.75','sa_family': 'AF_INET'}""}, {'name': 'addrlen', 'type': 'int', 'value': 16}]",1,1
487.188673,7555,7555,7548,1001,4026531840,tsm,ip-10-100-1-217,42,connect,[],3,-114,"[{'name': 'sockfd', 'type': 'int', 'value': 7}, {'name': 'addr', 'type': 'struct sockaddr*', 'value': ""{'sa_family': 'AF_INET','sin_port': '22','sin_addr': '192.168.21.76'}""}, {'name': 'addrlen', 'type': 'int', 'value': 16}]",1,1
487.188695,7555,7555,7548,1001,4026531840,tsm,ip-10-100-1-217,42,connect,[],3,-114,"[{'name': 'sockfd', 'type': 'int', 'value': 8}, {'name': 'addr', 'type': 'struct sockaddr*', 'value': ""{'sa_family': 'AF_INET','sin_port': '22','sin_addr': '192.168.21.77'}""}, {'name': 'addrlen', 'type': 'int', 'value': 16}]",1,1
487.188717,7555,7555,7548,1001,4026531840,tsm,ip-10-100-1-217,42,connect,[],3,-114,"[{'name': 'sockfd', 'type': 'int', 'value': 9}, {'name': 'addr', 'type': 'struct sockaddr*', 'value': ""{'sa_family': 'AF_INET','sin_port': '22','sin_addr': '192.168.21.78'}""}, {'name': 'addrlen', 'type': 'int', 'value': 16}]",1,1
487.188739,7555,7555,7548,1001,4026531840,tsm,ip-10-100-1-217,42,connect,[],3,-114,"[{'name': 'sockfd', 'type': 'int', 'value': 10}, {'name': 'addr', 'type': 'struct sockaddr*', 'value': ""{'sa_family': 'AF_INET','sin_port': '22','sin_addr': '192.168.21.79'}""}, {'name': 'addrlen', 'type': 'int', 'value': 16}]",1,1
487.188761,7555,7555,7548,1001,4026531840,tsm,ip-10-100-1-217,42,connect,[],3,-114,"[{'name': 'sockfd', 'type': 'int', 'value': 11}, {'name': 'addr', 'type': 'struct sockaddr*', 'value': ""{'sin_addr': '192.168.21.80','sa_family': 'AF_INET','sin_port': '22'}""}, {'name': 'addrlen', 'type': 'int', 'value': 16}]",1,1
487.188786,7555,7555,7548,1001,4026531840,tsm,ip-10-100-1-217,42,connect,[],3,-114,"[{'name': 'sockfd', 'type': 'int', 'value': 12}, {'name': 'addr', 'type': 'struct sockaddr*', 'value': ""{'sin_addr': '192.168.21.81','sa_family': 'AF_INET','sin_port': '22'}""}, {'name': 'addrlen', 'type': 'int', 'value': 16}]",1,1
487.188808,7555,7555,7548,1001,4026531840,tsm,ip-10-100-1-217,42,connect,[],3,-114,"[{'name': 'sockfd', 'type': 'int', 'value': 13}, {'name': 'addr', 'type': 'struct sockaddr*', 'value': ""{'sa_family': 'AF_INET','sin_port': '22','sin_addr': '192.168.21.82'}""}, {'name': 'addrlen', 'type': 'int', 'value': 16}]",1,1
487.18883,7555,7555,7548,1001,4026531840,tsm,ip-10-100-1-217,42,connect,[],3,-114,"[{'name': 'sockfd', 'type': 'int', 'value': 14}, {'name': 'addr', 'type': 'struct sockaddr*', 'value': ""{'sa_family': 'AF_INET','sin_port': '22','sin_addr': '192.168.21.83'}""}, {'name': 'addrlen', 'type': 'int', 'value': 16}]",1,1
487.188852,7555,7555,7548,1001,4026531840,tsm,ip-10-100-1-217,42,connect,[],3,-114,"[{'name': 'sockfd', 'type': 'int', 'value': 15}, {'name': 'addr', 'type': 'struct sockaddr*', 'value': ""{'sa_family': 'AF_INET','sin_port': '22','sin_addr': '192.168.21.84'}""}, {'name': 'addrlen', 'type': 'int', 'value': 16}]",1,1
487.188874,7555,7555,7548,1001,4026531840,tsm,ip-10-100-1-217,42,connect,[],3,-114,"[{'name': 'sockfd', 'type': 'int', 'value': 16}, {'name': 'addr', 'type': 'struct sockaddr*', 'value': ""{'sa_family': 'AF_INET','sin_port': '22','sin_addr': '192.168.21.85'}""}, {'name': 'addrlen', 'type': 'int', 'value': 16}]",1,1
487.188896,7555,7555,7548,1001,4026531840,tsm,ip-10-100-1-217,42,connect,[],3,-114,"[{'name': 'sockfd', 'type': 'int', 'value': 17}, {'name': 'addr', 'type': 'struct sockaddr*', 'value': ""{'sa_family': 'AF_INET','sin_port': '22','sin_addr': '192.168.21.86'}""}, {'name': 'addrlen', 'type': 'int', 'value': 16}]",1,1
487.188918,7555,7555,7548,1001,4026531840,tsm,ip-10-100-1-217,42,connect,[],3,-114,"[{'name': 'sockfd', 'type': 'int', 'value': 18}, {'name': 'addr', 'type': 'struct sockaddr*', 'value': ""{'sa_family': 'AF_INET','sin_port': '22','sin_addr': '192.168.21.87'}""}, {'name': 'addrlen', 'type': 'int', 'value': 16}]",1,1
487.188941,7555,7555,7548,1001,4026531840,tsm,ip-10-100-1-217,42,connect,[],3,-114,"[{'name': 'sockfd', 'type': 'int', 'value': 19}, {'name': 'addr', 'type': 'struct sockaddr*', 'value': ""{'sa_family': 'AF_INET','sin_port': '22','sin_addr': '192.168.21.88'}""}, {'name': 'addrlen', 'type': 'int', 'value': 16}]",1,1
487.188962,7555,7555,7548,1001,4026531840,tsm,ip-10-100-1-217,42,connect,[],3,-114,"[{'name': 'sockfd', 'type': 'int', 'value': 20}, {'name': 'addr', 'type': 'struct sockaddr*', 'value': ""{'sin_addr': '192.168.21.89','sa_family': 'AF_INET','sin_port': '22'}""}, {'name': 'addrlen', 'type': 'int', 'value': 16}]",1,1
487.188984,7555,7555,7548,1001,4026531840,tsm,ip-10-100-1-217,42,connect,[],3,-114,"[{'name': 'sockfd', 'type': 'int', 'value': 21}, {'name': 'addr', 'type': 'struct sockaddr*', 'value': ""{'sa_family': 'AF_INET','sin_port': '22','sin_addr': '192.168.21.90'}""}, {'name': 'addrlen', 'type': 'int', 'value': 16}]",1,1
487.189006,7555,7555,7548,1001,4026531840,tsm,ip-10-100-1-217,42,connect,[],3,-114,"[{'name': 'sockfd', 'type': 'int', 'value': 22}, {'name': 'addr', 'type': 'struct sockaddr*', 'value': ""{'sa_family': 'AF_INET','sin_port': '22','sin_addr': '192.168.21.91'}""}, {'name': 'addrlen', 'type': 'int', 'value': 16}]",1,1
487.189028,7555,7555,7548,1001,4026531840,tsm,ip-10-100-1-217,42,connect,[],3,-114,"[{'name': 'sockfd', 'type': 'int', 'value': 23}, {'name': 'addr', 'type': 'struct sockaddr*', 'value': ""{'sa_family': 'AF_INET','sin_port': '22','sin_addr': '192.168.21.92'}""}, {'name': 'addrlen', 'type': 'int', 'value': 16}]",1,1
487.189051,7555,7555,7548,1001,4026531840,tsm,ip-10-100-1-217,42,connect,[],3,-114,"[{'name': 'sockfd', 'type': 'int', 'value': 24}, {'name': 'addr', 'type': 'struct sockaddr*', 'value': ""{'sin_addr': '192.168.21.93','sa_family': 'AF_INET','sin_port': '22'}""}, {'name': 'addrlen', 'type': 'int', 'value': 16}]",1,1
487.189073,7555,7555,7548,1001,4026531840,tsm,ip-10-100-1-217,42,connect,[],3,-114,"[{'name': 'sockfd', 'type': 'int', 'value': 25}, {'name': 'addr', 'type': 'struct sockaddr*', 'value': ""{'sa_family': 'AF_INET','sin_port': '22','sin_addr': '192.168.21.94'}""}, {'name': 'addrlen', 'type': 'int', 'value': 16}]",1,1
487.189095,7555,7555,7548,1001,4026531840,tsm,ip-10-100-1-217,42,connect,[],3,-114,"[{'name': 'sockfd', 'type': 'int', 'value': 26}, {'name': 'addr', 'type': 'struct sockaddr*', 'value': ""{'sa_family': 'AF_INET','sin_port': '22','sin_addr': '192.168.21.95'}""}, {'name': 'addrlen', 'type': 'int', 'value': 16}]",1,1
487.189117,7555,7555,7548,1001,4026531840,tsm,ip-10-100-1-217,42,connect,[],3,-114,"[{'name': 'sockfd', 'type': 'int', 'value': 27}, {'name': 'addr', 'type': 'struct sockaddr*', 'value': ""{'sa_family': 'AF_INET','sin_port': '22','sin_addr': '192.168.21.96'}""}, {'name': 'addrlen', 'type': 'int', 'value': 16}]",1,1
487.189139,7555,7555,7548,1001,4026531840,tsm,ip-10-100-1-217,42,connect,[],3,-114,"[{'name': 'sockfd', 'type': 'int', 'value': 28}, {'name': 'addr', 'type': 'struct sockaddr*', 'value': ""{'sa_family': 'AF_INET','sin_port': '22','sin_addr': '192.168.21.97'}""}, {'name': 'addrlen', 'type': 'int', 'value': 16}]",1,1
487.189161,7555,7555,7548,1001,4026531840,tsm,ip-10-100-1-217,42,connect,[],3,-114,"[{'name': 'sockfd', 'type': 'int', 'value': 29}, {'name': 'addr', 'type': 'struct sockaddr*', 'value': ""{'sa_family': 'AF_INET','sin_port': '22','sin_addr': '192.168.21.98'}""}, {'name': 'addrlen', 'type': 'int', 'value': 16}]",1,1
487.189184,7555,7555,7548,1001,4026531840,tsm,ip-10-100-1-217,42,connect,[],3,-114,"[{'name': 'sockfd', 'type': 'int', 'value': 30}, {'name': 'addr', 'type': 'struct sockaddr*', 'value': ""{'sa_family': 'AF_INET','sin_port': '22','sin_addr': '192.168.21.99'}""}, {'name': 'addrlen', 'type': 'int', 'value': 16}]",1,1
487.189206,7555,7555,7548,1001,4026531840,tsm,ip-10-100-1-217,42,connect,[],3,-114,"[{'name': 'sockfd', 'type': 'int', 'value': 31}, {'name': 'addr', 'type': 'struct sockaddr*', 'value': ""{'sa_family': 'AF_INET','sin_port': '22','sin_addr': '192.168.21.100'}""}, {'name': 'addrlen', 'type': 'int', 'value': 16}]",1,1
487.189228,7555,7555,7548,1001,4026531840,tsm,ip-10-100-1-217,42,connect,[],3,-114,"[{'name': 'sockfd', 'type': 'int', 'value': 32}, {'name': 'addr', 'type': 'struct sockaddr*', 'value': ""{'sa_family': 'AF_INET','sin_port': '22','sin_addr': '192.168.21.101'}""}, {'name': 'addrlen', 'type': 'int', 'value': 16}]",1,1
487.18925,7555,7555,7548,1001,4026531840,tsm,ip-10-100-1-217,42,connect,[],3,-114,"[{'name': 'sockfd', 'type': 'int', 'value': 33}, {'name': 'addr', 'type': 'struct sockaddr*', 'value': ""{'sa_family': 'AF_INET','sin_port': '22','sin_addr': '192.168.21.102'}""}, {'name': 'addrlen', 'type': 'int', 'value': 16}]",1,1
487.189272,7555,7555,7548,1001,4026531840,tsm,ip-10-100-1-217,42,connect,[],3,-114,"[{'name': 'sockfd', 'type': 'int', 'value': 34}, {'name': 'addr', 'type': 'struct sockaddr*', 'value': ""{'sin_addr': '192.168.21.103','sa_family': 'AF_INET','sin_port': '22'}""}, {'name': 'addrlen', 'type': 'int', 'value': 16}]",1,1
487.189294,7555,7555,7548,1001,4026531840,tsm,ip-10-100-1-217,42,connect,[],3,-114,"[{'name': 'sockfd', 'type': 'int', 'value': 35}, {'name': 'addr', 'type': 'struct sockaddr*', 'value': ""{'sa_family': 'AF_INET','sin_port': '22','sin_addr': '192.168.21.104'}""}, {'name': 'addrlen', 'type': 'int', 'value': 16}]",1,1
487.189316,7555,7555,7548,1001,4026531840,tsm,ip-10-100-1-217,42,connect,[],3,-114,"[{'name': 'sockfd', 'type': 'int', 'value': 36}, {'name': 'addr', 'type': 'struct sockaddr*', 'value': ""{'sa_family': 'AF_INET','sin_port': '22','sin_addr': '192.168.21.105'}""}, {'name': 'addrlen', 'type': 'int', 'value': 16}]",1,1
487.189339,7555,7555,7548,1001,4026531840,tsm,ip-10-100-1-217,42,connect,[],3,-114,"[{'name': 'sockfd', 'type': 'int', 'value': 37}, {'name': 'addr', 'type': 'struct sockaddr*', 'value': ""{'sa_family': 'AF_INET','sin_port': '22','sin_addr': '192.168.21.106'}""}, {'name': 'addrlen', 'type': 'int', 'value': 16}]",1,1
487.189361,7555,7555,7548,1001,4026531840,tsm,ip-10-100-1-217,42,connect,[],3,-114,"[{'name': 'sockfd', 'type': 'int', 'value': 38}, {'name': 'addr', 'type': 'struct sockaddr*', 'value': ""{'sa_family': 'AF_INET','sin_port': '22','sin_addr': '192.168.21.107'}""}, {'name': 'addrlen', 'type': 'int', 'value': 16}]",1,1
487.189383,7555,7555,7548,1001,4026531840,tsm,ip-10-100-1-217,42,connect,[],3,-114,"[{'name': 'sockfd', 'type': 'int', 'value': 39}, {'name': 'addr', 'type': 'struct sockaddr*', 'value': ""{'sa_family': 'AF_INET','sin_port': '22','sin_addr': '192.168.21.108'}""}, {'name': 'addrlen', 'type': 'int', 'value': 16}]",1,1
487.189405,7555,7555,7548,1001,4026531840,tsm,ip-10-100-1-217,42,connect,[],3,-114,"[{'name': 'sockfd', 'type': 'int', 'value': 40}, {'name': 'addr', 'type': 'struct sockaddr*', 'value': ""{'sin_port': '22','sin_addr': '192.168.21.109','sa_family': 'AF_INET'}""}, {'name': 'addrlen', 'type': 'int', 'value': 16}]",1,1
487.189427,7555,7555,7548,1001,4026531840,tsm,ip-10-100-1-217,42,connect,[],3,-114,"[{'name': 'sockfd', 'type': 'int', 'value': 41}, {'name': 'addr', 'type': 'struct sockaddr*', 'value': ""{'sa_family': 'AF_INET','sin_port': '22','sin_addr': '192.168.21.110'}""}, {'name': 'addrlen', 'type': 'int', 'value': 16}]",1,1
487.189449,7555,7555,7548,1001,4026531840,tsm,ip-10-100-1-217,42,connect,[],3,-114,"[{'name': 'sockfd', 'type': 'int', 'value': 42}, {'name': 'addr', 'type': 'struct sockaddr*', 'value': ""{'sa_family': 'AF_INET','sin_port': '22','sin_addr': '192.168.21.111'}""}, {'name': 'addrlen', 'type': 'int', 'value': 16}]",1,1
487.189471,7555,7555,7548,1001,4026531840,tsm,ip-10-100-1-217,42,connect,[],3,-114,"[{'name': 'sockfd', 'type': 'int', 'value': 43}, {'name': 'addr', 'type': 'struct sockaddr*', 'value': ""{'sa_family': 'AF_INET','sin_port': '22','sin_addr': '192.168.21.112'}""}, {'name': 'addrlen', 'type': 'int', 'value': 16}]",1,1
487.189493,7555,7555,7548,1001,4026531840,tsm,ip-10-100-1-217,42,connect,[],3,-114,"[{'name': 'sockfd', 'type': 'int', 'value': 44}, {'name': 'addr', 'type': 'struct sockaddr*', 'value': ""{'sa_family': 'AF_INET','sin_port': '22','sin_addr': '192.168.21.113'}""}, {'name': 'addrlen', 'type': 'int', 'value': 16}]",1,1
487.189515,7555,7555,7548,1001,4026531840,tsm,ip-10-100-1-217,42,connect,[],3,-114,"[{'name': 'sockfd', 'type': 'int', 'value': 45}, {'name': 'addr', 'type': 'struct sockaddr*', 'value': ""{'sa_family': 'AF_INET','sin_port': '22','sin_addr': '192.168.21.114'}""}, {'name': 'addrlen', 'type': 'int', 'value': 16}]",1,1
487.189537,7555,7555,7548,1001,4026531840,tsm,ip-10-100-1-217,42,connect,[],3,-114,"[{'name': 'sockfd', 'type': 'int', 'value': 46}, {'name': 'addr', 'type': 'struct sockaddr*', 'value': ""{'sa_family': 'AF_INET','sin_port': '22','sin_addr': '192.168.21.115'}""}, {'name': 'addrlen', 'type': 'int', 'value': 16}]",1,1
487.189559,7555,7555,7548,1001,4026531840,tsm,ip-10-100-1-217,42,connect,[],3,-114,"[{'name': 'sockfd', 'type': 'int', 'value': 47}, {'name': 'addr', 'type': 'struct sockaddr*', 'value': ""{'sa_family': 'AF_INET','sin_port': '22','sin_addr': '192.168.21.116'}""}, {'name': 'addrlen', 'type': 'int', 'value': 16}]",1,1
487.189581,7555,7555,7548,1001,4026531840,tsm,ip-10-100-1-217,42,connect,[],3,-114,"[{'name': 'sockfd', 'type': 'int', 'value': 48}, {'name': 'addr', 'type': 'struct sockaddr*', 'value': ""{'sa_family': 'AF_INET','sin_port': '22','sin_addr': '192.168.21.117'}""}, {'name': 'addrlen', 'type': 'int', 'value': 16}]",1,1
487.189603,7555,7555,7548,1001,4026531840,tsm,ip-10-100-1-217,42,connect,[],3,-114,"[{'name': 'sockfd', 'type': 'int', 'value': 49}, {'name': 'addr', 'type': 'struct sockaddr*', 'value': ""{'sa_family': 'AF_INET','sin_port': '22','sin_addr': '192.168.21.118'}""}, {'name': 'addrlen', 'type': 'int', 'value': 16}]",1,1
487.189625,7555,7555,7548,1001,4026531840,tsm,ip-10-100-1-217,42,connect,[],3,-114,"[{'name': 'sockfd', 'type': 'int', 'value': 50}, {'name': 'addr', 'type': 'struct sockaddr*', 'value': ""{'sa_family': 'AF_INET','sin_port': '22','sin_addr': '192.168.21.119'}""}, {'name': 'addrlen', 'type': 'int', 'value': 16}]",1,1
487.189648,7555,7555,7548,1001,4026531840,tsm,ip-10-100-1-217,42,connect,[],3,-114,"[{'name': 'sockfd', 'type': 'int', 'value': 51}, {'name': 'addr', 'type': 'struct sockaddr*', 'value': ""{'sa_family': 'AF_INET','sin_port': '22','sin_addr': '192.168.21.120'}""}, {'name': 'addrlen', 'type': 'int', 'value': 16}]",1,1
487.18967,7555,7555,7548,1001,4026531840,tsm,ip-10-100-1-217,42,connect,[],3,-114,"[{'name': 'sockfd', 'type': 'int', 'value': 52}, {'name': 'addr', 'type': 'struct sockaddr*', 'value': ""{'sin_port': '22','sin_addr': '192.168.21.121','sa_family': 'AF_INET'}""}, {'name': 'addrlen', 'type': 'int', 'value': 16}]",1,1
487.189692,7555,7555,7548,1001,4026531840,tsm,ip-10-100-1-217,42,connect,[],3,-114,"[{'name': 'sockfd', 'type': 'int', 'value': 53}, {'name': 'addr', 'type': 'struct sockaddr*', 'value': ""{'sa_family': 'AF_INET','sin_port': '22','sin_addr': '192.168.21.122'}""}, {'name': 'addrlen', 'type': 'int', 'value': 16}]",1,1
487.189713,7555,7555,7548,1001,4026531840,tsm,ip-10-100-1-217,42,connect,[],3,-114,"[{'name': 'sockfd', 'type': 'int', 'value': 54}, {'name': 'addr', 'type': 'struct sockaddr*', 'value': ""{'sin_addr': '192.168.21.123','sa_family': 'AF_INET','sin_port': '22'}""}, {'name': 'addrlen', 'type': 'int', 'value': 16}]",1,1
487.189735,7555,7555,7548,1001,4026531840,tsm,ip-10-100-1-217,42,connect,[],3,-114,"[{'name': 'sockfd', 'type': 'int', 'value': 55}, {'name': 'addr', 'type': 'struct sockaddr*', 'value': ""{'sa_family': 'AF_INET','sin_port': '22','sin_addr': '192.168.21.124'}""}, {'name': 'addrlen', 'type': 'int', 'value': 16}]",1,1
487.189758,7555,7555,7548,1001,4026531840,tsm,ip-10-100-1-217,42,connect,[],3,-114,"[{'name': 'sockfd', 'type': 'int', 'value': 56}, {'name': 'addr', 'type': 'struct sockaddr*', 'value': ""{'sin_port': '22','sin_addr': '192.168.21.125','sa_family': 'AF_INET'}""}, {'name': 'addrlen', 'type': 'int', 'value': 16}]",1,1
487.18978,7555,7555,7548,1001,4026531840,tsm,ip-10-100-1-217,42,connect,[],3,-114,"[{'name': 'sockfd', 'type': 'int', 'value': 57}, {'name': 'addr', 'type': 'struct sockaddr*', 'value': ""{'sa_family': 'AF_INET','sin_port': '22','sin_addr': '192.168.21.126'}""}, {'name': 'addrlen', 'type': 'int', 'value': 16}]",1,1
487.189801,7555,7555,7548,1001,4026531840,tsm,ip-10-100-1-217,42,connect,[],3,-114,"[{'name': 'sockfd', 'type': 'int', 'value': 58}, {'name': 'addr', 'type': 'struct sockaddr*', 'value': ""{'sa_family': 'AF_INET','sin_port': '22','sin_addr': '192.168.21.127'}""}, {'name': 'addrlen', 'type': 'int', 'value': 16}]",1,1
487.189824,7555,7555,7548,1001,4026531840,tsm,ip-10-100-1-217,42,connect,[],3,-114,"[{'name': 'sockfd', 'type': 'int', 'value': 59}, {'name': 'addr', 'type': 'struct sockaddr*', 'value': ""{'sa_family': 'AF_INET','sin_port': '22','sin_addr': '192.168.21.128'}""}, {'name': 'addrlen', 'type': 'int', 'value': 16}]",1,1
487.189846,7555,7555,7548,1001,4026531840,tsm,ip-10-100-1-217,42,connect,[],3,-114,"[{'name': 'sockfd', 'type': 'int', 'value': 60}, {'name': 'addr', 'type': 'struct sockaddr*', 'value': ""{'sa_family': 'AF_INET','sin_port': '22','sin_addr': '192.168.21.129'}""}, {'name': 'addrlen', 'type': 'int', 'value': 16}]",1,1
487.189868,7555,7555,7548,1001,4026531840,tsm,ip-10-100-1-217,42,connect,[],3,-114,"[{'name': 'sockfd', 'type': 'int', 'value': 61}, {'name': 'addr', 'type': 'struct sockaddr*', 'value': ""{'sin_addr': '192.168.21.130','sa_family': 'AF_INET','sin_port': '22'}""}, {'name': 'addrlen', 'type': 'int', 'value': 16}]",1,1
487.18989,7555,7555,7548,1001,4026531840,tsm,ip-10-100-1-217,42,connect,[],3,-114,"[{'name': 'sockfd', 'type': 'int', 'value': 62}, {'name': 'addr', 'type': 'struct sockaddr*', 'value': ""{'sa_family': 'AF_INET','sin_port': '22','sin_addr': '192.168.21.131'}""}, {'name': 'addrlen', 'type': 'int', 'value': 16}]",1,1
487.189912,7555,7555,7548,1001,4026531840,tsm,ip-10-100-1-217,42,connect,[],3,-114,"[{'name': 'sockfd', 'type': 'int', 'value': 63}, {'name': 'addr', 'type': 'struct sockaddr*', 'value': ""{'sa_family': 'AF_INET','sin_port': '22','sin_addr': '192.168.21.132'}""}, {'name': 'addrlen', 'type': 'int', 'value': 16}]",1,1
487.189934,7555,7555,7548,1001,4026531840,tsm,ip-10-100-1-217,42,connect,[],3,-114,"[{'name': 'sockfd', 'type': 'int', 'value': 64}, {'name': 'addr', 'type': 'struct sockaddr*', 'value': ""{'sa_family': 'AF_INET','sin_port': '22','sin_addr': '192.168.21.133'}""}, {'name': 'addrlen', 'type': 'int', 'value': 16}]",1,1
487.189956,7555,7555,7548,1001,4026531840,tsm,ip-10-100-1-217,42,connect,[],3,-114,"[{'name': 'sockfd', 'type': 'int', 'value': 65}, {'name': 'addr', 'type': 'struct sockaddr*', 'value': ""{'sin_port': '22','sin_addr': '192.168.21.134','sa_family': 'AF_INET'}""}, {'name': 'addrlen', 'type': 'int', 'value': 16}]",1,1
487.189978,7555,7555,7548,1001,4026531840,tsm,ip-10-100-1-217,42,connect,[],3,-114,"[{'name': 'sockfd', 'type': 'int', 'value': 66}, {'name': 'addr', 'type': 'struct sockaddr*', 'value': ""{'sa_family': 'AF_INET','sin_port': '22','sin_addr': '192.168.21.135'}""}, {'name': 'addrlen', 'type': 'int', 'value': 16}]",1,1
487.19,7555,7555,7548,1001,4026531840,tsm,ip-10-100-1-217,42,connect,[],3,-114,"[{'name': 'sockfd', 'type': 'int', 'value': 67}, {'name': 'addr', 'type': 'struct sockaddr*', 'value': ""{'sa_family': 'AF_INET','sin_port': '22','sin_addr': '192.168.21.136'}""}, {'name': 'addrlen', 'type': 'int', 'value': 16}]",1,1
487.190022,7555,7555,7548,1001,4026531840,tsm,ip-10-100-1-217,42,connect,[],3,-114,"[{'name': 'sockfd', 'type': 'int', 'value': 68}, {'name': 'addr', 'type': 'struct sockaddr*', 'value': ""{'sa_family': 'AF_INET','sin_port': '22','sin_addr': '192.168.21.137'}""}, {'name': 'addrlen', 'type': 'int', 'value': 16}]",1,1
487.190044,7555,7555,7548,1001,4026531840,tsm,ip-10-100-1-217,42,connect,[],3,-114,"[{'name': 'sockfd', 'type': 'int', 'value': 69}, {'name': 'addr', 'type': 'struct sockaddr*', 'value': ""{'sa_family': 'AF_INET','sin_port': '22','sin_addr': '192.168.21.138'}""}, {'name': 'addrlen', 'type': 'int', 'value': 16}]",1,1
487.190066,7555,7555,7548,1001,4026531840,tsm,ip-10-100-1-217,42,connect,[],3,-114,"[{'name': 'sockfd', 'type': 'int', 'value': 70}, {'name': 'addr', 'type': 'struct sockaddr*', 'value': ""{'sa_family': 'AF_INET','sin_port': '22','sin_addr': '192.168.21.139'}""}, {'name': 'addrlen', 'type': 'int', 'value': 16}]",1,1
487.190088,7555,7555,7548,1001,4026531840,tsm,ip-10-100-1-217,42,connect,[],3,-114,"[{'name': 'sockfd', 'type': 'int', 'value': 71}, {'name': 'addr', 'type': 'struct sockaddr*', 'value': ""{'sa_family': 'AF_INET','sin_port': '22','sin_addr': '192.168.21.140'}""}, {'name': 'addrlen', 'type': 'int', 'value': 16}]",1,1
487.19011,7555,7555,7548,1001,4026531840,tsm,ip-10-100-1-217,42,connect,[],3,-114,"[{'name': 'sockfd', 'type': 'int', 'value': 72}, {'name': 'addr', 'type': 'struct sockaddr*', 'value': ""{'sa_family': 'AF_INET','sin_port': '22','sin_addr': '192.168.21.141'}""}, {'name': 'addrlen', 'type': 'int', 'value': 16}]",1,1
487.190132,7555,7555,7548,1001,4026531840,tsm,ip-10-100-1-217,42,connect,[],3,-114,"[{'name': 'sockfd', 'type': 'int', 'value': 73}, {'name': 'addr', 'type': 'struct sockaddr*', 'value': ""{'sa_family': 'AF_INET','sin_port': '22','sin_addr': '192.168.21.142'}""}, {'name': 'addrlen', 'type': 'int', 'value': 16}]",1,1
487.190154,7555,7555,7548,1001,4026531840,tsm,ip-10-100-1-217,42,connect,[],3,-114,"[{'name': 'sockfd', 'type': 'int', 'value': 74}, {'name': 'addr', 'type': 'struct sockaddr*', 'value': ""{'sa_family': 'AF_INET','sin_port': '22','sin_addr': '192.168.21.143'}""}, {'name': 'addrlen', 'type': 'int', 'value': 16}]",1,1
487.190178,7555,7555,7548,1001,4026531840,tsm,ip-10-100-1-217,42,connect,[],3,-114,"[{'name': 'sockfd', 'type': 'int', 'value': 75}, {'name': 'addr', 'type': 'struct sockaddr*', 'value': ""{'sa_family': 'AF_INET','sin_port': '22','sin_addr': '192.168.21.144'}""}, {'name': 'addrlen', 'type': 'int', 'value': 16}]",1,1
487.190201,7555,7555,7548,1001,4026531840,tsm,ip-10-100-1-217,42,connect,[],3,-114,"[{'name': 'sockfd', 'type': 'int', 'value': 76}, {'name': 'addr', 'type': 'struct sockaddr*', 'value': ""{'sa_family': 'AF_INET','sin_port': '22','sin_addr': '192.168.21.145'}""}, {'name': 'addrlen', 'type': 'int', 'value': 16}]",1,1
487.190223,7555,7555,7548,1001,4026531840,tsm,ip-10-100-1-217,42,connect,[],3,-114,"[{'name': 'sockfd', 'type': 'int', 'value': 77}, {'name': 'addr', 'type': 'struct sockaddr*', 'value': ""{'sin_addr': '192.168.21.146','sa_family': 'AF_INET','sin_port': '22'}""}, {'name': 'addrlen', 'type': 'int', 'value': 16}]",1,1
487.190245,7555,7555,7548,1001,4026531840,tsm,ip-10-100-1-217,42,connect,[],3,-114,"[{'name': 'sockfd', 'type': 'int', 'value': 78}, {'name': 'addr', 'type': 'struct sockaddr*', 'value': ""{'sin_port': '22','sin_addr': '192.168.21.147','sa_family': 'AF_INET'}""}, {'name': 'addrlen', 'type': 'int', 'value': 16}]",1,1
487.190267,7555,7555,7548,1001,4026531840,tsm,ip-10-100-1-217,42,connect,[],3,-114,"[{'name': 'sockfd', 'type': 'int', 'value': 79}, {'name': 'addr', 'type': 'struct sockaddr*', 'value': ""{'sa_family': 'AF_INET','sin_port': '22','sin_addr': '192.168.21.148'}""}, {'name': 'addrlen', 'type': 'int', 'value': 16}]",1,1
487.192861,7555,7555,7548,1001,4026531840,tsm,ip-10-100-1-217,42,connect,[],3,-114,"[{'name': 'sockfd', 'type': 'int', 'value': 80}, {'name': 'addr', 'type': 'struct sockaddr*', 'value': ""{'sin_port': '22','sin_addr': '192.168.21.149','sa_family': 'AF_INET'}""}, {'name': 'addrlen', 'type': 'int', 'value': 16}]",1,1
487.192893,7555,7555,7548,1001,4026531840,tsm,ip-10-100-1-217,42,connect,[],3,-114,"[{'name': 'sockfd', 'type': 'int', 'value': 81}, {'name': 'addr', 'type': 'struct sockaddr*', 'value': ""{'sa_family': 'AF_INET','sin_port': '22','sin_addr': '192.168.21.150'}""}, {'name': 'addrlen', 'type': 'int', 'value': 16}]",1,1
487.192916,7555,7555,7548,1001,4026531840,tsm,ip-10-100-1-217,42,connect,[],3,-114,"[{'name': 'sockfd', 'type': 'int', 'value': 82}, {'name': 'addr', 'type': 'struct sockaddr*', 'value': ""{'sa_family': 'AF_INET','sin_port': '22','sin_addr': '192.168.21.151'}""}, {'name': 'addrlen', 'type': 'int', 'value': 16}]",1,1
487.192961,7555,7555,7548,1001,4026531840,tsm,ip-10-100-1-217,42,connect,[],3,-114,"[{'name': 'sockfd', 'type': 'int', 'value': 83}, {'name': 'addr', 'type': 'struct sockaddr*', 'value': ""{'sa_family': 'AF_INET','sin_port': '22','sin_addr': '192.168.21.152'}""}, {'name': 'addrlen', 'type': 'int', 'value': 16}]",1,1
487.192988,7555,7555,7548,1001,4026531840,tsm,ip-10-100-1-217,42,connect,[],3,-114,"[{'name': 'sockfd', 'type': 'int', 'value': 84}, {'name': 'addr', 'type': 'struct sockaddr*', 'value': ""{'sa_family': 'AF_INET','sin_port': '22','sin_addr': '192.168.21.153'}""}, {'name': 'addrlen', 'type': 'int', 'value': 16}]",1,1
487.193026,7555,7555,7548,1001,4026531840,tsm,ip-10-100-1-217,42,connect,[],3,-114,"[{'name': 'sockfd', 'type': 'int', 'value': 85}, {'name': 'addr', 'type': 'struct sockaddr*', 'value': ""{'sa_family': 'AF_INET','sin_port': '22','sin_addr': '192.168.21.154'}""}, {'name': 'addrlen', 'type': 'int', 'value': 16}]",1,1
487.193047,7555,7555,7548,1001,4026531840,tsm,ip-10-100-1-217,42,connect,[],3,-114,"[{'name': 'sockfd', 'type': 'int', 'value': 86}, {'name': 'addr', 'type': 'struct sockaddr*', 'value': ""{'sa_family': 'AF_INET','sin_port': '22','sin_addr': '192.168.21.155'}""}, {'name': 'addrlen', 'type': 'int', 'value': 16}]",1,1
487.193069,7555,7555,7548,1001,4026531840,tsm,ip-10-100-1-217,42,connect,[],3,-114,"[{'name': 'sockfd', 'type': 'int', 'value': 87}, {'name': 'addr', 'type': 'struct sockaddr*', 'value': ""{'sa_family': 'AF_INET','sin_port': '22','sin_addr': '192.168.21.156'}""}, {'name': 'addrlen', 'type': 'int', 'value': 16}]",1,1
487.19309,7555,7555,7548,1001,4026531840,tsm,ip-10-100-1-217,42,connect,[],3,-114,"[{'name': 'sockfd', 'type': 'int', 'value': 88}, {'name': 'addr', 'type': 'struct sockaddr*', 'value': ""{'sa_family': 'AF_INET','sin_port': '22','sin_addr': '192.168.21.157'}""}, {'name': 'addrlen', 'type': 'int', 'value': 16}]",1,1
487.193112,7555,7555,7548,1001,4026531840,tsm,ip-10-100-1-217,42,connect,[],3,-114,"[{'name': 'sockfd', 'type': 'int', 'value': 89}, {'name': 'addr', 'type': 'struct sockaddr*', 'value': ""{'sa_family': 'AF_INET','sin_port': '22','sin_addr': '192.168.21.158'}""}, {'name': 'addrlen', 'type': 'int', 'value': 16}]",1,1
487.193133,7555,7555,7548,1001,4026531840,tsm,ip-10-100-1-217,42,connect,[],3,-114,"[{'name': 'sockfd', 'type': 'int', 'value': 90}, {'name': 'addr', 'type': 'struct sockaddr*', 'value': ""{'sa_family': 'AF_INET','sin_port': '22','sin_addr': '192.168.21.159'}""}, {'name': 'addrlen', 'type': 'int', 'value': 16}]",1,1
487.193154,7555,7555,7548,1001,4026531840,tsm,ip-10-100-1-217,42,connect,[],3,-114,"[{'name': 'sockfd', 'type': 'int', 'value': 91}, {'name': 'addr', 'type': 'struct sockaddr*', 'value': ""{'sin_port': '22','sin_addr': '192.168.21.160','sa_family': 'AF_INET'}""}, {'name': 'addrlen', 'type': 'int', 'value': 16}]",1,1
487.193176,7555,7555,7548,1001,4026531840,tsm,ip-10-100-1-217,42,connect,[],3,-114,"[{'name': 'sockfd', 'type': 'int', 'value': 92}, {'name': 'addr', 'type': 'struct sockaddr*', 'value': ""{'sa_family': 'AF_INET','sin_port': '22','sin_addr': '192.168.21.161'}""}, {'name': 'addrlen', 'type': 'int', 'value': 16}]",1,1
487.193206,7555,7555,7548,1001,4026531840,tsm,ip-10-100-1-217,42,connect,[],3,-114,"[{'name': 'sockfd', 'type': 'int', 'value': 93}, {'name': 'addr', 'type': 'struct sockaddr*', 'value': ""{'sa_family': 'AF_INET','sin_port': '22','sin_addr': '192.168.21.162'}""}, {'name': 'addrlen', 'type': 'int', 'value': 16}]",1,1
487.19323,7555,7555,7548,1001,4026531840,tsm,ip-10-100-1-217,42,connect,[],3,-114,"[{'name': 'sockfd', 'type': 'int', 'value': 94}, {'name': 'addr', 'type': 'struct sockaddr*', 'value': ""{'sa_family': 'AF_INET','sin_port': '22','sin_addr': '192.168.21.163'}""}, {'name': 'addrlen', 'type': 'int', 'value': 16}]",1,1
487.193251,7555,7555,7548,1001,4026531840,tsm,ip-10-100-1-217,42,connect,[],3,-114,"[{'name': 'sockfd', 'type': 'int', 'value': 95}, {'name': 'addr', 'type': 'struct sockaddr*', 'value': ""{'sa_family': 'AF_INET','sin_port': '22','sin_addr': '192.168.21.164'}""}, {'name': 'addrlen', 'type': 'int', 'value': 16}]",1,1
487.193273,7555,7555,7548,1001,4026531840,tsm,ip-10-100-1-217,42,connect,[],3,-114,"[{'name': 'sockfd', 'type': 'int', 'value': 96}, {'name': 'addr', 'type': 'struct sockaddr*', 'value': ""{'sa_family': 'AF_INET','sin_port': '22','sin_addr': '192.168.21.165'}""}, {'name': 'addrlen', 'type': 'int', 'value': 16}]",1,1
487.193294,7555,7555,7548,1001,4026531840,tsm,ip-10-100-1-217,42,connect,[],3,-114,"[{'name': 'sockfd', 'type': 'int', 'value': 97}, {'name': 'addr', 'type': 'struct sockaddr*', 'value': ""{'sa_family': 'AF_INET','sin_port': '22','sin_addr': '192.168.21.166'}""}, {'name': 'addrlen', 'type': 'int', 'value': 16}]",1,1
487.193315,7555,7555,7548,1001,4026531840,tsm,ip-10-100-1-217,42,connect,[],3,-114,"[{'name': 'sockfd', 'type': 'int', 'value': 98}, {'name': 'addr', 'type': 'struct sockaddr*', 'value': ""{'sa_family': 'AF_INET','sin_port': '22','sin_addr': '192.168.21.167'}""}, {'name': 'addrlen', 'type': 'int', 'value': 16}]",1,1
487.193336,7555,7555,7548,1001,4026531840,tsm,ip-10-100-1-217,42,connect,[],3,-114,"[{'name': 'sockfd', 'type': 'int', 'value': 99}, {'name': 'addr', 'type': 'struct sockaddr*', 'value': ""{'sa_family': 'AF_INET','sin_port': '22','sin_addr': '192.168.21.168'}""}, {'name': 'addrlen', 'type': 'int', 'value': 16}]",1,1
487.193357,7555,7555,7548,1001,4026531840,tsm,ip-10-100-1-217,42,connect,[],3,-114,"[{'name': 'sockfd', 'type': 'int', 'value': 100}, {'name': 'addr', 'type': 'struct sockaddr*', 'value': ""{'sa_family': 'AF_INET','sin_port': '22','sin_addr': '192.168.21.169'}""}, {'name': 'addrlen', 'type': 'int', 'value': 16}]",1,1
487.193378,7555,7555,7548,1001,4026531840,tsm,ip-10-100-1-217,42,connect,[],3,-114,"[{'name': 'sockfd', 'type': 'int', 'value': 101}, {'name': 'addr', 'type': 'struct sockaddr*', 'value': ""{'sin_addr': '192.168.21.170','sa_family': 'AF_INET','sin_port': '22'}""}, {'name': 'addrlen', 'type': 'int', 'value': 16}]",1,1
487.1934,7555,7555,7548,1001,4026531840,tsm,ip-10-100-1-217,42,connect,[],3,-114,"[{'name': 'sockfd', 'type': 'int', 'value': 102}, {'name': 'addr', 'type': 'struct sockaddr*', 'value': ""{'sa_family': 'AF_INET','sin_port': '22','sin_addr': '192.168.21.171'}""}, {'name': 'addrlen', 'type': 'int', 'value': 16}]",1,1
487.193421,7555,7555,7548,1001,4026531840,tsm,ip-10-100-1-217,42,connect,[],3,-114,"[{'name': 'sockfd', 'type': 'int', 'value': 103}, {'name': 'addr', 'type': 'struct sockaddr*', 'value': ""{'sin_port': '22','sin_addr': '192.168.21.172','sa_family': 'AF_INET'}""}, {'name': 'addrlen', 'type': 'int', 'value': 16}]",1,1
487.193442,7555,7555,7548,1001,4026531840,tsm,ip-10-100-1-217,42,connect,[],3,-114,"[{'name': 'sockfd', 'type': 'int', 'value': 104}, {'name': 'addr', 'type': 'struct sockaddr*', 'value': ""{'sa_family': 'AF_INET','sin_port': '22','sin_addr': '192.168.21.173'}""}, {'name': 'addrlen', 'type': 'int', 'value': 16}]",1,1
487.193463,7555,7555,7548,1001,4026531840,tsm,ip-10-100-1-217,42,connect,[],3,-114,"[{'name': 'sockfd', 'type': 'int', 'value': 105}, {'name': 'addr', 'type': 'struct sockaddr*', 'value': ""{'sa_family': 'AF_INET','sin_port': '22','sin_addr': '192.168.21.174'}""}, {'name': 'addrlen', 'type': 'int', 'value': 16}]",1,1
487.193484,7555,7555,7548,1001,4026531840,tsm,ip-10-100-1-217,42,connect,[],3,-114,"[{'name': 'sockfd', 'type': 'int', 'value': 106}, {'name': 'addr', 'type': 'struct sockaddr*', 'value': ""{'sa_family': 'AF_INET','sin_port': '22','sin_addr': '192.168.21.175'}""}, {'name': 'addrlen', 'type': 'int', 'value': 16}]",1,1
487.193505,7555,7555,7548,1001,4026531840,tsm,ip-10-100-1-217,42,connect,[],3,-114,"[{'name': 'sockfd', 'type': 'int', 'value': 107}, {'name': 'addr', 'type': 'struct sockaddr*', 'value': ""{'sa_family': 'AF_INET','sin_port': '22','sin_addr': '192.168.21.176'}""}, {'name': 'addrlen', 'type': 'int', 'value': 16}]",1,1
487.193527,7555,7555,7548,1001,4026531840,tsm,ip-10-100-1-217,42,connect,[],3,-114,"[{'name': 'sockfd', 'type': 'int', 'value': 108}, {'name': 'addr', 'type': 'struct sockaddr*', 'value': ""{'sa_family': 'AF_INET','sin_port': '22','sin_addr': '192.168.21.177'}""}, {'name': 'addrlen', 'type': 'int', 'value': 16}]",1,1
487.193548,7555,7555,7548,1001,4026531840,tsm,ip-10-100-1-217,42,connect,[],3,-114,"[{'name': 'sockfd', 'type': 'int', 'value': 109}, {'name': 'addr', 'type': 'struct sockaddr*', 'value': ""{'sa_family': 'AF_INET','sin_port': '22','sin_addr': '192.168.21.178'}""}, {'name': 'addrlen', 'type': 'int', 'value': 16}]",1,1
487.193569,7555,7555,7548,1001,4026531840,tsm,ip-10-100-1-217,42,connect,[],3,-114,"[{'name': 'sockfd', 'type': 'int', 'value': 110}, {'name': 'addr', 'type': 'struct sockaddr*', 'value': ""{'sa_family': 'AF_INET','sin_port': '22','sin_addr': '192.168.21.179'}""}, {'name': 'addrlen', 'type': 'int', 'value': 16}]",1,1
487.19359,7555,7555,7548,1001,4026531840,tsm,ip-10-100-1-217,42,connect,[],3,-114,"[{'name': 'sockfd', 'type': 'int', 'value': 111}, {'name': 'addr', 'type': 'struct sockaddr*', 'value': ""{'sa_family': 'AF_INET','sin_port': '22','sin_addr': '192.168.21.180'}""}, {'name': 'addrlen', 'type': 'int', 'value': 16}]",1,1
487.193611,7555,7555,7548,1001,4026531840,tsm,ip-10-100-1-217,42,connect,[],3,-114,"[{'name': 'sockfd', 'type': 'int', 'value': 112}, {'name': 'addr', 'type': 'struct sockaddr*', 'value': ""{'sa_family': 'AF_INET','sin_port': '22','sin_addr': '192.168.21.181'}""}, {'name': 'addrlen', 'type': 'int', 'value': 16}]",1,1
487.193633,7555,7555,7548,1001,4026531840,tsm,ip-10-100-1-217,42,connect,[],3,-114,"[{'name': 'sockfd', 'type': 'int', 'value': 113}, {'name': 'addr', 'type': 'struct sockaddr*', 'value': ""{'sa_family': 'AF_INET','sin_port': '22','sin_addr': '192.168.21.182'}""}, {'name': 'addrlen', 'type': 'int', 'value': 16}]",1,1
487.193654,7555,7555,7548,1001,4026531840,tsm,ip-10-100-1-217,42,connect,[],3,-114,"[{'name': 'sockfd', 'type': 'int', 'value': 114}, {'name': 'addr', 'type': 'struct sockaddr*', 'value': ""{'sin_addr': '192.168.21.183','sa_family': 'AF_INET','sin_port': '22'}""}, {'name': 'addrlen', 'type': 'int', 'value': 16}]",1,1
487.193675,7555,7555,7548,1001,4026531840,tsm,ip-10-100-1-217,42,connect,[],3,-114,"[{'name': 'sockfd', 'type': 'int', 'value': 115}, {'name': 'addr', 'type': 'struct sockaddr*', 'value': ""{'sa_family': 'AF_INET','sin_port': '22','sin_addr': '192.168.21.184'}""}, {'name': 'addrlen', 'type': 'int', 'value': 16}]",1,1
487.193696,7555,7555,7548,1001,4026531840,tsm,ip-10-100-1-217,42,connect,[],3,-114,"[{'name': 'sockfd', 'type': 'int', 'value': 116}, {'name': 'addr', 'type': 'struct sockaddr*', 'value': ""{'sa_family': 'AF_INET','sin_port': '22','sin_addr': '192.168.21.185'}""}, {'name': 'addrlen', 'type': 'int', 'value': 16}]",1,1
487.19373,7555,7555,7548,1001,4026531840,tsm,ip-10-100-1-217,42,connect,[],3,-114,"[{'name': 'sockfd', 'type': 'int', 'value': 117}, {'name': 'addr', 'type': 'struct sockaddr*', 'value': ""{'sa_family': 'AF_INET','sin_port': '22','sin_addr': '192.168.21.186'}""}, {'name': 'addrlen', 'type': 'int', 'value': 16}]",1,1
487.193752,7555,7555,7548,1001,4026531840,tsm,ip-10-100-1-217,42,connect,[],3,-114,"[{'name': 'sockfd', 'type': 'int', 'value': 118}, {'name': 'addr', 'type': 'struct sockaddr*', 'value': ""{'sa_family': 'AF_INET','sin_port': '22','sin_addr': '192.168.21.187'}""}, {'name': 'addrlen', 'type': 'int', 'value': 16}]",1,1
487.193774,7555,7555,7548,1001,4026531840,tsm,ip-10-100-1-217,42,connect,[],3,-114,"[{'name': 'sockfd', 'type': 'int', 'value': 119}, {'name': 'addr', 'type': 'struct sockaddr*', 'value': ""{'sa_family': 'AF_INET','sin_port': '22','sin_addr': '192.168.21.188'}""}, {'name': 'addrlen', 'type': 'int', 'value': 16}]",1,1
487.193796,7555,7555,7548,1001,4026531840,tsm,ip-10-100-1-217,42,connect,[],3,-114,"[{'name': 'sockfd', 'type': 'int', 'value': 120}, {'name': 'addr', 'type': 'struct sockaddr*', 'value': ""{'sa_family': 'AF_INET','sin_port': '22','sin_addr': '192.168.21.189'}""}, {'name': 'addrlen', 'type': 'int', 'value': 16}]",1,1
487.193817,7555,7555,7548,1001,4026531840,tsm,ip-10-100-1-217,42,connect,[],3,-114,"[{'name': 'sockfd', 'type': 'int', 'value': 121}, {'name': 'addr', 'type': 'struct sockaddr*', 'value': ""{'sin_addr': '192.168.21.190','sa_family': 'AF_INET','sin_port': '22'}""}, {'name': 'addrlen', 'type': 'int', 'value': 16}]",1,1
487.193839,7555,7555,7548,1001,4026531840,tsm,ip-10-100-1-217,42,connect,[],3,-114,"[{'name': 'sockfd', 'type': 'int', 'value': 122}, {'name': 'addr', 'type': 'struct sockaddr*', 'value': ""{'sin_port': '22','sin_addr': '192.168.21.191','sa_family': 'AF_INET'}""}, {'name': 'addrlen', 'type': 'int', 'value': 16}]",1,1
487.193861,7555,7555,7548,1001,4026531840,tsm,ip-10-100-1-217,42,connect,[],3,-114,"[{'name': 'sockfd', 'type': 'int', 'value': 123}, {'name': 'addr', 'type': 'struct sockaddr*', 'value': ""{'sa_family': 'AF_INET','sin_port': '22','sin_addr': '192.168.21.192'}""}, {'name': 'addrlen', 'type': 'int', 'value': 16}]",1,1
487.193883,7555,7555,7548,1001,4026531840,tsm,ip-10-100-1-217,42,connect,[],3,-114,"[{'name': 'sockfd', 'type': 'int', 'value': 124}, {'name': 'addr', 'type': 'struct sockaddr*', 'value': ""{'sa_family': 'AF_INET','sin_port': '22','sin_addr': '192.168.21.193'}""}, {'name': 'addrlen', 'type': 'int', 'value': 16}]",1,1
487.193905,7555,7555,7548,1001,4026531840,tsm,ip-10-100-1-217,42,connect,[],3,-114,"[{'name': 'sockfd', 'type': 'int', 'value': 125}, {'name': 'addr', 'type': 'struct sockaddr*', 'value': ""{'sa_family': 'AF_INET','sin_port': '22','sin_addr': '192.168.21.194'}""}, {'name': 'addrlen', 'type': 'int', 'value': 16}]",1,1
487.193927,7555,7555,7548,1001,4026531840,tsm,ip-10-100-1-217,42,connect,[],3,-114,"[{'name': 'sockfd', 'type': 'int', 'value': 126}, {'name': 'addr', 'type': 'struct sockaddr*', 'value': ""{'sin_port': '22','sin_addr': '192.168.21.195','sa_family': 'AF_INET'}""}, {'name': 'addrlen', 'type': 'int', 'value': 16}]",1,1
487.193949,7555,7555,7548,1001,4026531840,tsm,ip-10-100-1-217,42,connect,[],3,-114,"[{'name': 'sockfd', 'type': 'int', 'value': 127}, {'name': 'addr', 'type': 'struct sockaddr*', 'value': ""{'sa_family': 'AF_INET','sin_port': '22','sin_addr': '192.168.21.196'}""}, {'name': 'addrlen', 'type': 'int', 'value': 16}]",1,1
487.193972,7555,7555,7548,1001,4026531840,tsm,ip-10-100-1-217,42,connect,[],3,-114,"[{'name': 'sockfd', 'type': 'int', 'value': 128}, {'name': 'addr', 'type': 'struct sockaddr*', 'value': ""{'sa_family': 'AF_INET','sin_port': '22','sin_addr': '192.168.21.197'}""}, {'name': 'addrlen', 'type': 'int', 'value': 16}]",1,1
487.194006,7555,7555,7548,1001,4026531840,tsm,ip-10-100-1-217,42,connect,[],3,-114,"[{'name': 'sockfd', 'type': 'int', 'value': 129}, {'name': 'addr', 'type': 'struct sockaddr*', 'value': ""{'sa_family': 'AF_INET','sin_port': '22','sin_addr': '192.168.21.198'}""}, {'name': 'addrlen', 'type': 'int', 'value': 16}]",1,1
487.194027,7555,7555,7548,1001,4026531840,tsm,ip-10-100-1-217,42,connect,[],3,-114,"[{'name': 'sockfd', 'type': 'int', 'value': 130}, {'name': 'addr', 'type': 'struct sockaddr*', 'value': ""{'sa_family': 'AF_INET','sin_port': '22','sin_addr': '192.168.21.199'}""}, {'name': 'addrlen', 'type': 'int', 'value': 16}]",1,1
487.194049,7555,7555,7548,1001,4026531840,tsm,ip-10-100-1-217,42,connect,[],3,-114,"[{'name': 'sockfd', 'type': 'int', 'value': 131}, {'name': 'addr', 'type': 'struct sockaddr*', 'value': ""{'sa_family': 'AF_INET','sin_port': '22','sin_addr': '192.168.21.200'}""}, {'name': 'addrlen', 'type': 'int', 'value': 16}]",1,1
487.194082,7555,7555,7548,1001,4026531840,tsm,ip-10-100-1-217,42,connect,[],3,-114,"[{'name': 'sockfd', 'type': 'int', 'value': 132}, {'name': 'addr', 'type': 'struct sockaddr*', 'value': ""{'sa_family': 'AF_INET','sin_port': '22','sin_addr': '192.168.21.201'}""}, {'name': 'addrlen', 'type': 'int', 'value': 16}]",1,1
487.194104,7555,7555,7548,1001,4026531840,tsm,ip-10-100-1-217,42,connect,[],3,-114,"[{'name': 'sockfd', 'type': 'int', 'value': 133}, {'name': 'addr', 'type': 'struct sockaddr*', 'value': ""{'sa_family': 'AF_INET','sin_port': '22','sin_addr': '192.168.21.202'}""}, {'name': 'addrlen', 'type': 'int', 'value': 16}]",1,1
487.194126,7555,7555,7548,1001,4026531840,tsm,ip-10-100-1-217,42,connect,[],3,-114,"[{'name': 'sockfd', 'type': 'int', 'value': 134}, {'name': 'addr', 'type': 'struct sockaddr*', 'value': ""{'sin_addr': '192.168.21.203','sa_family': 'AF_INET','sin_port': '22'}""}, {'name': 'addrlen', 'type': 'int', 'value': 16}]",1,1
487.194148,7555,7555,7548,1001,4026531840,tsm,ip-10-100-1-217,42,connect,[],3,-114,"[{'name': 'sockfd', 'type': 'int', 'value': 135}, {'name': 'addr', 'type': 'struct sockaddr*', 'value': ""{'sa_family': 'AF_INET','sin_port': '22','sin_addr': '192.168.21.204'}""}, {'name': 'addrlen', 'type': 'int', 'value': 16}]",1,1
487.19417,7555,7555,7548,1001,4026531840,tsm,ip-10-100-1-217,42,connect,[],3,-114,"[{'name': 'sockfd', 'type': 'int', 'value': 136}, {'name': 'addr', 'type': 'struct sockaddr*', 'value': ""{'sa_family': 'AF_INET','sin_port': '22','sin_addr': '192.168.21.205'}""}, {'name': 'addrlen', 'type': 'int', 'value': 16}]",1,1
487.194192,7555,7555,7548,1001,4026531840,tsm,ip-10-100-1-217,42,connect,[],3,-114,"[{'name': 'sockfd', 'type': 'int', 'value': 137}, {'name': 'addr', 'type': 'struct sockaddr*', 'value': ""{'sin_port': '22','sin_addr': '192.168.21.206','sa_family': 'AF_INET'}""}, {'name': 'addrlen', 'type': 'int', 'value': 16}]",1,1
487.194214,7555,7555,7548,1001,4026531840,tsm,ip-10-100-1-217,42,connect,[],3,-114,"[{'name': 'sockfd', 'type': 'int', 'value': 138}, {'name': 'addr', 'type': 'struct sockaddr*', 'value': ""{'sa_family': 'AF_INET','sin_port': '22','sin_addr': '192.168.21.207'}""}, {'name': 'addrlen', 'type': 'int', 'value': 16}]",1,1
487.194236,7555,7555,7548,1001,4026531840,tsm,ip-10-100-1-217,42,connect,[],3,-114,"[{'name': 'sockfd', 'type': 'int', 'value': 139}, {'name': 'addr', 'type': 'struct sockaddr*', 'value': ""{'sin_addr': '192.168.21.208','sa_family': 'AF_INET','sin_port': '22'}""}, {'name': 'addrlen', 'type': 'int', 'value': 16}]",1,1
487.194258,7555,7555,7548,1001,4026531840,tsm,ip-10-100-1-217,42,connect,[],3,-114,"[{'name': 'sockfd', 'type': 'int', 'value': 140}, {'name': 'addr', 'type': 'struct sockaddr*', 'value': ""{'sin_port': '22','sin_addr': '192.168.21.209','sa_family': 'AF_INET'}""}, {'name': 'addrlen', 'type': 'int', 'value': 16}]",1,1
487.19428,7555,7555,7548,1001,4026531840,tsm,ip-10-100-1-217,42,connect,[],3,-114,"[{'name': 'sockfd', 'type': 'int', 'value': 141}, {'name': 'addr', 'type': 'struct sockaddr*', 'value': ""{'sa_family': 'AF_INET','sin_port': '22','sin_addr': '192.168.21.210'}""}, {'name': 'addrlen', 'type': 'int', 'value': 16}]",1,1
487.194302,7555,7555,7548,1001,4026531840,tsm,ip-10-100-1-217,42,connect,[],3,-114,"[{'name': 'sockfd', 'type': 'int', 'value': 142}, {'name': 'addr', 'type': 'struct sockaddr*', 'value': ""{'sa_family': 'AF_INET','sin_port': '22','sin_addr': '192.168.21.211'}""}, {'name': 'addrlen', 'type': 'int', 'value': 16}]",1,1
487.194327,7555,7555,7548,1001,4026531840,tsm,ip-10-100-1-217,42,connect,[],3,-114,"[{'name': 'sockfd', 'type': 'int', 'value': 143}, {'name': 'addr', 'type': 'struct sockaddr*', 'value': ""{'sa_family': 'AF_INET','sin_port': '22','sin_addr': '192.168.21.212'}""}, {'name': 'addrlen', 'type': 'int', 'value': 16}]",1,1
487.194349,7555,7555,7548,1001,4026531840,tsm,ip-10-100-1-217,42,connect,[],3,-114,"[{'name': 'sockfd', 'type': 'int', 'value': 144}, {'name': 'addr', 'type': 'struct sockaddr*', 'value': ""{'sin_addr': '192.168.21.213','sa_family': 'AF_INET','sin_port': '22'}""}, {'name': 'addrlen', 'type': 'int', 'value': 16}]",1,1
487.194371,7555,7555,7548,1001,4026531840,tsm,ip-10-100-1-217,42,connect,[],3,-114,"[{'name': 'sockfd', 'type': 'int', 'value': 145}, {'name': 'addr', 'type': 'struct sockaddr*', 'value': ""{'sa_family': 'AF_INET','sin_port': '22','sin_addr': '192.168.21.214'}""}, {'name': 'addrlen', 'type': 'int', 'value': 16}]",1,1
487.194393,7555,7555,7548,1001,4026531840,tsm,ip-10-100-1-217,42,connect,[],3,-114,"[{'name': 'sockfd', 'type': 'int', 'value': 146}, {'name': 'addr', 'type': 'struct sockaddr*', 'value': ""{'sin_port': '22','sin_addr': '192.168.21.215','sa_family': 'AF_INET'}""}, {'name': 'addrlen', 'type': 'int', 'value': 16}]",1,1
487.194415,7555,7555,7548,1001,4026531840,tsm,ip-10-100-1-217,42,connect,[],3,-114,"[{'name': 'sockfd', 'type': 'int', 'value': 147}, {'name': 'addr', 'type': 'struct sockaddr*', 'value': ""{'sa_family': 'AF_INET','sin_port': '22','sin_addr': '192.168.21.216'}""}, {'name': 'addrlen', 'type': 'int', 'value': 16}]",1,1
487.194437,7555,7555,7548,1001,4026531840,tsm,ip-10-100-1-217,42,connect,[],3,-114,"[{'name': 'sockfd', 'type': 'int', 'value': 148}, {'name': 'addr', 'type': 'struct sockaddr*', 'value': ""{'sa_family': 'AF_INET','sin_port': '22','sin_addr': '192.168.21.217'}""}, {'name': 'addrlen', 'type': 'int', 'value': 16}]",1,1
487.194471,7555,7555,7548,1001,4026531840,tsm,ip-10-100-1-217,42,connect,[],3,-114,"[{'name': 'sockfd', 'type': 'int', 'value': 149}, {'name': 'addr', 'type': 'struct sockaddr*', 'value': ""{'sa_family': 'AF_INET','sin_port': '22','sin_addr': '192.168.21.218'}""}, {'name': 'addrlen', 'type': 'int', 'value': 16}]",1,1
487.194494,7555,7555,7548,1001,4026531840,tsm,ip-10-100-1-217,42,connect,[],3,-114,"[{'name': 'sockfd', 'type': 'int', 'value': 150}, {'name': 'addr', 'type': 'struct sockaddr*', 'value': ""{'sa_family': 'AF_INET','sin_port': '22','sin_addr': '192.168.21.219'}""}, {'name': 'addrlen', 'type': 'int', 'value': 16}]",1,1
487.194516,7555,7555,7548,1001,4026531840,tsm,ip-10-100-1-217,42,connect,[],3,-114,"[{'name': 'sockfd', 'type': 'int', 'value': 151}, {'name': 'addr', 'type': 'struct sockaddr*', 'value': ""{'sa_family': 'AF_INET','sin_port': '22','sin_addr': '192.168.21.220'}""}, {'name': 'addrlen', 'type': 'int', 'value': 16}]",1,1
487.194538,7555,7555,7548,1001,4026531840,tsm,ip-10-100-1-217,42,connect,[],3,-114,"[{'name': 'sockfd', 'type': 'int', 'value': 152}, {'name': 'addr', 'type': 'struct sockaddr*', 'value': ""{'sa_family': 'AF_INET','sin_port': '22','sin_addr': '192.168.21.221'}""}, {'name': 'addrlen', 'type': 'int', 'value': 16}]",1,1
487.19456,7555,7555,7548,1001,4026531840,tsm,ip-10-100-1-217,42,connect,[],3,-114,"[{'name': 'sockfd', 'type': 'int', 'value': 153}, {'name': 'addr', 'type': 'struct sockaddr*', 'value': ""{'sa_family': 'AF_INET','sin_port': '22','sin_addr': '192.168.21.222'}""}, {'name': 'addrlen', 'type': 'int', 'value': 16}]",1,1
487.194582,7555,7555,7548,1001,4026531840,tsm,ip-10-100-1-217,42,connect,[],3,-114,"[{'name': 'sockfd', 'type': 'int', 'value': 154}, {'name': 'addr', 'type': 'struct sockaddr*', 'value': ""{'sa_family': 'AF_INET','sin_port': '22','sin_addr': '192.168.21.223'}""}, {'name': 'addrlen', 'type': 'int', 'value': 16}]",1,1
487.194604,7555,7555,7548,1001,4026531840,tsm,ip-10-100-1-217,42,connect,[],3,-114,"[{'name': 'sockfd', 'type': 'int', 'value': 155}, {'name': 'addr', 'type': 'struct sockaddr*', 'value': ""{'sa_family': 'AF_INET','sin_port': '22','sin_addr': '192.168.21.224'}""}, {'name': 'addrlen', 'type': 'int', 'value': 16}]",1,1
487.194626,7555,7555,7548,1001,4026531840,tsm,ip-10-100-1-217,42,connect,[],3,-114,"[{'name': 'sockfd', 'type': 'int', 'value': 156}, {'name': 'addr', 'type': 'struct sockaddr*', 'value': ""{'sin_addr': '192.168.21.225','sa_family': 'AF_INET','sin_port': '22'}""}, {'name': 'addrlen', 'type': 'int', 'value': 16}]",1,1
487.194648,7555,7555,7548,1001,4026531840,tsm,ip-10-100-1-217,42,connect,[],3,-114,"[{'name': 'sockfd', 'type': 'int', 'value': 157}, {'name': 'addr', 'type': 'struct sockaddr*', 'value': ""{'sa_family': 'AF_INET','sin_port': '22','sin_addr': '192.168.21.226'}""}, {'name': 'addrlen', 'type': 'int', 'value': 16}]",1,1
487.19467,7555,7555,7548,1001,4026531840,tsm,ip-10-100-1-217,42,connect,[],3,-114,"[{'name': 'sockfd', 'type': 'int', 'value': 158}, {'name': 'addr', 'type': 'struct sockaddr*', 'value': ""{'sa_family': 'AF_INET','sin_port': '22','sin_addr': '192.168.21.227'}""}, {'name': 'addrlen', 'type': 'int', 'value': 16}]",1,1
487.194692,7555,7555,7548,1001,4026531840,tsm,ip-10-100-1-217,42,connect,[],3,-114,"[{'name': 'sockfd', 'type': 'int', 'value': 159}, {'name': 'addr', 'type': 'struct sockaddr*', 'value': ""{'sin_addr': '192.168.21.228','sa_family': 'AF_INET','sin_port': '22'}""}, {'name': 'addrlen', 'type': 'int', 'value': 16}]",1,1
487.194714,7555,7555,7548,1001,4026531840,tsm,ip-10-100-1-217,42,connect,[],3,-114,"[{'name': 'sockfd', 'type': 'int', 'value': 160}, {'name': 'addr', 'type': 'struct sockaddr*', 'value': ""{'sin_port': '22','sin_addr': '192.168.21.229','sa_family': 'AF_INET'}""}, {'name': 'addrlen', 'type': 'int', 'value': 16}]",1,1
487.194736,7555,7555,7548,1001,4026531840,tsm,ip-10-100-1-217,42,connect,[],3,-114,"[{'name': 'sockfd', 'type': 'int', 'value': 161}, {'name': 'addr', 'type': 'struct sockaddr*', 'value': ""{'sin_port': '22','sin_addr': '192.168.21.230','sa_family': 'AF_INET'}""}, {'name': 'addrlen', 'type': 'int', 'value': 16}]",1,1
487.194758,7555,7555,7548,1001,4026531840,tsm,ip-10-100-1-217,42,connect,[],3,-114,"[{'name': 'sockfd', 'type': 'int', 'value': 162}, {'name': 'addr', 'type': 'struct sockaddr*', 'value': ""{'sa_family': 'AF_INET','sin_port': '22','sin_addr': '192.168.21.231'}""}, {'name': 'addrlen', 'type': 'int', 'value': 16}]",1,1
487.19478,7555,7555,7548,1001,4026531840,tsm,ip-10-100-1-217,42,connect,[],3,-114,"[{'name': 'sockfd', 'type': 'int', 'value': 163}, {'name': 'addr', 'type': 'struct sockaddr*', 'value': ""{'sin_addr': '192.168.21.232','sa_family': 'AF_INET','sin_port': '22'}""}, {'name': 'addrlen', 'type': 'int', 'value': 16}]",1,1
487.194802,7555,7555,7548,1001,4026531840,tsm,ip-10-100-1-217,42,connect,[],3,-114,"[{'name': 'sockfd', 'type': 'int', 'value': 164}, {'name': 'addr', 'type': 'struct sockaddr*', 'value': ""{'sin_port': '22','sin_addr': '192.168.21.233','sa_family': 'AF_INET'}""}, {'name': 'addrlen', 'type': 'int', 'value': 16}]",1,1
487.194824,7555,7555,7548,1001,4026531840,tsm,ip-10-100-1-217,42,connect,[],3,-114,"[{'name': 'sockfd', 'type': 'int', 'value': 165}, {'name': 'addr', 'type': 'struct sockaddr*', 'value': ""{'sin_addr': '192.168.21.234','sa_family': 'AF_INET','sin_port': '22'}""}, {'name': 'addrlen', 'type': 'int', 'value': 16}]",1,1
487.194846,7555,7555,7548,1001,4026531840,tsm,ip-10-100-1-217,42,connect,[],3,-114,"[{'name': 'sockfd', 'type': 'int', 'value': 166}, {'name': 'addr', 'type': 'struct sockaddr*', 'value': ""{'sa_family': 'AF_INET','sin_port': '22','sin_addr': '192.168.21.235'}""}, {'name': 'addrlen', 'type': 'int', 'value': 16}]",1,1
487.194868,7555,7555,7548,1001,4026531840,tsm,ip-10-100-1-217,42,connect,[],3,-114,"[{'name': 'sockfd', 'type': 'int', 'value': 167}, {'name': 'addr', 'type': 'struct sockaddr*', 'value': ""{'sa_family': 'AF_INET','sin_port': '22','sin_addr': '192.168.21.236'}""}, {'name': 'addrlen', 'type': 'int', 'value': 16}]",1,1
487.19489,7555,7555,7548,1001,4026531840,tsm,ip-10-100-1-217,42,connect,[],3,-114,"[{'name': 'sockfd', 'type': 'int', 'value': 168}, {'name': 'addr', 'type': 'struct sockaddr*', 'value': ""{'sa_family': 'AF_INET','sin_port': '22','sin_addr': '192.168.21.237'}""}, {'name': 'addrlen', 'type': 'int', 'value': 16}]",1,1
487.194912,7555,7555,7548,1001,4026531840,tsm,ip-10-100-1-217,42,connect,[],3,-114,"[{'name': 'sockfd', 'type': 'int', 'value': 169}, {'name': 'addr', 'type': 'struct sockaddr*', 'value': ""{'sin_port': '22','sin_addr': '192.168.21.238','sa_family': 'AF_INET'}""}, {'name': 'addrlen', 'type': 'int', 'value': 16}]",1,1
487.194934,7555,7555,7548,1001,4026531840,tsm,ip-10-100-1-217,42,connect,[],3,-114,"[{'name': 'sockfd', 'type': 'int', 'value': 170}, {'name': 'addr', 'type': 'struct sockaddr*', 'value': ""{'sa_family': 'AF_INET','sin_port': '22','sin_addr': '192.168.21.239'}""}, {'name': 'addrlen', 'type': 'int', 'value': 16}]",1,1
487.194956,7555,7555,7548,1001,4026531840,tsm,ip-10-100-1-217,42,connect,[],3,-114,"[{'name': 'sockfd', 'type': 'int', 'value': 171}, {'name': 'addr', 'type': 'struct sockaddr*', 'value': ""{'sa_family': 'AF_INET','sin_port': '22','sin_addr': '192.168.21.240'}""}, {'name': 'addrlen', 'type': 'int', 'value': 16}]",1,1
487.194981,7555,7555,7548,1001,4026531840,tsm,ip-10-100-1-217,42,connect,[],3,-114,"[{'name': 'sockfd', 'type': 'int', 'value': 172}, {'name': 'addr', 'type': 'struct sockaddr*', 'value': ""{'sin_port': '22','sin_addr': '192.168.21.241','sa_family': 'AF_INET'}""}, {'name': 'addrlen', 'type': 'int', 'value': 16}]",1,1
487.195003,7555,7555,7548,1001,4026531840,tsm,ip-10-100-1-217,42,connect,[],3,-114,"[{'name': 'sockfd', 'type': 'int', 'value': 173}, {'name': 'addr', 'type': 'struct sockaddr*', 'value': ""{'sa_family': 'AF_INET','sin_port': '22','sin_addr': '192.168.21.242'}""}, {'name': 'addrlen', 'type': 'int', 'value': 16}]",1,1
487.195024,7555,7555,7548,1001,4026531840,tsm,ip-10-100-1-217,42,connect,[],3,-114,"[{'name': 'sockfd', 'type': 'int', 'value': 174}, {'name': 'addr', 'type': 'struct sockaddr*', 'value': ""{'sa_family': 'AF_INET','sin_port': '22','sin_addr': '192.168.21.243'}""}, {'name': 'addrlen', 'type': 'int', 'value': 16}]",1,1
487.195047,7555,7555,7548,1001,4026531840,tsm,ip-10-100-1-217,42,connect,[],3,-114,"[{'name': 'sockfd', 'type': 'int', 'value': 175}, {'name': 'addr', 'type': 'struct sockaddr*', 'value': ""{'sin_addr': '192.168.21.244','sa_family': 'AF_INET','sin_port': '22'}""}, {'name': 'addrlen', 'type': 'int', 'value': 16}]",1,1
487.195069,7555,7555,7548,1001,4026531840,tsm,ip-10-100-1-217,42,connect,[],3,-114,"[{'name': 'sockfd', 'type': 'int', 'value': 176}, {'name': 'addr', 'type': 'struct sockaddr*', 'value': ""{'sa_family': 'AF_INET','sin_port': '22','sin_addr': '192.168.21.245'}""}, {'name': 'addrlen', 'type': 'int', 'value': 16}]",1,1
487.195091,7555,7555,7548,1001,4026531840,tsm,ip-10-100-1-217,42,connect,[],3,-114,"[{'name': 'sockfd', 'type': 'int', 'value': 177}, {'name': 'addr', 'type': 'struct sockaddr*', 'value': ""{'sa_family': 'AF_INET','sin_port': '22','sin_addr': '192.168.18.211'}""}, {'name': 'addrlen', 'type': 'int', 'value': 16}]",1,1
487.195113,7555,7555,7548,1001,4026531840,tsm,ip-10-100-1-217,42,connect,[],3,-114,"[{'name': 'sockfd', 'type': 'int', 'value': 178}, {'name': 'addr', 'type': 'struct sockaddr*', 'value': ""{'sin_addr': '192.168.18.212','sa_family': 'AF_INET','sin_port': '22'}""}, {'name': 'addrlen', 'type': 'int', 'value': 16}]",1,1
487.195135,7555,7555,7548,1001,4026531840,tsm,ip-10-100-1-217,42,connect,[],3,-114,"[{'name': 'sockfd', 'type': 'int', 'value': 179}, {'name': 'addr', 'type': 'struct sockaddr*', 'value': ""{'sa_family': 'AF_INET','sin_port': '22','sin_addr': '192.168.18.213'}""}, {'name': 'addrlen', 'type': 'int', 'value': 16}]",1,1
487.195157,7555,7555,7548,1001,4026531840,tsm,ip-10-100-1-217,42,connect,[],3,-114,"[{'name': 'sockfd', 'type': 'int', 'value': 180}, {'name': 'addr', 'type': 'struct sockaddr*', 'value': ""{'sa_family': 'AF_INET','sin_port': '22','sin_addr': '192.168.18.214'}""}, {'name': 'addrlen', 'type': 'int', 'value': 16}]",1,1
487.195179,7555,7555,7548,1001,4026531840,tsm,ip-10-100-1-217,42,connect,[],3,-114,"[{'name': 'sockfd', 'type': 'int', 'value': 181}, {'name': 'addr', 'type': 'struct sockaddr*', 'value': ""{'sin_addr': '192.168.18.215','sa_family': 'AF_INET','sin_port': '22'}""}, {'name': 'addrlen', 'type': 'int', 'value': 16}]",1,1
487.195201,7555,7555,7548,1001,4026531840,tsm,ip-10-100-1-217,42,connect,[],3,-114,"[{'name': 'sockfd', 'type': 'int', 'value': 182}, {'name': 'addr', 'type': 'struct sockaddr*', 'value': ""{'sin_addr': '192.168.18.216','sa_family': 'AF_INET','sin_port': '22'}""}, {'name': 'addrlen', 'type': 'int', 'value': 16}]",1,1
487.195223,7555,7555,7548,1001,4026531840,tsm,ip-10-100-1-217,42,connect,[],3,-114,"[{'name': 'sockfd', 'type': 'int', 'value': 183}, {'name': 'addr', 'type': 'struct sockaddr*', 'value': ""{'sa_family': 'AF_INET','sin_port': '22','sin_addr': '192.168.18.217'}""}, {'name': 'addrlen', 'type': 'int', 'value': 16}]",1,1
487.195245,7555,7555,7548,1001,4026531840,tsm,ip-10-100-1-217,42,connect,[],3,-114,"[{'name': 'sockfd', 'type': 'int', 'value': 184}, {'name': 'addr', 'type': 'struct sockaddr*', 'value': ""{'sa_family': 'AF_INET','sin_port': '22','sin_addr': '192.168.18.218'}""}, {'name': 'addrlen', 'type': 'int', 'value': 16}]",1,1
487.195267,7555,7555,7548,1001,4026531840,tsm,ip-10-100-1-217,42,connect,[],3,-114,"[{'name': 'sockfd', 'type': 'int', 'value': 185}, {'name': 'addr', 'type': 'struct sockaddr*', 'value': ""{'sa_family': 'AF_INET','sin_port': '22','sin_addr': '192.168.18.219'}""}, {'name': 'addrlen', 'type': 'int', 'value': 16}]",1,1
487.195289,7555,7555,7548,1001,4026531840,tsm,ip-10-100-1-217,42,connect,[],3,-114,"[{'name': 'sockfd', 'type': 'int', 'value': 186}, {'name': 'addr', 'type': 'struct sockaddr*', 'value': ""{'sin_port': '22','sin_addr': '192.168.18.220','sa_family': 'AF_INET'}""}, {'name': 'addrlen', 'type': 'int', 'value': 16}]",1,1
487.195311,7555,7555,7548,1001,4026531840,tsm,ip-10-100-1-217,42,connect,[],3,-114,"[{'name': 'sockfd', 'type': 'int', 'value': 187}, {'name': 'addr', 'type': 'struct sockaddr*', 'value': ""{'sa_family': 'AF_INET','sin_port': '22','sin_addr': '192.168.18.221'}""}, {'name': 'addrlen', 'type': 'int', 'value': 16}]",1,1
487.195333,7555,7555,7548,1001,4026531840,tsm,ip-10-100-1-217,42,connect,[],3,-114,"[{'name': 'sockfd', 'type': 'int', 'value': 188}, {'name': 'addr', 'type': 'struct sockaddr*', 'value': ""{'sa_family': 'AF_INET','sin_port': '22','sin_addr': '192.168.18.222'}""}, {'name': 'addrlen', 'type': 'int', 'value': 16}]",1,1
487.195355,7555,7555,7548,1001,4026531840,tsm,ip-10-100-1-217,42,connect,[],3,-114,"[{'name': 'sockfd', 'type': 'int', 'value': 189}, {'name': 'addr', 'type': 'struct sockaddr*', 'value': ""{'sa_family': 'AF_INET','sin_port': '22','sin_addr': '192.168.18.223'}""}, {'name': 'addrlen', 'type': 'int', 'value': 16}]",1,1
487.195377,7555,7555,7548,1001,4026531840,tsm,ip-10-100-1-217,42,connect,[],3,-114,"[{'name': 'sockfd', 'type': 'int', 'value': 190}, {'name': 'addr', 'type': 'struct sockaddr*', 'value': ""{'sa_family': 'AF_INET','sin_port': '22','sin_addr': '192.168.18.224'}""}, {'name': 'addrlen', 'type': 'int', 'value': 16}]",1,1
487.195399,7555,7555,7548,1001,4026531840,tsm,ip-10-100-1-217,42,connect,[],3,-114,"[{'name': 'sockfd', 'type': 'int', 'value': 191}, {'name': 'addr', 'type': 'struct sockaddr*', 'value': ""{'sa_family': 'AF_INET','sin_port': '22','sin_addr': '192.168.18.225'}""}, {'name': 'addrlen', 'type': 'int', 'value': 16}]",1,1
487.195421,7555,7555,7548,1001,4026531840,tsm,ip-10-100-1-217,42,connect,[],3,-114,"[{'name': 'sockfd', 'type': 'int', 'value': 192}, {'name': 'addr', 'type': 'struct sockaddr*', 'value': ""{'sa_family': 'AF_INET','sin_port': '22','sin_addr': '192.168.18.226'}""}, {'name': 'addrlen', 'type': 'int', 'value': 16}]",1,1
487.195444,7555,7555,7548,1001,4026531840,tsm,ip-10-100-1-217,42,connect,[],3,-114,"[{'name': 'sockfd', 'type': 'int', 'value': 193}, {'name': 'addr', 'type': 'struct sockaddr*', 'value': ""{'sa_family': 'AF_INET','sin_port': '22','sin_addr': '192.168.18.227'}""}, {'name': 'addrlen', 'type': 'int', 'value': 16}]",1,1
487.195466,7555,7555,7548,1001,4026531840,tsm,ip-10-100-1-217,42,connect,[],3,-114,"[{'name': 'sockfd', 'type': 'int', 'value': 194}, {'name': 'addr', 'type': 'struct sockaddr*', 'value': ""{'sa_family': 'AF_INET','sin_port': '22','sin_addr': '192.168.18.228'}""}, {'name': 'addrlen', 'type': 'int', 'value': 16}]",1,1
487.195488,7555,7555,7548,1001,4026531840,tsm,ip-10-100-1-217,42,connect,[],3,-114,"[{'name': 'sockfd', 'type': 'int', 'value': 195}, {'name': 'addr', 'type': 'struct sockaddr*', 'value': ""{'sa_family': 'AF_INET','sin_port': '22','sin_addr': '192.168.18.229'}""}, {'name': 'addrlen', 'type': 'int', 'value': 16}]",1,1
487.19551,7555,7555,7548,1001,4026531840,tsm,ip-10-100-1-217,42,connect,[],3,-114,"[{'name': 'sockfd', 'type': 'int', 'value': 196}, {'name': 'addr', 'type': 'struct sockaddr*', 'value': ""{'sa_family': 'AF_INET','sin_port': '22','sin_addr': '192.168.18.230'}""}, {'name': 'addrlen', 'type': 'int', 'value': 16}]",1,1
487.195532,7555,7555,7548,1001,4026531840,tsm,ip-10-100-1-217,42,connect,[],3,-114,"[{'name': 'sockfd', 'type': 'int', 'value': 197}, {'name': 'addr', 'type': 'struct sockaddr*', 'value': ""{'sa_family': 'AF_INET','sin_port': '22','sin_addr': '192.168.18.231'}""}, {'name': 'addrlen', 'type': 'int', 'value': 16}]",1,1
487.195554,7555,7555,7548,1001,4026531840,tsm,ip-10-100-1-217,42,connect,[],3,-114,"[{'name': 'sockfd', 'type': 'int', 'value': 198}, {'name': 'addr', 'type': 'struct sockaddr*', 'value': ""{'sa_family': 'AF_INET','sin_port': '22','sin_addr': '192.168.18.232'}""}, {'name': 'addrlen', 'type': 'int', 'value': 16}]",1,1
487.195576,7555,7555,7548,1001,4026531840,tsm,ip-10-100-1-217,42,connect,[],3,-114,"[{'name': 'sockfd', 'type': 'int', 'value': 199}, {'name': 'addr', 'type': 'struct sockaddr*', 'value': ""{'sa_family': 'AF_INET','sin_port': '22','sin_addr': '192.168.18.233'}""}, {'name': 'addrlen', 'type': 'int', 'value': 16}]",1,1
487.195598,7555,7555,7548,1001,4026531840,tsm,ip-10-100-1-217,42,connect,[],3,-114,"[{'name': 'sockfd', 'type': 'int', 'value': 200}, {'name': 'addr', 'type': 'struct sockaddr*', 'value': ""{'sa_family': 'AF_INET','sin_port': '22','sin_addr': '192.168.18.234'}""}, {'name': 'addrlen', 'type': 'int', 'value': 16}]",1,1
487.19562,7555,7555,7548,1001,4026531840,tsm,ip-10-100-1-217,42,connect,[],3,-114,"[{'name': 'sockfd', 'type': 'int', 'value': 201}, {'name': 'addr', 'type': 'struct sockaddr*', 'value': ""{'sin_port': '22','sin_addr': '192.168.18.235','sa_family': 'AF_INET'}""}, {'name': 'addrlen', 'type': 'int', 'value': 16}]",1,1
487.195642,7555,7555,7548,1001,4026531840,tsm,ip-10-100-1-217,42,connect,[],3,-114,"[{'name': 'sockfd', 'type': 'int', 'value': 202}, {'name': 'addr', 'type': 'struct sockaddr*', 'value': ""{'sa_family': 'AF_INET','sin_port': '22','sin_addr': '192.168.18.236'}""}, {'name': 'addrlen', 'type': 'int', 'value': 16}]",1,1
487.195664,7555,7555,7548,1001,4026531840,tsm,ip-10-100-1-217,42,connect,[],3,-114,"[{'name': 'sockfd', 'type': 'int', 'value': 203}, {'name': 'addr', 'type': 'struct sockaddr*', 'value': ""{'sa_family': 'AF_INET','sin_port': '22','sin_addr': '192.168.18.237'}""}, {'name': 'addrlen', 'type': 'int', 'value': 16}]",1,1
487.195686,7555,7555,7548,1001,4026531840,tsm,ip-10-100-1-217,42,connect,[],3,-114,"[{'name': 'sockfd', 'type': 'int', 'value': 204}, {'name': 'addr', 'type': 'struct sockaddr*', 'value': ""{'sin_addr': '192.168.18.238','sa_family': 'AF_INET','sin_port': '22'}""}, {'name': 'addrlen', 'type': 'int', 'value': 16}]",1,1
487.195711,7555,7555,7548,1001,4026531840,tsm,ip-10-100-1-217,42,connect,[],3,-114,"[{'name': 'sockfd', 'type': 'int', 'value': 205}, {'name': 'addr', 'type': 'struct sockaddr*', 'value': ""{'sa_family': 'AF_INET','sin_port': '22','sin_addr': '192.168.18.239'}""}, {'name': 'addrlen', 'type': 'int', 'value': 16}]",1,1
487.195733,7555,7555,7548,1001,4026531840,tsm,ip-10-100-1-217,42,connect,[],3,-114,"[{'name': 'sockfd', 'type': 'int', 'value': 206}, {'name': 'addr', 'type': 'struct sockaddr*', 'value': ""{'sa_family': 'AF_INET','sin_port': '22','sin_addr': '192.168.18.240'}""}, {'name': 'addrlen', 'type': 'int', 'value': 16}]",1,1
487.195755,7555,7555,7548,1001,4026531840,tsm,ip-10-100-1-217,42,connect,[],3,-114,"[{'name': 'sockfd', 'type': 'int', 'value': 207}, {'name': 'addr', 'type': 'struct sockaddr*', 'value': ""{'sa_family': 'AF_INET','sin_port': '22','sin_addr': '192.168.18.241'}""}, {'name': 'addrlen', 'type': 'int', 'value': 16}]",1,1
487.195777,7555,7555,7548,1001,4026531840,tsm,ip-10-100-1-217,42,connect,[],3,-114,"[{'name': 'sockfd', 'type': 'int', 'value': 208}, {'name': 'addr', 'type': 'struct sockaddr*', 'value': ""{'sa_family': 'AF_INET','sin_port': '22','sin_addr': '192.168.18.242'}""}, {'name': 'addrlen', 'type': 'int', 'value': 16}]",1,1
487.195799,7555,7555,7548,1001,4026531840,tsm,ip-10-100-1-217,42,connect,[],3,-114,"[{'name': 'sockfd', 'type': 'int', 'value': 209}, {'name': 'addr', 'type': 'struct sockaddr*', 'value': ""{'sa_family': 'AF_INET','sin_port': '22','sin_addr': '192.168.18.243'}""}, {'name': 'addrlen', 'type': 'int', 'value': 16}]",1,1
487.195821,7555,7555,7548,1001,4026531840,tsm,ip-10-100-1-217,42,connect,[],3,-114,"[{'name': 'sockfd', 'type': 'int', 'value': 210}, {'name': 'addr', 'type': 'struct sockaddr*', 'value': ""{'sin_addr': '192.168.18.244','sa_family': 'AF_INET','sin_port': '22'}""}, {'name': 'addrlen', 'type': 'int', 'value': 16}]",1,1
487.195844,7555,7555,7548,1001,4026531840,tsm,ip-10-100-1-217,42,connect,[],3,-114,"[{'name': 'sockfd', 'type': 'int', 'value': 211}, {'name': 'addr', 'type': 'struct sockaddr*', 'value': ""{'sa_family': 'AF_INET','sin_port': '22','sin_addr': '192.168.18.245'}""}, {'name': 'addrlen', 'type': 'int', 'value': 16}]",1,1
487.195866,7555,7555,7548,1001,4026531840,tsm,ip-10-100-1-217,42,connect,[],3,-114,"[{'name': 'sockfd', 'type': 'int', 'value': 212}, {'name': 'addr', 'type': 'struct sockaddr*', 'value': ""{'sin_addr': '192.168.18.246','sa_family': 'AF_INET','sin_port': '22'}""}, {'name': 'addrlen', 'type': 'int', 'value': 16}]",1,1
487.195888,7555,7555,7548,1001,4026531840,tsm,ip-10-100-1-217,42,connect,[],3,-114,"[{'name': 'sockfd', 'type': 'int', 'value': 213}, {'name': 'addr', 'type': 'struct sockaddr*', 'value': ""{'sa_family': 'AF_INET','sin_port': '22','sin_addr': '192.168.18.247'}""}, {'name': 'addrlen', 'type': 'int', 'value': 16}]",1,1
487.19591,7555,7555,7548,1001,4026531840,tsm,ip-10-100-1-217,42,connect,[],3,-114,"[{'name': 'sockfd', 'type': 'int', 'value': 214}, {'name': 'addr', 'type': 'struct sockaddr*', 'value': ""{'sin_addr': '192.168.18.248','sa_family': 'AF_INET','sin_port': '22'}""}, {'name': 'addrlen', 'type': 'int', 'value': 16}]",1,1
487.195932,7555,7555,7548,1001,4026531840,tsm,ip-10-100-1-217,42,connect,[],3,-114,"[{'name': 'sockfd', 'type': 'int', 'value': 215}, {'name': 'addr', 'type': 'struct sockaddr*', 'value': ""{'sin_port': '22','sin_addr': '192.168.18.249','sa_family': 'AF_INET'}""}, {'name': 'addrlen', 'type': 'int', 'value': 16}]",1,1
487.195954,7555,7555,7548,1001,4026531840,tsm,ip-10-100-1-217,42,connect,[],3,-114,"[{'name': 'sockfd', 'type': 'int', 'value': 216}, {'name': 'addr', 'type': 'struct sockaddr*', 'value': ""{'sin_port': '22','sin_addr': '192.168.18.250','sa_family': 'AF_INET'}""}, {'name': 'addrlen', 'type': 'int', 'value': 16}]",1,1
487.195976,7555,7555,7548,1001,4026531840,tsm,ip-10-100-1-217,42,connect,[],3,-114,"[{'name': 'sockfd', 'type': 'int', 'value': 217}, {'name': 'addr', 'type': 'struct sockaddr*', 'value': ""{'sa_family': 'AF_INET','sin_port': '22','sin_addr': '192.168.18.251'}""}, {'name': 'addrlen', 'type': 'int', 'value': 16}]",1,1
487.195998,7555,7555,7548,1001,4026531840,tsm,ip-10-100-1-217,42,connect,[],3,-114,"[{'name': 'sockfd', 'type': 'int', 'value': 218}, {'name': 'addr', 'type': 'struct sockaddr*', 'value': ""{'sin_addr': '192.168.18.252','sa_family': 'AF_INET','sin_port': '22'}""}, {'name': 'addrlen', 'type': 'int', 'value': 16}]",1,1
487.19602,7555,7555,7548,1001,4026531840,tsm,ip-10-100-1-217,42,connect,[],3,-114,"[{'name': 'sockfd', 'type': 'int', 'value': 219}, {'name': 'addr', 'type': 'struct sockaddr*', 'value': ""{'sa_family': 'AF_INET','sin_port': '22','sin_addr': '192.168.18.253'}""}, {'name': 'addrlen', 'type': 'int', 'value': 16}]",1,1
487.196042,7555,7555,7548,1001,4026531840,tsm,ip-10-100-1-217,42,connect,[],3,-114,"[{'name': 'sockfd', 'type': 'int', 'value': 220}, {'name': 'addr', 'type': 'struct sockaddr*', 'value': ""{'sa_family': 'AF_INET','sin_port': '22','sin_addr': '192.168.18.254'}""}, {'name': 'addrlen', 'type': 'int', 'value': 16}]",1,1
487.196064,7555,7555,7548,1001,4026531840,tsm,ip-10-100-1-217,42,connect,[],3,-114,"[{'name': 'sockfd', 'type': 'int', 'value': 221}, {'name': 'addr', 'type': 'struct sockaddr*', 'value': ""{'sa_family': 'AF_INET','sin_port': '22','sin_addr': '192.168.19.0'}""}, {'name': 'addrlen', 'type': 'int', 'value': 16}]",1,1
487.196086,7555,7555,7548,1001,4026531840,tsm,ip-10-100-1-217,42,connect,[],3,-114,"[{'name': 'sockfd', 'type': 'int', 'value': 222}, {'name': 'addr', 'type': 'struct sockaddr*', 'value': ""{'sa_family': 'AF_INET','sin_port': '22','sin_addr': '192.168.19.1'}""}, {'name': 'addrlen', 'type': 'int', 'value': 16}]",1,1
487.196108,7555,7555,7548,1001,4026531840,tsm,ip-10-100-1-217,42,connect,[],3,-114,"[{'name': 'sockfd', 'type': 'int', 'value': 223}, {'name': 'addr', 'type': 'struct sockaddr*', 'value': ""{'sa_family': 'AF_INET','sin_port': '22','sin_addr': '192.168.19.2'}""}, {'name': 'addrlen', 'type': 'int', 'value': 16}]",1,1
487.19613,7555,7555,7548,1001,4026531840,tsm,ip-10-100-1-217,42,connect,[],3,-114,"[{'name': 'sockfd', 'type': 'int', 'value': 224}, {'name': 'addr', 'type': 'struct sockaddr*', 'value': ""{'sa_family': 'AF_INET','sin_port': '22','sin_addr': '192.168.19.3'}""}, {'name': 'addrlen', 'type': 'int', 'value': 16}]",1,1
487.196152,7555,7555,7548,1001,4026531840,tsm,ip-10-100-1-217,42,connect,[],3,-114,"[{'name': 'sockfd', 'type': 'int', 'value': 225}, {'name': 'addr', 'type': 'struct sockaddr*', 'value': ""{'sa_family': 'AF_INET','sin_port': '22','sin_addr': '192.168.19.4'}""}, {'name': 'addrlen', 'type': 'int', 'value': 16}]",1,1
487.196174,7555,7555,7548,1001,4026531840,tsm,ip-10-100-1-217,42,connect,[],3,-114,"[{'name': 'sockfd', 'type': 'int', 'value': 226}, {'name': 'addr', 'type': 'struct sockaddr*', 'value': ""{'sa_family': 'AF_INET','sin_port': '22','sin_addr': '192.168.19.5'}""}, {'name': 'addrlen', 'type': 'int', 'value': 16}]",1,1
487.196197,7555,7555,7548,1001,4026531840,tsm,ip-10-100-1-217,42,connect,[],3,-114,"[{'name': 'sockfd', 'type': 'int', 'value': 227}, {'name': 'addr', 'type': 'struct sockaddr*', 'value': ""{'sa_family': 'AF_INET','sin_port': '22','sin_addr': '192.168.19.6'}""}, {'name': 'addrlen', 'type': 'int', 'value': 16}]",1,1
487.196219,7555,7555,7548,1001,4026531840,tsm,ip-10-100-1-217,42,connect,[],3,-114,"[{'name': 'sockfd', 'type': 'int', 'value': 228}, {'name': 'addr', 'type': 'struct sockaddr*', 'value': ""{'sa_family': 'AF_INET','sin_port': '22','sin_addr': '192.168.19.7'}""}, {'name': 'addrlen', 'type': 'int', 'value': 16}]",1,1
487.196241,7555,7555,7548,1001,4026531840,tsm,ip-10-100-1-217,42,connect,[],3,-114,"[{'name': 'sockfd', 'type': 'int', 'value': 229}, {'name': 'addr', 'type': 'struct sockaddr*', 'value': ""{'sa_family': 'AF_INET','sin_port': '22','sin_addr': '192.168.19.8'}""}, {'name': 'addrlen', 'type': 'int', 'value': 16}]",1,1
487.196263,7555,7555,7548,1001,4026531840,tsm,ip-10-100-1-217,42,connect,[],3,-114,"[{'name': 'sockfd', 'type': 'int', 'value': 230}, {'name': 'addr', 'type': 'struct sockaddr*', 'value': ""{'sa_family': 'AF_INET','sin_port': '22','sin_addr': '192.168.19.9'}""}, {'name': 'addrlen', 'type': 'int', 'value': 16}]",1,1
487.196285,7555,7555,7548,1001,4026531840,tsm,ip-10-100-1-217,42,connect,[],3,-114,"[{'name': 'sockfd', 'type': 'int', 'value': 231}, {'name': 'addr', 'type': 'struct sockaddr*', 'value': ""{'sa_family': 'AF_INET','sin_port': '22','sin_addr': '192.168.19.10'}""}, {'name': 'addrlen', 'type': 'int', 'value': 16}]",1,1
487.196307,7555,7555,7548,1001,4026531840,tsm,ip-10-100-1-217,42,connect,[],3,-114,"[{'name': 'sockfd', 'type': 'int', 'value': 232}, {'name': 'addr', 'type': 'struct sockaddr*', 'value': ""{'sa_family': 'AF_INET','sin_port': '22','sin_addr': '192.168.19.11'}""}, {'name': 'addrlen', 'type': 'int', 'value': 16}]",1,1
487.196329,7555,7555,7548,1001,4026531840,tsm,ip-10-100-1-217,42,connect,[],3,-114,"[{'name': 'sockfd', 'type': 'int', 'value': 233}, {'name': 'addr', 'type': 'struct sockaddr*', 'value': ""{'sa_family': 'AF_INET','sin_port': '22','sin_addr': '192.168.19.12'}""}, {'name': 'addrlen', 'type': 'int', 'value': 16}]",1,1
487.196351,7555,7555,7548,1001,4026531840,tsm,ip-10-100-1-217,42,connect,[],3,-114,"[{'name': 'sockfd', 'type': 'int', 'value': 234}, {'name': 'addr', 'type': 'struct sockaddr*', 'value': ""{'sa_family': 'AF_INET','sin_port': '22','sin_addr': '192.168.19.13'}""}, {'name': 'addrlen', 'type': 'int', 'value': 16}]",1,1
487.196373,7555,7555,7548,1001,4026531840,tsm,ip-10-100-1-217,42,connect,[],3,-114,"[{'name': 'sockfd', 'type': 'int', 'value': 235}, {'name': 'addr', 'type': 'struct sockaddr*', 'value': ""{'sa_family': 'AF_INET','sin_port': '22','sin_addr': '192.168.19.14'}""}, {'name': 'addrlen', 'type': 'int', 'value': 16}]",1,1
487.196395,7555,7555,7548,1001,4026531840,tsm,ip-10-100-1-217,42,connect,[],3,-114,"[{'name': 'sockfd', 'type': 'int', 'value': 236}, {'name': 'addr', 'type': 'struct sockaddr*', 'value': ""{'sa_family': 'AF_INET','sin_port': '22','sin_addr': '192.168.19.15'}""}, {'name': 'addrlen', 'type': 'int', 'value': 16}]",1,1
487.196417,7555,7555,7548,1001,4026531840,tsm,ip-10-100-1-217,42,connect,[],3,-114,"[{'name': 'sockfd', 'type': 'int', 'value': 237}, {'name': 'addr', 'type': 'struct sockaddr*', 'value': ""{'sa_family': 'AF_INET','sin_port': '22','sin_addr': '192.168.19.16'}""}, {'name': 'addrlen', 'type': 'int', 'value': 16}]",1,1
487.196439,7555,7555,7548,1001,4026531840,tsm,ip-10-100-1-217,42,connect,[],3,-114,"[{'name': 'sockfd', 'type': 'int', 'value': 238}, {'name': 'addr', 'type': 'struct sockaddr*', 'value': ""{'sa_family': 'AF_INET','sin_port': '22','sin_addr': '192.168.19.17'}""}, {'name': 'addrlen', 'type': 'int', 'value': 16}]",1,1
487.196461,7555,7555,7548,1001,4026531840,tsm,ip-10-100-1-217,42,connect,[],3,-114,"[{'name': 'sockfd', 'type': 'int', 'value': 239}, {'name': 'addr', 'type': 'struct sockaddr*', 'value': ""{'sa_family': 'AF_INET','sin_port': '22','sin_addr': '192.168.19.18'}""}, {'name': 'addrlen', 'type': 'int', 'value': 16}]",1,1
487.196484,7555,7555,7548,1001,4026531840,tsm,ip-10-100-1-217,42,connect,[],3,-114,"[{'name': 'sockfd', 'type': 'int', 'value': 240}, {'name': 'addr', 'type': 'struct sockaddr*', 'value': ""{'sa_family': 'AF_INET','sin_port': '22','sin_addr': '192.168.19.19'}""}, {'name': 'addrlen', 'type': 'int', 'value': 16}]",1,1
487.196506,7555,7555,7548,1001,4026531840,tsm,ip-10-100-1-217,42,connect,[],3,-114,"[{'name': 'sockfd', 'type': 'int', 'value': 241}, {'name': 'addr', 'type': 'struct sockaddr*', 'value': ""{'sin_port': '22','sin_addr': '192.168.19.20','sa_family': 'AF_INET'}""}, {'name': 'addrlen', 'type': 'int', 'value': 16}]",1,1
487.196528,7555,7555,7548,1001,4026531840,tsm,ip-10-100-1-217,42,connect,[],3,-114,"[{'name': 'sockfd', 'type': 'int', 'value': 242}, {'name': 'addr', 'type': 'struct sockaddr*', 'value': ""{'sa_family': 'AF_INET','sin_port': '22','sin_addr': '192.168.19.21'}""}, {'name': 'addrlen', 'type': 'int', 'value': 16}]",1,1
487.19655,7555,7555,7548,1001,4026531840,tsm,ip-10-100-1-217,42,connect,[],3,-114,"[{'name': 'sockfd', 'type': 'int', 'value': 243}, {'name': 'addr', 'type': 'struct sockaddr*', 'value': ""{'sa_family': 'AF_INET','sin_port': '22','sin_addr': '192.168.19.22'}""}, {'name': 'addrlen', 'type': 'int', 'value': 16}]",1,1
487.196572,7555,7555,7548,1001,4026531840,tsm,ip-10-100-1-217,42,connect,[],3,-114,"[{'name': 'sockfd', 'type': 'int', 'value': 244}, {'name': 'addr', 'type': 'struct sockaddr*', 'value': ""{'sa_family': 'AF_INET','sin_port': '22','sin_addr': '192.168.19.23'}""}, {'name': 'addrlen', 'type': 'int', 'value': 16}]",1,1
487.196594,7555,7555,7548,1001,4026531840,tsm,ip-10-100-1-217,42,connect,[],3,-114,"[{'name': 'sockfd', 'type': 'int', 'value': 245}, {'name': 'addr', 'type': 'struct sockaddr*', 'value': ""{'sa_family': 'AF_INET','sin_port': '22','sin_addr': '192.168.19.24'}""}, {'name': 'addrlen', 'type': 'int', 'value': 16}]",1,1
487.196616,7555,7555,7548,1001,4026531840,tsm,ip-10-100-1-217,42,connect,[],3,-114,"[{'name': 'sockfd', 'type': 'int', 'value': 246}, {'name': 'addr', 'type': 'struct sockaddr*', 'value': ""{'sa_family': 'AF_INET','sin_port': '22','sin_addr': '192.168.19.25'}""}, {'name': 'addrlen', 'type': 'int', 'value': 16}]",1,1
487.196638,7555,7555,7548,1001,4026531840,tsm,ip-10-100-1-217,42,connect,[],3,-114,"[{'name': 'sockfd', 'type': 'int', 'value': 247}, {'name': 'addr', 'type': 'struct sockaddr*', 'value': ""{'sa_family': 'AF_INET','sin_port': '22','sin_addr': '192.168.19.26'}""}, {'name': 'addrlen', 'type': 'int', 'value': 16}]",1,1
487.19666,7555,7555,7548,1001,4026531840,tsm,ip-10-100-1-217,42,connect,[],3,-114,"[{'name': 'sockfd', 'type': 'int', 'value': 248}, {'name': 'addr', 'type': 'struct sockaddr*', 'value': ""{'sa_family': 'AF_INET','sin_port': '22','sin_addr': '192.168.19.27'}""}, {'name': 'addrlen', 'type': 'int', 'value': 16}]",1,1
487.196682,7555,7555,7548,1001,4026531840,tsm,ip-10-100-1-217,42,connect,[],3,-114,"[{'name': 'sockfd', 'type': 'int', 'value': 249}, {'name': 'addr', 'type': 'struct sockaddr*', 'value': ""{'sa_family': 'AF_INET','sin_port': '22','sin_addr': '192.168.19.28'}""}, {'name': 'addrlen', 'type': 'int', 'value': 16}]",1,1
487.196704,7555,7555,7548,1001,4026531840,tsm,ip-10-100-1-217,42,connect,[],3,-114,"[{'name': 'sockfd', 'type': 'int', 'value': 250}, {'name': 'addr', 'type': 'struct sockaddr*', 'value': ""{'sa_family': 'AF_INET','sin_port': '22','sin_addr': '192.168.19.29'}""}, {'name': 'addrlen', 'type': 'int', 'value': 16}]",1,1
487.196726,7555,7555,7548,1001,4026531840,tsm,ip-10-100-1-217,42,connect,[],3,-114,"[{'name': 'sockfd', 'type': 'int', 'value': 251}, {'name': 'addr', 'type': 'struct sockaddr*', 'value': ""{'sa_family': 'AF_INET','sin_port': '22','sin_addr': '192.168.19.30'}""}, {'name': 'addrlen', 'type': 'int', 'value': 16}]",1,1
487.196748,7555,7555,7548,1001,4026531840,tsm,ip-10-100-1-217,42,connect,[],3,-114,"[{'name': 'sockfd', 'type': 'int', 'value': 252}, {'name': 'addr', 'type': 'struct sockaddr*', 'value': ""{'sin_port': '22','sin_addr': '192.168.19.31','sa_family': 'AF_INET'}""}, {'name': 'addrlen', 'type': 'int', 'value': 16}]",1,1
487.19677,7555,7555,7548,1001,4026531840,tsm,ip-10-100-1-217,42,connect,[],3,-114,"[{'name': 'sockfd', 'type': 'int', 'value': 253}, {'name': 'addr', 'type': 'struct sockaddr*', 'value': ""{'sin_addr': '192.168.19.32','sa_family': 'AF_INET','sin_port': '22'}""}, {'name': 'addrlen', 'type': 'int', 'value': 16}]",1,1
487.196792,7555,7555,7548,1001,4026531840,tsm,ip-10-100-1-217,42,connect,[],3,-114,"[{'name': 'sockfd', 'type': 'int', 'value': 254}, {'name': 'addr', 'type': 'struct sockaddr*', 'value': ""{'sa_family': 'AF_INET','sin_port': '22','sin_addr': '192.168.19.33'}""}, {'name': 'addrlen', 'type': 'int', 'value': 16}]",1,1
487.196814,7555,7555,7548,1001,4026531840,tsm,ip-10-100-1-217,42,connect,[],3,-114,"[{'name': 'sockfd', 'type': 'int', 'value': 255}, {'name': 'addr', 'type': 'struct sockaddr*', 'value': ""{'sin_port': '22','sin_addr': '192.168.19.34','sa_family': 'AF_INET'}""}, {'name': 'addrlen', 'type': 'int', 'value': 16}]",1,1
487.196836,7555,7555,7548,1001,4026531840,tsm,ip-10-100-1-217,42,connect,[],3,-114,"[{'name': 'sockfd', 'type': 'int', 'value': 256}, {'name': 'addr', 'type': 'struct sockaddr*', 'value': ""{'sin_port': '22','sin_addr': '192.168.19.35','sa_family': 'AF_INET'}""}, {'name': 'addrlen', 'type': 'int', 'value': 16}]",1,1
487.196858,7555,7555,7548,1001,4026531840,tsm,ip-10-100-1-217,42,connect,[],3,-114,"[{'name': 'sockfd', 'type': 'int', 'value': 257}, {'name': 'addr', 'type': 'struct sockaddr*', 'value': ""{'sa_family': 'AF_INET','sin_port': '22','sin_addr': '192.168.19.36'}""}, {'name': 'addrlen', 'type': 'int', 'value': 16}]",1,1
487.196881,7555,7555,7548,1001,4026531840,tsm,ip-10-100-1-217,42,connect,[],3,-114,"[{'name': 'sockfd', 'type': 'int', 'value': 258}, {'name': 'addr', 'type': 'struct sockaddr*', 'value': ""{'sa_family': 'AF_INET','sin_port': '22','sin_addr': '192.168.19.37'}""}, {'name': 'addrlen', 'type': 'int', 'value': 16}]",1,1
487.196903,7555,7555,7548,1001,4026531840,tsm,ip-10-100-1-217,42,connect,[],3,-114,"[{'name': 'sockfd', 'type': 'int', 'value': 259}, {'name': 'addr', 'type': 'struct sockaddr*', 'value': ""{'sa_family': 'AF_INET','sin_port': '22','sin_addr': '192.168.19.38'}""}, {'name': 'addrlen', 'type': 'int', 'value': 16}]",1,1
487.196925,7555,7555,7548,1001,4026531840,tsm,ip-10-100-1-217,42,connect,[],3,-114,"[{'name': 'sockfd', 'type': 'int', 'value': 260}, {'name': 'addr', 'type': 'struct sockaddr*', 'value': ""{'sa_family': 'AF_INET','sin_port': '22','sin_addr': '192.168.19.39'}""}, {'name': 'addrlen', 'type': 'int', 'value': 16}]",1,1
487.196947,7555,7555,7548,1001,4026531840,tsm,ip-10-100-1-217,42,connect,[],3,-114,"[{'name': 'sockfd', 'type': 'int', 'value': 261}, {'name': 'addr', 'type': 'struct sockaddr*', 'value': ""{'sa_family': 'AF_INET','sin_port': '22','sin_addr': '192.168.19.40'}""}, {'name': 'addrlen', 'type': 'int', 'value': 16}]",1,1
487.196969,7555,7555,7548,1001,4026531840,tsm,ip-10-100-1-217,42,connect,[],3,-114,"[{'name': 'sockfd', 'type': 'int', 'value': 262}, {'name': 'addr', 'type': 'struct sockaddr*', 'value': ""{'sa_family': 'AF_INET','sin_port': '22','sin_addr': '192.168.19.41'}""}, {'name': 'addrlen', 'type': 'int', 'value': 16}]",1,1
487.196991,7555,7555,7548,1001,4026531840,tsm,ip-10-100-1-217,42,connect,[],3,-114,"[{'name': 'sockfd', 'type': 'int', 'value': 263}, {'name': 'addr', 'type': 'struct sockaddr*', 'value': ""{'sa_family': 'AF_INET','sin_port': '22','sin_addr': '192.168.19.42'}""}, {'name': 'addrlen', 'type': 'int', 'value': 16}]",1,1
487.197013,7555,7555,7548,1001,4026531840,tsm,ip-10-100-1-217,42,connect,[],3,-114,"[{'name': 'sockfd', 'type': 'int', 'value': 264}, {'name': 'addr', 'type': 'struct sockaddr*', 'value': ""{'sin_addr': '192.168.19.43','sa_family': 'AF_INET','sin_port': '22'}""}, {'name': 'addrlen', 'type': 'int', 'value': 16}]",1,1
487.197035,7555,7555,7548,1001,4026531840,tsm,ip-10-100-1-217,42,connect,[],3,-114,"[{'name': 'sockfd', 'type': 'int', 'value': 265}, {'name': 'addr', 'type': 'struct sockaddr*', 'value': ""{'sin_port': '22','sin_addr': '192.168.19.44','sa_family': 'AF_INET'}""}, {'name': 'addrlen', 'type': 'int', 'value': 16}]",1,1
487.197057,7555,7555,7548,1001,4026531840,tsm,ip-10-100-1-217,42,connect,[],3,-114,"[{'name': 'sockfd', 'type': 'int', 'value': 266}, {'name': 'addr', 'type': 'struct sockaddr*', 'value': ""{'sin_addr': '192.168.19.45','sa_family': 'AF_INET','sin_port': '22'}""}, {'name': 'addrlen', 'type': 'int', 'value': 16}]",1,1
487.197079,7555,7555,7548,1001,4026531840,tsm,ip-10-100-1-217,42,connect,[],3,-114,"[{'name': 'sockfd', 'type': 'int', 'value': 267}, {'name': 'addr', 'type': 'struct sockaddr*', 'value': ""{'sa_family': 'AF_INET','sin_port': '22','sin_addr': '192.168.19.46'}""}, {'name': 'addrlen', 'type': 'int', 'value': 16}]",1,1
487.197103,7555,7555,7548,1001,4026531840,tsm,ip-10-100-1-217,42,connect,[],3,-114,"[{'name': 'sockfd', 'type': 'int', 'value': 268}, {'name': 'addr', 'type': 'struct sockaddr*', 'value': ""{'sa_family': 'AF_INET','sin_port': '22','sin_addr': '192.168.19.47'}""}, {'name': 'addrlen', 'type': 'int', 'value': 16}]",1,1
487.197125,7555,7555,7548,1001,4026531840,tsm,ip-10-100-1-217,42,connect,[],3,-114,"[{'name': 'sockfd', 'type': 'int', 'value': 269}, {'name': 'addr', 'type': 'struct sockaddr*', 'value': ""{'sa_family': 'AF_INET','sin_port': '22','sin_addr': '192.168.19.48'}""}, {'name': 'addrlen', 'type': 'int', 'value': 16}]",1,1
487.197147,7555,7555,7548,1001,4026531840,tsm,ip-10-100-1-217,42,connect,[],3,-114,"[{'name': 'sockfd', 'type': 'int', 'value': 270}, {'name': 'addr', 'type': 'struct sockaddr*', 'value': ""{'sin_port': '22','sin_addr': '192.168.19.49','sa_family': 'AF_INET'}""}, {'name': 'addrlen', 'type': 'int', 'value': 16}]",1,1
487.197169,7555,7555,7548,1001,4026531840,tsm,ip-10-100-1-217,42,connect,[],3,-114,"[{'name': 'sockfd', 'type': 'int', 'value': 271}, {'name': 'addr', 'type': 'struct sockaddr*', 'value': ""{'sin_port': '22','sin_addr': '192.168.19.50','sa_family': 'AF_INET'}""}, {'name': 'addrlen', 'type': 'int', 'value': 16}]",1,1
487.197191,7555,7555,7548,1001,4026531840,tsm,ip-10-100-1-217,42,connect,[],3,-114,"[{'name': 'sockfd', 'type': 'int', 'value': 272}, {'name': 'addr', 'type': 'struct sockaddr*', 'value': ""{'sa_family': 'AF_INET','sin_port': '22','sin_addr': '192.168.19.51'}""}, {'name': 'addrlen', 'type': 'int', 'value': 16}]",1,1
487.197213,7555,7555,7548,1001,4026531840,tsm,ip-10-100-1-217,42,connect,[],3,-114,"[{'name': 'sockfd', 'type': 'int', 'value': 273}, {'name': 'addr', 'type': 'struct sockaddr*', 'value': ""{'sa_family': 'AF_INET','sin_port': '22','sin_addr': '192.168.19.52'}""}, {'name': 'addrlen', 'type': 'int', 'value': 16}]",1,1
487.197235,7555,7555,7548,1001,4026531840,tsm,ip-10-100-1-217,42,connect,[],3,-114,"[{'name': 'sockfd', 'type': 'int', 'value': 274}, {'name': 'addr', 'type': 'struct sockaddr*', 'value': ""{'sa_family': 'AF_INET','sin_port': '22','sin_addr': '192.168.19.53'}""}, {'name': 'addrlen', 'type': 'int', 'value': 16}]",1,1
487.197257,7555,7555,7548,1001,4026531840,tsm,ip-10-100-1-217,42,connect,[],3,-114,"[{'name': 'sockfd', 'type': 'int', 'value': 275}, {'name': 'addr', 'type': 'struct sockaddr*', 'value': ""{'sa_family': 'AF_INET','sin_port': '22','sin_addr': '192.168.19.54'}""}, {'name': 'addrlen', 'type': 'int', 'value': 16}]",1,1
487.197279,7555,7555,7548,1001,4026531840,tsm,ip-10-100-1-217,42,connect,[],3,-114,"[{'name': 'sockfd', 'type': 'int', 'value': 276}, {'name': 'addr', 'type': 'struct sockaddr*', 'value': ""{'sin_addr': '192.168.19.55','sa_family': 'AF_INET','sin_port': '22'}""}, {'name': 'addrlen', 'type': 'int', 'value': 16}]",1,1
487.197302,7555,7555,7548,1001,4026531840,tsm,ip-10-100-1-217,42,connect,[],3,-114,"[{'name': 'sockfd', 'type': 'int', 'value': 277}, {'name': 'addr', 'type': 'struct sockaddr*', 'value': ""{'sa_family': 'AF_INET','sin_port': '22','sin_addr': '192.168.19.56'}""}, {'name': 'addrlen', 'type': 'int', 'value': 16}]",1,1
487.197324,7555,7555,7548,1001,4026531840,tsm,ip-10-100-1-217,42,connect,[],3,-114,"[{'name': 'sockfd', 'type': 'int', 'value': 278}, {'name': 'addr', 'type': 'struct sockaddr*', 'value': ""{'sa_family': 'AF_INET','sin_port': '22','sin_addr': '192.168.19.57'}""}, {'name': 'addrlen', 'type': 'int', 'value': 16}]",1,1
487.197346,7555,7555,7548,1001,4026531840,tsm,ip-10-100-1-217,42,connect,[],3,-114,"[{'name': 'sockfd', 'type': 'int', 'value': 279}, {'name': 'addr', 'type': 'struct sockaddr*', 'value': ""{'sa_family': 'AF_INET','sin_port': '22','sin_addr': '192.168.19.58'}""}, {'name': 'addrlen', 'type': 'int', 'value': 16}]",1,1
487.197368,7555,7555,7548,1001,4026531840,tsm,ip-10-100-1-217,42,connect,[],3,-114,"[{'name': 'sockfd', 'type': 'int', 'value': 280}, {'name': 'addr', 'type': 'struct sockaddr*', 'value': ""{'sa_family': 'AF_INET','sin_port': '22','sin_addr': '192.168.19.59'}""}, {'name': 'addrlen', 'type': 'int', 'value': 16}]",1,1
487.19739,7555,7555,7548,1001,4026531840,tsm,ip-10-100-1-217,42,connect,[],3,-114,"[{'name': 'sockfd', 'type': 'int', 'value': 281}, {'name': 'addr', 'type': 'struct sockaddr*', 'value': ""{'sa_family': 'AF_INET','sin_port': '22','sin_addr': '192.168.19.60'}""}, {'name': 'addrlen', 'type': 'int', 'value': 16}]",1,1
487.197412,7555,7555,7548,1001,4026531840,tsm,ip-10-100-1-217,42,connect,[],3,-114,"[{'name': 'sockfd', 'type': 'int', 'value': 282}, {'name': 'addr', 'type': 'struct sockaddr*', 'value': ""{'sa_family': 'AF_INET','sin_port': '22','sin_addr': '192.168.19.61'}""}, {'name': 'addrlen', 'type': 'int', 'value': 16}]",1,1
487.197434,7555,7555,7548,1001,4026531840,tsm,ip-10-100-1-217,42,connect,[],3,-114,"[{'name': 'sockfd', 'type': 'int', 'value': 283}, {'name': 'addr', 'type': 'struct sockaddr*', 'value': ""{'sa_family': 'AF_INET','sin_port': '22','sin_addr': '192.168.19.62'}""}, {'name': 'addrlen', 'type': 'int', 'value': 16}]",1,1
487.197456,7555,7555,7548,1001,4026531840,tsm,ip-10-100-1-217,42,connect,[],3,-114,"[{'name': 'sockfd', 'type': 'int', 'value': 284}, {'name': 'addr', 'type': 'struct sockaddr*', 'value': ""{'sa_family': 'AF_INET','sin_port': '22','sin_addr': '192.168.19.63'}""}, {'name': 'addrlen', 'type': 'int', 'value': 16}]",1,1
487.197478,7555,7555,7548,1001,4026531840,tsm,ip-10-100-1-217,42,connect,[],3,-114,"[{'name': 'sockfd', 'type': 'int', 'value': 285}, {'name': 'addr', 'type': 'struct sockaddr*', 'value': ""{'sa_family': 'AF_INET','sin_port': '22','sin_addr': '192.168.19.64'}""}, {'name': 'addrlen', 'type': 'int', 'value': 16}]",1,1
487.1975,7555,7555,7548,1001,4026531840,tsm,ip-10-100-1-217,42,connect,[],3,-114,"[{'name': 'sockfd', 'type': 'int', 'value': 286}, {'name': 'addr', 'type': 'struct sockaddr*', 'value': ""{'sa_family': 'AF_INET','sin_port': '22','sin_addr': '192.168.19.65'}""}, {'name': 'addrlen', 'type': 'int', 'value': 16}]",1,1
487.197522,7555,7555,7548,1001,4026531840,tsm,ip-10-100-1-217,42,connect,[],3,-114,"[{'name': 'sockfd', 'type': 'int', 'value': 287}, {'name': 'addr', 'type': 'struct sockaddr*', 'value': ""{'sin_addr': '192.168.19.66','sa_family': 'AF_INET','sin_port': '22'}""}, {'name': 'addrlen', 'type': 'int', 'value': 16}]",1,1
487.197544,7555,7555,7548,1001,4026531840,tsm,ip-10-100-1-217,42,connect,[],3,-114,"[{'name': 'sockfd', 'type': 'int', 'value': 288}, {'name': 'addr', 'type': 'struct sockaddr*', 'value': ""{'sa_family': 'AF_INET','sin_port': '22','sin_addr': '192.168.19.67'}""}, {'name': 'addrlen', 'type': 'int', 'value': 16}]",1,1
487.197566,7555,7555,7548,1001,4026531840,tsm,ip-10-100-1-217,42,connect,[],3,-114,"[{'name': 'sockfd', 'type': 'int', 'value': 289}, {'name': 'addr', 'type': 'struct sockaddr*', 'value': ""{'sa_family': 'AF_INET','sin_port': '22','sin_addr': '192.168.19.68'}""}, {'name': 'addrlen', 'type': 'int', 'value': 16}]",1,1
487.197588,7555,7555,7548,1001,4026531840,tsm,ip-10-100-1-217,42,connect,[],3,-114,"[{'name': 'sockfd', 'type': 'int', 'value': 290}, {'name': 'addr', 'type': 'struct sockaddr*', 'value': ""{'sa_family': 'AF_INET','sin_port': '22','sin_addr': '192.168.19.69'}""}, {'name': 'addrlen', 'type': 'int', 'value': 16}]",1,1
487.19761,7555,7555,7548,1001,4026531840,tsm,ip-10-100-1-217,42,connect,[],3,-114,"[{'name': 'sockfd', 'type': 'int', 'value': 291}, {'name': 'addr', 'type': 'struct sockaddr*', 'value': ""{'sa_family': 'AF_INET','sin_port': '22','sin_addr': '192.168.19.70'}""}, {'name': 'addrlen', 'type': 'int', 'value': 16}]",1,1
487.197632,7555,7555,7548,1001,4026531840,tsm,ip-10-100-1-217,42,connect,[],3,-114,"[{'name': 'sockfd', 'type': 'int', 'value': 292}, {'name': 'addr', 'type': 'struct sockaddr*', 'value': ""{'sa_family': 'AF_INET','sin_port': '22','sin_addr': '192.168.19.71'}""}, {'name': 'addrlen', 'type': 'int', 'value': 16}]",1,1
487.197654,7555,7555,7548,1001,4026531840,tsm,ip-10-100-1-217,42,connect,[],3,-114,"[{'name': 'sockfd', 'type': 'int', 'value': 293}, {'name': 'addr', 'type': 'struct sockaddr*', 'value': ""{'sa_family': 'AF_INET','sin_port': '22','sin_addr': '192.168.19.72'}""}, {'name': 'addrlen', 'type': 'int', 'value': 16}]",1,1
487.197689,7555,7555,7548,1001,4026531840,tsm,ip-10-100-1-217,42,connect,[],3,-114,"[{'name': 'sockfd', 'type': 'int', 'value': 294}, {'name': 'addr', 'type': 'struct sockaddr*', 'value': ""{'sin_addr': '192.168.19.73','sa_family': 'AF_INET','sin_port': '22'}""}, {'name': 'addrlen', 'type': 'int', 'value': 16}]",1,1
487.197722,7555,7555,7548,1001,4026531840,tsm,ip-10-100-1-217,42,connect,[],3,-114,"[{'name': 'sockfd', 'type': 'int', 'value': 295}, {'name': 'addr', 'type': 'struct sockaddr*', 'value': ""{'sin_port': '22','sin_addr': '192.168.19.74','sa_family': 'AF_INET'}""}, {'name': 'addrlen', 'type': 'int', 'value': 16}]",1,1
487.197744,7555,7555,7548,1001,4026531840,tsm,ip-10-100-1-217,42,connect,[],3,-114,"[{'name': 'sockfd', 'type': 'int', 'value': 296}, {'name': 'addr', 'type': 'struct sockaddr*', 'value': ""{'sa_family': 'AF_INET','sin_port': '22','sin_addr': '192.168.19.75'}""}, {'name': 'addrlen', 'type': 'int', 'value': 16}]",1,1
487.197766,7555,7555,7548,1001,4026531840,tsm,ip-10-100-1-217,42,connect,[],3,-114,"[{'name': 'sockfd', 'type': 'int', 'value': 297}, {'name': 'addr', 'type': 'struct sockaddr*', 'value': ""{'sa_family': 'AF_INET','sin_port': '22','sin_addr': '192.168.19.76'}""}, {'name': 'addrlen', 'type': 'int', 'value': 16}]",1,1
487.197788,7555,7555,7548,1001,4026531840,tsm,ip-10-100-1-217,42,connect,[],3,-114,"[{'name': 'sockfd', 'type': 'int', 'value': 298}, {'name': 'addr', 'type': 'struct sockaddr*', 'value': ""{'sa_family': 'AF_INET','sin_port': '22','sin_addr': '192.168.19.77'}""}, {'name': 'addrlen', 'type': 'int', 'value': 16}]",1,1
487.197811,7555,7555,7548,1001,4026531840,tsm,ip-10-100-1-217,42,connect,[],3,-114,"[{'name': 'sockfd', 'type': 'int', 'value': 299}, {'name': 'addr', 'type': 'struct sockaddr*', 'value': ""{'sa_family': 'AF_INET','sin_port': '22','sin_addr': '192.168.19.78'}""}, {'name': 'addrlen', 'type': 'int', 'value': 16}]",1,1
487.197833,7555,7555,7548,1001,4026531840,tsm,ip-10-100-1-217,42,connect,[],3,-114,"[{'name': 'sockfd', 'type': 'int', 'value': 300}, {'name': 'addr', 'type': 'struct sockaddr*', 'value': ""{'sa_family': 'AF_INET','sin_port': '22','sin_addr': '192.168.19.79'}""}, {'name': 'addrlen', 'type': 'int', 'value': 16}]",1,1
487.197855,7555,7555,7548,1001,4026531840,tsm,ip-10-100-1-217,42,connect,[],3,-114,"[{'name': 'sockfd', 'type': 'int', 'value': 301}, {'name': 'addr', 'type': 'struct sockaddr*', 'value': ""{'sa_family': 'AF_INET','sin_port': '22','sin_addr': '192.168.19.80'}""}, {'name': 'addrlen', 'type': 'int', 'value': 16}]",1,1
487.197877,7555,7555,7548,1001,4026531840,tsm,ip-10-100-1-217,42,connect,[],3,-114,"[{'name': 'sockfd', 'type': 'int', 'value': 302}, {'name': 'addr', 'type': 'struct sockaddr*', 'value': ""{'sin_port': '22','sin_addr': '192.168.19.81','sa_family': 'AF_INET'}""}, {'name': 'addrlen', 'type': 'int', 'value': 16}]",1,1
487.197898,7555,7555,7548,1001,4026531840,tsm,ip-10-100-1-217,42,connect,[],3,-114,"[{'name': 'sockfd', 'type': 'int', 'value': 303}, {'name': 'addr', 'type': 'struct sockaddr*', 'value': ""{'sin_port': '22','sin_addr': '192.168.19.82','sa_family': 'AF_INET'}""}, {'name': 'addrlen', 'type': 'int', 'value': 16}]",1,1
487.19792,7555,7555,7548,1001,4026531840,tsm,ip-10-100-1-217,42,connect,[],3,-114,"[{'name': 'sockfd', 'type': 'int', 'value': 304}, {'name': 'addr', 'type': 'struct sockaddr*', 'value': ""{'sa_family': 'AF_INET','sin_port': '22','sin_addr': '192.168.19.83'}""}, {'name': 'addrlen', 'type': 'int', 'value': 16}]",1,1
487.197942,7555,7555,7548,1001,4026531840,tsm,ip-10-100-1-217,42,connect,[],3,-114,"[{'name': 'sockfd', 'type': 'int', 'value': 305}, {'name': 'addr', 'type': 'struct sockaddr*', 'value': ""{'sa_family': 'AF_INET','sin_port': '22','sin_addr': '192.168.19.84'}""}, {'name': 'addrlen', 'type': 'int', 'value': 16}]",1,1
487.197964,7555,7555,7548,1001,4026531840,tsm,ip-10-100-1-217,42,connect,[],3,-114,"[{'name': 'sockfd', 'type': 'int', 'value': 306}, {'name': 'addr', 'type': 'struct sockaddr*', 'value': ""{'sa_family': 'AF_INET','sin_port': '22','sin_addr': '192.168.19.85'}""}, {'name': 'addrlen', 'type': 'int', 'value': 16}]",1,1
487.197986,7555,7555,7548,1001,4026531840,tsm,ip-10-100-1-217,42,connect,[],3,-114,"[{'name': 'sockfd', 'type': 'int', 'value': 307}, {'name': 'addr', 'type': 'struct sockaddr*', 'value': ""{'sa_family': 'AF_INET','sin_port': '22','sin_addr': '192.168.19.86'}""}, {'name': 'addrlen', 'type': 'int', 'value': 16}]",1,1
487.198008,7555,7555,7548,1001,4026531840,tsm,ip-10-100-1-217,42,connect,[],3,-114,"[{'name': 'sockfd', 'type': 'int', 'value': 308}, {'name': 'addr', 'type': 'struct sockaddr*', 'value': ""{'sa_family': 'AF_INET','sin_port': '22','sin_addr': '192.168.19.87'}""}, {'name': 'addrlen', 'type': 'int', 'value': 16}]",1,1
487.19803,7555,7555,7548,1001,4026531840,tsm,ip-10-100-1-217,42,connect,[],3,-114,"[{'name': 'sockfd', 'type': 'int', 'value': 309}, {'name': 'addr', 'type': 'struct sockaddr*', 'value': ""{'sa_family': 'AF_INET','sin_port': '22','sin_addr': '192.168.19.88'}""}, {'name': 'addrlen', 'type': 'int', 'value': 16}]",1,1
487.198052,7555,7555,7548,1001,4026531840,tsm,ip-10-100-1-217,42,connect,[],3,-114,"[{'name': 'sockfd', 'type': 'int', 'value': 310}, {'name': 'addr', 'type': 'struct sockaddr*', 'value': ""{'sin_addr': '192.168.19.89','sa_family': 'AF_INET','sin_port': '22'}""}, {'name': 'addrlen', 'type': 'int', 'value': 16}]",1,1
487.198074,7555,7555,7548,1001,4026531840,tsm,ip-10-100-1-217,42,connect,[],3,-114,"[{'name': 'sockfd', 'type': 'int', 'value': 311}, {'name': 'addr', 'type': 'struct sockaddr*', 'value': ""{'sa_family': 'AF_INET','sin_port': '22','sin_addr': '192.168.19.90'}""}, {'name': 'addrlen', 'type': 'int', 'value': 16}]",1,1
487.198096,7555,7555,7548,1001,4026531840,tsm,ip-10-100-1-217,42,connect,[],3,-114,"[{'name': 'sockfd', 'type': 'int', 'value': 312}, {'name': 'addr', 'type': 'struct sockaddr*', 'value': ""{'sa_family': 'AF_INET','sin_port': '22','sin_addr': '192.168.19.91'}""}, {'name': 'addrlen', 'type': 'int', 'value': 16}]",1,1
487.198131,7555,7555,7548,1001,4026531840,tsm,ip-10-100-1-217,42,connect,[],3,-114,"[{'name': 'sockfd', 'type': 'int', 'value': 313}, {'name': 'addr', 'type': 'struct sockaddr*', 'value': ""{'sa_family': 'AF_INET','sin_port': '22','sin_addr': '192.168.19.92'}""}, {'name': 'addrlen', 'type': 'int', 'value': 16}]",1,1
487.198152,7555,7555,7548,1001,4026531840,tsm,ip-10-100-1-217,42,connect,[],3,-114,"[{'name': 'sockfd', 'type': 'int', 'value': 314}, {'name': 'addr', 'type': 'struct sockaddr*', 'value': ""{'sin_port': '22','sin_addr': '192.168.19.93','sa_family': 'AF_INET'}""}, {'name': 'addrlen', 'type': 'int', 'value': 16}]",1,1
487.198173,7555,7555,7548,1001,4026531840,tsm,ip-10-100-1-217,42,connect,[],3,-114,"[{'name': 'sockfd', 'type': 'int', 'value': 315}, {'name': 'addr', 'type': 'struct sockaddr*', 'value': ""{'sa_family': 'AF_INET','sin_port': '22','sin_addr': '192.168.19.94'}""}, {'name': 'addrlen', 'type': 'int', 'value': 16}]",1,1
487.198195,7555,7555,7548,1001,4026531840,tsm,ip-10-100-1-217,42,connect,[],3,-114,"[{'name': 'sockfd', 'type': 'int', 'value': 316}, {'name': 'addr', 'type': 'struct sockaddr*', 'value': ""{'sin_addr': '192.168.19.95','sa_family': 'AF_INET','sin_port': '22'}""}, {'name': 'addrlen', 'type': 'int', 'value': 16}]",1,1
487.198216,7555,7555,7548,1001,4026531840,tsm,ip-10-100-1-217,42,connect,[],3,-114,"[{'name': 'sockfd', 'type': 'int', 'value': 317}, {'name': 'addr', 'type': 'struct sockaddr*', 'value': ""{'sa_family': 'AF_INET','sin_port': '22','sin_addr': '192.168.19.96'}""}, {'name': 'addrlen', 'type': 'int', 'value': 16}]",1,1
487.198237,7555,7555,7548,1001,4026531840,tsm,ip-10-100-1-217,42,connect,[],3,-114,"[{'name': 'sockfd', 'type': 'int', 'value': 318}, {'name': 'addr', 'type': 'struct sockaddr*', 'value': ""{'sa_family': 'AF_INET','sin_port': '22','sin_addr': '192.168.19.97'}""}, {'name': 'addrlen', 'type': 'int', 'value': 16}]",1,1
487.198258,7555,7555,7548,1001,4026531840,tsm,ip-10-100-1-217,42,connect,[],3,-114,"[{'name': 'sockfd', 'type': 'int', 'value': 319}, {'name': 'addr', 'type': 'struct sockaddr*', 'value': ""{'sa_family': 'AF_INET','sin_port': '22','sin_addr': '192.168.19.98'}""}, {'name': 'addrlen', 'type': 'int', 'value': 16}]",1,1
487.198279,7555,7555,7548,1001,4026531840,tsm,ip-10-100-1-217,42,connect,[],3,-114,"[{'name': 'sockfd', 'type': 'int', 'value': 320}, {'name': 'addr', 'type': 'struct sockaddr*', 'value': ""{'sin_addr': '192.168.19.99','sa_family': 'AF_INET','sin_port': '22'}""}, {'name': 'addrlen', 'type': 'int', 'value': 16}]",1,1
487.1983,7555,7555,7548,1001,4026531840,tsm,ip-10-100-1-217,42,connect,[],3,-114,"[{'name': 'sockfd', 'type': 'int', 'value': 321}, {'name': 'addr', 'type': 'struct sockaddr*', 'value': ""{'sa_family': 'AF_INET','sin_port': '22','sin_addr': '192.168.19.100'}""}, {'name': 'addrlen', 'type': 'int', 'value': 16}]",1,1
487.198322,7555,7555,7548,1001,4026531840,tsm,ip-10-100-1-217,42,connect,[],3,-114,"[{'name': 'sockfd', 'type': 'int', 'value': 322}, {'name': 'addr', 'type': 'struct sockaddr*', 'value': ""{'sa_family': 'AF_INET','sin_port': '22','sin_addr': '192.168.19.101'}""}, {'name': 'addrlen', 'type': 'int', 'value': 16}]",1,1
487.198343,7555,7555,7548,1001,4026531840,tsm,ip-10-100-1-217,42,connect,[],3,-114,"[{'name': 'sockfd', 'type': 'int', 'value': 323}, {'name': 'addr', 'type': 'struct sockaddr*', 'value': ""{'sa_family': 'AF_INET','sin_port': '22','sin_addr': '192.168.19.102'}""}, {'name': 'addrlen', 'type': 'int', 'value': 16}]",1,1
487.198364,7555,7555,7548,1001,4026531840,tsm,ip-10-100-1-217,42,connect,[],3,-114,"[{'name': 'sockfd', 'type': 'int', 'value': 324}, {'name': 'addr', 'type': 'struct sockaddr*', 'value': ""{'sa_family': 'AF_INET','sin_port': '22','sin_addr': '192.168.19.103'}""}, {'name': 'addrlen', 'type': 'int', 'value': 16}]",1,1
487.198385,7555,7555,7548,1001,4026531840,tsm,ip-10-100-1-217,42,connect,[],3,-114,"[{'name': 'sockfd', 'type': 'int', 'value': 325}, {'name': 'addr', 'type': 'struct sockaddr*', 'value': ""{'sa_family': 'AF_INET','sin_port': '22','sin_addr': '192.168.19.104'}""}, {'name': 'addrlen', 'type': 'int', 'value': 16}]",1,1
487.198406,7555,7555,7548,1001,4026531840,tsm,ip-10-100-1-217,42,connect,[],3,-114,"[{'name': 'sockfd', 'type': 'int', 'value': 326}, {'name': 'addr', 'type': 'struct sockaddr*', 'value': ""{'sa_family': 'AF_INET','sin_port': '22','sin_addr': '192.168.19.105'}""}, {'name': 'addrlen', 'type': 'int', 'value': 16}]",1,1
487.198427,7555,7555,7548,1001,4026531840,tsm,ip-10-100-1-217,42,connect,[],3,-114,"[{'name': 'sockfd', 'type': 'int', 'value': 327}, {'name': 'addr', 'type': 'struct sockaddr*', 'value': ""{'sin_port': '22','sin_addr': '192.168.19.106','sa_family': 'AF_INET'}""}, {'name': 'addrlen', 'type': 'int', 'value': 16}]",1,1
487.198449,7555,7555,7548,1001,4026531840,tsm,ip-10-100-1-217,42,connect,[],3,-114,"[{'name': 'sockfd', 'type': 'int', 'value': 328}, {'name': 'addr', 'type': 'struct sockaddr*', 'value': ""{'sa_family': 'AF_INET','sin_port': '22','sin_addr': '192.168.19.107'}""}, {'name': 'addrlen', 'type': 'int', 'value': 16}]",1,1
487.204148,7555,7555,7548,1001,4026531840,tsm,ip-10-100-1-217,42,connect,[],3,-114,"[{'name': 'sockfd', 'type': 'int', 'value': 329}, {'name': 'addr', 'type': 'struct sockaddr*', 'value': ""{'sin_addr': '192.168.19.108','sa_family': 'AF_INET','sin_port': '22'}""}, {'name': 'addrlen', 'type': 'int', 'value': 16}]",1,1
487.204177,7555,7555,7548,1001,4026531840,tsm,ip-10-100-1-217,42,connect,[],3,-114,"[{'name': 'sockfd', 'type': 'int', 'value': 330}, {'name': 'addr', 'type': 'struct sockaddr*', 'value': ""{'sa_family': 'AF_INET','sin_port': '22','sin_addr': '192.168.19.109'}""}, {'name': 'addrlen', 'type': 'int', 'value': 16}]",1,1
487.204199,7555,7555,7548,1001,4026531840,tsm,ip-10-100-1-217,42,connect,[],3,-114,"[{'name': 'sockfd', 'type': 'int', 'value': 331}, {'name': 'addr', 'type': 'struct sockaddr*', 'value': ""{'sin_addr': '192.168.19.110','sa_family': 'AF_INET','sin_port': '22'}""}, {'name': 'addrlen', 'type': 'int', 'value': 16}]",1,1
487.204288,7555,7555,7548,1001,4026531840,tsm,ip-10-100-1-217,42,connect,[],3,-114,"[{'name': 'sockfd', 'type': 'int', 'value': 332}, {'name': 'addr', 'type': 'struct sockaddr*', 'value': ""{'sa_family': 'AF_INET','sin_port': '22','sin_addr': '192.168.19.111'}""}, {'name': 'addrlen', 'type': 'int', 'value': 16}]",1,1
487.204318,7555,7555,7548,1001,4026531840,tsm,ip-10-100-1-217,42,connect,[],3,-114,"[{'name': 'sockfd', 'type': 'int', 'value': 333}, {'name': 'addr', 'type': 'struct sockaddr*', 'value': ""{'sa_family': 'AF_INET','sin_port': '22','sin_addr': '192.168.19.112'}""}, {'name': 'addrlen', 'type': 'int', 'value': 16}]",1,1
487.20434,7555,7555,7548,1001,4026531840,tsm,ip-10-100-1-217,42,connect,[],3,-114,"[{'name': 'sockfd', 'type': 'int', 'value': 334}, {'name': 'addr', 'type': 'struct sockaddr*', 'value': ""{'sa_family': 'AF_INET','sin_port': '22','sin_addr': '192.168.19.113'}""}, {'name': 'addrlen', 'type': 'int', 'value': 16}]",1,1
487.204362,7555,7555,7548,1001,4026531840,tsm,ip-10-100-1-217,42,connect,[],3,-114,"[{'name': 'sockfd', 'type': 'int', 'value': 335}, {'name': 'addr', 'type': 'struct sockaddr*', 'value': ""{'sa_family': 'AF_INET','sin_port': '22','sin_addr': '192.168.19.114'}""}, {'name': 'addrlen', 'type': 'int', 'value': 16}]",1,1
487.204384,7555,7555,7548,1001,4026531840,tsm,ip-10-100-1-217,42,connect,[],3,-114,"[{'name': 'sockfd', 'type': 'int', 'value': 336}, {'name': 'addr', 'type': 'struct sockaddr*', 'value': ""{'sa_family': 'AF_INET','sin_port': '22','sin_addr': '192.168.19.115'}""}, {'name': 'addrlen', 'type': 'int', 'value': 16}]",1,1
487.204406,7555,7555,7548,1001,4026531840,tsm,ip-10-100-1-217,42,connect,[],3,-114,"[{'name': 'sockfd', 'type': 'int', 'value': 337}, {'name': 'addr', 'type': 'struct sockaddr*', 'value': ""{'sa_family': 'AF_INET','sin_port': '22','sin_addr': '192.168.19.116'}""}, {'name': 'addrlen', 'type': 'int', 'value': 16}]",1,1
487.204428,7555,7555,7548,1001,4026531840,tsm,ip-10-100-1-217,42,connect,[],3,-114,"[{'name': 'sockfd', 'type': 'int', 'value': 338}, {'name': 'addr', 'type': 'struct sockaddr*', 'value': ""{'sa_family': 'AF_INET','sin_port': '22','sin_addr': '192.168.19.117'}""}, {'name': 'addrlen', 'type': 'int', 'value': 16}]",1,1
487.20445,7555,7555,7548,1001,4026531840,tsm,ip-10-100-1-217,42,connect,[],3,-114,"[{'name': 'sockfd', 'type': 'int', 'value': 339}, {'name': 'addr', 'type': 'struct sockaddr*', 'value': ""{'sa_family': 'AF_INET','sin_port': '22','sin_addr': '192.168.19.118'}""}, {'name': 'addrlen', 'type': 'int', 'value': 16}]",1,1
487.204472,7555,7555,7548,1001,4026531840,tsm,ip-10-100-1-217,42,connect,[],3,-114,"[{'name': 'sockfd', 'type': 'int', 'value': 340}, {'name': 'addr', 'type': 'struct sockaddr*', 'value': ""{'sa_family': 'AF_INET','sin_port': '22','sin_addr': '192.168.19.119'}""}, {'name': 'addrlen', 'type': 'int', 'value': 16}]",1,1
487.204494,7555,7555,7548,1001,4026531840,tsm,ip-10-100-1-217,42,connect,[],3,-114,"[{'name': 'sockfd', 'type': 'int', 'value': 341}, {'name': 'addr', 'type': 'struct sockaddr*', 'value': ""{'sa_family': 'AF_INET','sin_port': '22','sin_addr': '192.168.19.120'}""}, {'name': 'addrlen', 'type': 'int', 'value': 16}]",1,1
487.204516,7555,7555,7548,1001,4026531840,tsm,ip-10-100-1-217,42,connect,[],3,-114,"[{'name': 'sockfd', 'type': 'int', 'value': 342}, {'name': 'addr', 'type': 'struct sockaddr*', 'value': ""{'sa_family': 'AF_INET','sin_port': '22','sin_addr': '192.168.19.121'}""}, {'name': 'addrlen', 'type': 'int', 'value': 16}]",1,1
487.204538,7555,7555,7548,1001,4026531840,tsm,ip-10-100-1-217,42,connect,[],3,-114,"[{'name': 'sockfd', 'type': 'int', 'value': 343}, {'name': 'addr', 'type': 'struct sockaddr*', 'value': ""{'sa_family': 'AF_INET','sin_port': '22','sin_addr': '192.168.19.122'}""}, {'name': 'addrlen', 'type': 'int', 'value': 16}]",1,1
487.20456,7555,7555,7548,1001,4026531840,tsm,ip-10-100-1-217,42,connect,[],3,-114,"[{'name': 'sockfd', 'type': 'int', 'value': 344}, {'name': 'addr', 'type': 'struct sockaddr*', 'value': ""{'sa_family': 'AF_INET','sin_port': '22','sin_addr': '192.168.19.123'}""}, {'name': 'addrlen', 'type': 'int', 'value': 16}]",1,1
487.204582,7555,7555,7548,1001,4026531840,tsm,ip-10-100-1-217,42,connect,[],3,-114,"[{'name': 'sockfd', 'type': 'int', 'value': 345}, {'name': 'addr', 'type': 'struct sockaddr*', 'value': ""{'sa_family': 'AF_INET','sin_port': '22','sin_addr': '192.168.19.124'}""}, {'name': 'addrlen', 'type': 'int', 'value': 16}]",1,1
487.204604,7555,7555,7548,1001,4026531840,tsm,ip-10-100-1-217,42,connect,[],3,-114,"[{'name': 'sockfd', 'type': 'int', 'value': 346}, {'name': 'addr', 'type': 'struct sockaddr*', 'value': ""{'sa_family': 'AF_INET','sin_port': '22','sin_addr': '192.168.19.125'}""}, {'name': 'addrlen', 'type': 'int', 'value': 16}]",1,1
487.204626,7555,7555,7548,1001,4026531840,tsm,ip-10-100-1-217,42,connect,[],3,-114,"[{'name': 'sockfd', 'type': 'int', 'value': 347}, {'name': 'addr', 'type': 'struct sockaddr*', 'value': ""{'sin_addr': '192.168.19.126','sa_family': 'AF_INET','sin_port': '22'}""}, {'name': 'addrlen', 'type': 'int', 'value': 16}]",1,1
487.204648,7555,7555,7548,1001,4026531840,tsm,ip-10-100-1-217,42,connect,[],3,-114,"[{'name': 'sockfd', 'type': 'int', 'value': 348}, {'name': 'addr', 'type': 'struct sockaddr*', 'value': ""{'sa_family': 'AF_INET','sin_port': '22','sin_addr': '192.168.19.127'}""}, {'name': 'addrlen', 'type': 'int', 'value': 16}]",1,1
487.20467,7555,7555,7548,1001,4026531840,tsm,ip-10-100-1-217,42,connect,[],3,-114,"[{'name': 'sockfd', 'type': 'int', 'value': 349}, {'name': 'addr', 'type': 'struct sockaddr*', 'value': ""{'sa_family': 'AF_INET','sin_port': '22','sin_addr': '192.168.19.128'}""}, {'name': 'addrlen', 'type': 'int', 'value': 16}]",1,1
487.204692,7555,7555,7548,1001,4026531840,tsm,ip-10-100-1-217,42,connect,[],3,-114,"[{'name': 'sockfd', 'type': 'int', 'value': 350}, {'name': 'addr', 'type': 'struct sockaddr*', 'value': ""{'sin_addr': '192.168.19.129','sa_family': 'AF_INET','sin_port': '22'}""}, {'name': 'addrlen', 'type': 'int', 'value': 16}]",1,1
487.204714,7555,7555,7548,1001,4026531840,tsm,ip-10-100-1-217,42,connect,[],3,-114,"[{'name': 'sockfd', 'type': 'int', 'value': 351}, {'name': 'addr', 'type': 'struct sockaddr*', 'value': ""{'sa_family': 'AF_INET','sin_port': '22','sin_addr': '192.168.19.130'}""}, {'name': 'addrlen', 'type': 'int', 'value': 16}]",1,1
487.204736,7555,7555,7548,1001,4026531840,tsm,ip-10-100-1-217,42,connect,[],3,-114,"[{'name': 'sockfd', 'type': 'int', 'value': 352}, {'name': 'addr', 'type': 'struct sockaddr*', 'value': ""{'sa_family': 'AF_INET','sin_port': '22','sin_addr': '192.168.19.131'}""}, {'name': 'addrlen', 'type': 'int', 'value': 16}]",1,1
487.204759,7555,7555,7548,1001,4026531840,tsm,ip-10-100-1-217,42,connect,[],3,-114,"[{'name': 'sockfd', 'type': 'int', 'value': 353}, {'name': 'addr', 'type': 'struct sockaddr*', 'value': ""{'sa_family': 'AF_INET','sin_port': '22','sin_addr': '192.168.19.132'}""}, {'name': 'addrlen', 'type': 'int', 'value': 16}]",1,1
487.204781,7555,7555,7548,1001,4026531840,tsm,ip-10-100-1-217,42,connect,[],3,-114,"[{'name': 'sockfd', 'type': 'int', 'value': 354}, {'name': 'addr', 'type': 'struct sockaddr*', 'value': ""{'sa_family': 'AF_INET','sin_port': '22','sin_addr': '192.168.19.133'}""}, {'name': 'addrlen', 'type': 'int', 'value': 16}]",1,1
487.204803,7555,7555,7548,1001,4026531840,tsm,ip-10-100-1-217,42,connect,[],3,-114,"[{'name': 'sockfd', 'type': 'int', 'value': 355}, {'name': 'addr', 'type': 'struct sockaddr*', 'value': ""{'sin_addr': '192.168.19.134','sa_family': 'AF_INET','sin_port': '22'}""}, {'name': 'addrlen', 'type': 'int', 'value': 16}]",1,1
487.204825,7555,7555,7548,1001,4026531840,tsm,ip-10-100-1-217,42,connect,[],3,-114,"[{'name': 'sockfd', 'type': 'int', 'value': 356}, {'name': 'addr', 'type': 'struct sockaddr*', 'value': ""{'sa_family': 'AF_INET','sin_port': '22','sin_addr': '192.168.19.135'}""}, {'name': 'addrlen', 'type': 'int', 'value': 16}]",1,1
487.204847,7555,7555,7548,1001,4026531840,tsm,ip-10-100-1-217,42,connect,[],3,-114,"[{'name': 'sockfd', 'type': 'int', 'value': 357}, {'name': 'addr', 'type': 'struct sockaddr*', 'value': ""{'sa_family': 'AF_INET','sin_port': '22','sin_addr': '192.168.19.136'}""}, {'name': 'addrlen', 'type': 'int', 'value': 16}]",1,1
487.204869,7555,7555,7548,1001,4026531840,tsm,ip-10-100-1-217,42,connect,[],3,-114,"[{'name': 'sockfd', 'type': 'int', 'value': 358}, {'name': 'addr', 'type': 'struct sockaddr*', 'value': ""{'sin_port': '22','sin_addr': '192.168.19.137','sa_family': 'AF_INET'}""}, {'name': 'addrlen', 'type': 'int', 'value': 16}]",1,1
487.204891,7555,7555,7548,1001,4026531840,tsm,ip-10-100-1-217,42,connect,[],3,-114,"[{'name': 'sockfd', 'type': 'int', 'value': 359}, {'name': 'addr', 'type': 'struct sockaddr*', 'value': ""{'sa_family': 'AF_INET','sin_port': '22','sin_addr': '192.168.19.138'}""}, {'name': 'addrlen', 'type': 'int', 'value': 16}]",1,1
487.204913,7555,7555,7548,1001,4026531840,tsm,ip-10-100-1-217,42,connect,[],3,-114,"[{'name': 'sockfd', 'type': 'int', 'value': 360}, {'name': 'addr', 'type': 'struct sockaddr*', 'value': ""{'sa_family': 'AF_INET','sin_port': '22','sin_addr': '192.168.19.139'}""}, {'name': 'addrlen', 'type': 'int', 'value': 16}]",1,1
487.204935,7555,7555,7548,1001,4026531840,tsm,ip-10-100-1-217,42,connect,[],3,-114,"[{'name': 'sockfd', 'type': 'int', 'value': 361}, {'name': 'addr', 'type': 'struct sockaddr*', 'value': ""{'sa_family': 'AF_INET','sin_port': '22','sin_addr': '192.168.19.140'}""}, {'name': 'addrlen', 'type': 'int', 'value': 16}]",1,1
487.204957,7555,7555,7548,1001,4026531840,tsm,ip-10-100-1-217,42,connect,[],3,-114,"[{'name': 'sockfd', 'type': 'int', 'value': 362}, {'name': 'addr', 'type': 'struct sockaddr*', 'value': ""{'sin_port': '22','sin_addr': '192.168.19.141','sa_family': 'AF_INET'}""}, {'name': 'addrlen', 'type': 'int', 'value': 16}]",1,1
487.204979,7555,7555,7548,1001,4026531840,tsm,ip-10-100-1-217,42,connect,[],3,-114,"[{'name': 'sockfd', 'type': 'int', 'value': 363}, {'name': 'addr', 'type': 'struct sockaddr*', 'value': ""{'sa_family': 'AF_INET','sin_port': '22','sin_addr': '192.168.19.142'}""}, {'name': 'addrlen', 'type': 'int', 'value': 16}]",1,1
487.205001,7555,7555,7548,1001,4026531840,tsm,ip-10-100-1-217,42,connect,[],3,-114,"[{'name': 'sockfd', 'type': 'int', 'value': 364}, {'name': 'addr', 'type': 'struct sockaddr*', 'value': ""{'sa_family': 'AF_INET','sin_port': '22','sin_addr': '192.168.19.143'}""}, {'name': 'addrlen', 'type': 'int', 'value': 16}]",1,1
487.205023,7555,7555,7548,1001,4026531840,tsm,ip-10-100-1-217,42,connect,[],3,-114,"[{'name': 'sockfd', 'type': 'int', 'value': 365}, {'name': 'addr', 'type': 'struct sockaddr*', 'value': ""{'sa_family': 'AF_INET','sin_port': '22','sin_addr': '192.168.19.144'}""}, {'name': 'addrlen', 'type': 'int', 'value': 16}]",1,1
487.205045,7555,7555,7548,1001,4026531840,tsm,ip-10-100-1-217,42,connect,[],3,-114,"[{'name': 'sockfd', 'type': 'int', 'value': 366}, {'name': 'addr', 'type': 'struct sockaddr*', 'value': ""{'sa_family': 'AF_INET','sin_port': '22','sin_addr': '192.168.19.145'}""}, {'name': 'addrlen', 'type': 'int', 'value': 16}]",1,1
487.205067,7555,7555,7548,1001,4026531840,tsm,ip-10-100-1-217,42,connect,[],3,-114,"[{'name': 'sockfd', 'type': 'int', 'value': 367}, {'name': 'addr', 'type': 'struct sockaddr*', 'value': ""{'sa_family': 'AF_INET','sin_port': '22','sin_addr': '192.168.19.146'}""}, {'name': 'addrlen', 'type': 'int', 'value': 16}]",1,1
487.205089,7555,7555,7548,1001,4026531840,tsm,ip-10-100-1-217,42,connect,[],3,-114,"[{'name': 'sockfd', 'type': 'int', 'value': 368}, {'name': 'addr', 'type': 'struct sockaddr*', 'value': ""{'sa_family': 'AF_INET','sin_port': '22','sin_addr': '192.168.19.147'}""}, {'name': 'addrlen', 'type': 'int', 'value': 16}]",1,1
487.205111,7555,7555,7548,1001,4026531840,tsm,ip-10-100-1-217,42,connect,[],3,-114,"[{'name': 'sockfd', 'type': 'int', 'value': 369}, {'name': 'addr', 'type': 'struct sockaddr*', 'value': ""{'sa_family': 'AF_INET','sin_port': '22','sin_addr': '192.168.19.148'}""}, {'name': 'addrlen', 'type': 'int', 'value': 16}]",1,1
487.205133,7555,7555,7548,1001,4026531840,tsm,ip-10-100-1-217,42,connect,[],3,-114,"[{'name': 'sockfd', 'type': 'int', 'value': 370}, {'name': 'addr', 'type': 'struct sockaddr*', 'value': ""{'sin_addr': '192.168.19.149','sa_family': 'AF_INET','sin_port': '22'}""}, {'name': 'addrlen', 'type': 'int', 'value': 16}]",1,1
487.205155,7555,7555,7548,1001,4026531840,tsm,ip-10-100-1-217,42,connect,[],3,-114,"[{'name': 'sockfd', 'type': 'int', 'value': 371}, {'name': 'addr', 'type': 'struct sockaddr*', 'value': ""{'sa_family': 'AF_INET','sin_port': '22','sin_addr': '192.168.19.150'}""}, {'name': 'addrlen', 'type': 'int', 'value': 16}]",1,1
487.205176,7555,7555,7548,1001,4026531840,tsm,ip-10-100-1-217,42,connect,[],3,-114,"[{'name': 'sockfd', 'type': 'int', 'value': 372}, {'name': 'addr', 'type': 'struct sockaddr*', 'value': ""{'sin_port': '22','sin_addr': '192.168.19.151','sa_family': 'AF_INET'}""}, {'name': 'addrlen', 'type': 'int', 'value': 16}]",1,1
487.205198,7555,7555,7548,1001,4026531840,tsm,ip-10-100-1-217,42,connect,[],3,-114,"[{'name': 'sockfd', 'type': 'int', 'value': 373}, {'name': 'addr', 'type': 'struct sockaddr*', 'value': ""{'sa_family': 'AF_INET','sin_port': '22','sin_addr': '192.168.19.152'}""}, {'name': 'addrlen', 'type': 'int', 'value': 16}]",1,1
487.20522,7555,7555,7548,1001,4026531840,tsm,ip-10-100-1-217,42,connect,[],3,-114,"[{'name': 'sockfd', 'type': 'int', 'value': 374}, {'name': 'addr', 'type': 'struct sockaddr*', 'value': ""{'sa_family': 'AF_INET','sin_port': '22','sin_addr': '192.168.19.153'}""}, {'name': 'addrlen', 'type': 'int', 'value': 16}]",1,1
487.205243,7555,7555,7548,1001,4026531840,tsm,ip-10-100-1-217,42,connect,[],3,-114,"[{'name': 'sockfd', 'type': 'int', 'value': 375}, {'name': 'addr', 'type': 'struct sockaddr*', 'value': ""{'sa_family': 'AF_INET','sin_port': '22','sin_addr': '192.168.19.154'}""}, {'name': 'addrlen', 'type': 'int', 'value': 16}]",1,1
487.205265,7555,7555,7548,1001,4026531840,tsm,ip-10-100-1-217,42,connect,[],3,-114,"[{'name': 'sockfd', 'type': 'int', 'value': 376}, {'name': 'addr', 'type': 'struct sockaddr*', 'value': ""{'sa_family': 'AF_INET','sin_port': '22','sin_addr': '192.168.19.155'}""}, {'name': 'addrlen', 'type': 'int', 'value': 16}]",1,1
487.205286,7555,7555,7548,1001,4026531840,tsm,ip-10-100-1-217,42,connect,[],3,-114,"[{'name': 'sockfd', 'type': 'int', 'value': 377}, {'name': 'addr', 'type': 'struct sockaddr*', 'value': ""{'sa_family': 'AF_INET','sin_port': '22','sin_addr': '192.168.19.156'}""}, {'name': 'addrlen', 'type': 'int', 'value': 16}]",1,1
487.205308,7555,7555,7548,1001,4026531840,tsm,ip-10-100-1-217,42,connect,[],3,-114,"[{'name': 'sockfd', 'type': 'int', 'value': 378}, {'name': 'addr', 'type': 'struct sockaddr*', 'value': ""{'sa_family': 'AF_INET','sin_port': '22','sin_addr': '192.168.19.157'}""}, {'name': 'addrlen', 'type': 'int', 'value': 16}]",1,1
487.20533,7555,7555,7548,1001,4026531840,tsm,ip-10-100-1-217,42,connect,[],3,-114,"[{'name': 'sockfd', 'type': 'int', 'value': 379}, {'name': 'addr', 'type': 'struct sockaddr*', 'value': ""{'sa_family': 'AF_INET','sin_port': '22','sin_addr': '192.168.19.158'}""}, {'name': 'addrlen', 'type': 'int', 'value': 16}]",1,1
487.205352,7555,7555,7548,1001,4026531840,tsm,ip-10-100-1-217,42,connect,[],3,-114,"[{'name': 'sockfd', 'type': 'int', 'value': 380}, {'name': 'addr', 'type': 'struct sockaddr*', 'value': ""{'sa_family': 'AF_INET','sin_port': '22','sin_addr': '192.168.19.159'}""}, {'name': 'addrlen', 'type': 'int', 'value': 16}]",1,1
487.205375,7555,7555,7548,1001,4026531840,tsm,ip-10-100-1-217,42,connect,[],3,-114,"[{'name': 'sockfd', 'type': 'int', 'value': 381}, {'name': 'addr', 'type': 'struct sockaddr*', 'value': ""{'sa_family': 'AF_INET','sin_port': '22','sin_addr': '192.168.19.160'}""}, {'name': 'addrlen', 'type': 'int', 'value': 16}]",1,1
487.205399,7555,7555,7548,1001,4026531840,tsm,ip-10-100-1-217,42,connect,[],3,-114,"[{'name': 'sockfd', 'type': 'int', 'value': 382}, {'name': 'addr', 'type': 'struct sockaddr*', 'value': ""{'sin_port': '22','sin_addr': '192.168.19.161','sa_family': 'AF_INET'}""}, {'name': 'addrlen', 'type': 'int', 'value': 16}]",1,1
487.205422,7555,7555,7548,1001,4026531840,tsm,ip-10-100-1-217,42,connect,[],3,-114,"[{'name': 'sockfd', 'type': 'int', 'value': 383}, {'name': 'addr', 'type': 'struct sockaddr*', 'value': ""{'sa_family': 'AF_INET','sin_port': '22','sin_addr': '192.168.19.162'}""}, {'name': 'addrlen', 'type': 'int', 'value': 16}]",1,1
487.205443,7555,7555,7548,1001,4026531840,tsm,ip-10-100-1-217,42,connect,[],3,-114,"[{'name': 'sockfd', 'type': 'int', 'value': 384}, {'name': 'addr', 'type': 'struct sockaddr*', 'value': ""{'sin_addr': '192.168.19.163','sa_family': 'AF_INET','sin_port': '22'}""}, {'name': 'addrlen', 'type': 'int', 'value': 16}]",1,1
487.205466,7555,7555,7548,1001,4026531840,tsm,ip-10-100-1-217,42,connect,[],3,-114,"[{'name': 'sockfd', 'type': 'int', 'value': 385}, {'name': 'addr', 'type': 'struct sockaddr*', 'value': ""{'sa_family': 'AF_INET','sin_port': '22','sin_addr': '192.168.19.164'}""}, {'name': 'addrlen', 'type': 'int', 'value': 16}]",1,1
487.205488,7555,7555,7548,1001,4026531840,tsm,ip-10-100-1-217,42,connect,[],3,-114,"[{'name': 'sockfd', 'type': 'int', 'value': 386}, {'name': 'addr', 'type': 'struct sockaddr*', 'value': ""{'sin_port': '22','sin_addr': '192.168.19.165','sa_family': 'AF_INET'}""}, {'name': 'addrlen', 'type': 'int', 'value': 16}]",1,1
487.20551,7555,7555,7548,1001,4026531840,tsm,ip-10-100-1-217,42,connect,[],3,-114,"[{'name': 'sockfd', 'type': 'int', 'value': 387}, {'name': 'addr', 'type': 'struct sockaddr*', 'value': ""{'sa_family': 'AF_INET','sin_port': '22','sin_addr': '192.168.19.166'}""}, {'name': 'addrlen', 'type': 'int', 'value': 16}]",1,1
487.205532,7555,7555,7548,1001,4026531840,tsm,ip-10-100-1-217,42,connect,[],3,-114,"[{'name': 'sockfd', 'type': 'int', 'value': 388}, {'name': 'addr', 'type': 'struct sockaddr*', 'value': ""{'sin_addr': '192.168.19.167','sa_family': 'AF_INET','sin_port': '22'}""}, {'name': 'addrlen', 'type': 'int', 'value': 16}]",1,1
487.205554,7555,7555,7548,1001,4026531840,tsm,ip-10-100-1-217,42,connect,[],3,-114,"[{'name': 'sockfd', 'type': 'int', 'value': 389}, {'name': 'addr', 'type': 'struct sockaddr*', 'value': ""{'sa_family': 'AF_INET','sin_port': '22','sin_addr': '192.168.19.168'}""}, {'name': 'addrlen', 'type': 'int', 'value': 16}]",1,1
487.205576,7555,7555,7548,1001,4026531840,tsm,ip-10-100-1-217,42,connect,[],3,-114,"[{'name': 'sockfd', 'type': 'int', 'value': 390}, {'name': 'addr', 'type': 'struct sockaddr*', 'value': ""{'sa_family': 'AF_INET','sin_port': '22','sin_addr': '192.168.19.169'}""}, {'name': 'addrlen', 'type': 'int', 'value': 16}]",1,1
487.205598,7555,7555,7548,1001,4026531840,tsm,ip-10-100-1-217,42,connect,[],3,-114,"[{'name': 'sockfd', 'type': 'int', 'value': 391}, {'name': 'addr', 'type': 'struct sockaddr*', 'value': ""{'sa_family': 'AF_INET','sin_port': '22','sin_addr': '192.168.19.170'}""}, {'name': 'addrlen', 'type': 'int', 'value': 16}]",1,1
487.20562,7555,7555,7548,1001,4026531840,tsm,ip-10-100-1-217,42,connect,[],3,-114,"[{'name': 'sockfd', 'type': 'int', 'value': 392}, {'name': 'addr', 'type': 'struct sockaddr*', 'value': ""{'sa_family': 'AF_INET','sin_port': '22','sin_addr': '192.168.19.171'}""}, {'name': 'addrlen', 'type': 'int', 'value': 16}]",1,1
487.205642,7555,7555,7548,1001,4026531840,tsm,ip-10-100-1-217,42,connect,[],3,-114,"[{'name': 'sockfd', 'type': 'int', 'value': 393}, {'name': 'addr', 'type': 'struct sockaddr*', 'value': ""{'sa_family': 'AF_INET','sin_port': '22','sin_addr': '192.168.19.172'}""}, {'name': 'addrlen', 'type': 'int', 'value': 16}]",1,1
487.205664,7555,7555,7548,1001,4026531840,tsm,ip-10-100-1-217,42,connect,[],3,-114,"[{'name': 'sockfd', 'type': 'int', 'value': 394}, {'name': 'addr', 'type': 'struct sockaddr*', 'value': ""{'sa_family': 'AF_INET','sin_port': '22','sin_addr': '192.168.19.173'}""}, {'name': 'addrlen', 'type': 'int', 'value': 16}]",1,1
487.205686,7555,7555,7548,1001,4026531840,tsm,ip-10-100-1-217,42,connect,[],3,-114,"[{'name': 'sockfd', 'type': 'int', 'value': 395}, {'name': 'addr', 'type': 'struct sockaddr*', 'value': ""{'sa_family': 'AF_INET','sin_port': '22','sin_addr': '192.168.19.174'}""}, {'name': 'addrlen', 'type': 'int', 'value': 16}]",1,1
487.205708,7555,7555,7548,1001,4026531840,tsm,ip-10-100-1-217,42,connect,[],3,-114,"[{'name': 'sockfd', 'type': 'int', 'value': 396}, {'name': 'addr', 'type': 'struct sockaddr*', 'value': ""{'sin_port': '22','sin_addr': '192.168.19.175','sa_family': 'AF_INET'}""}, {'name': 'addrlen', 'type': 'int', 'value': 16}]",1,1
487.20573,7555,7555,7548,1001,4026531840,tsm,ip-10-100-1-217,42,connect,[],3,-114,"[{'name': 'sockfd', 'type': 'int', 'value': 397}, {'name': 'addr', 'type': 'struct sockaddr*', 'value': ""{'sa_family': 'AF_INET','sin_port': '22','sin_addr': '192.168.19.176'}""}, {'name': 'addrlen', 'type': 'int', 'value': 16}]",1,1
487.205752,7555,7555,7548,1001,4026531840,tsm,ip-10-100-1-217,42,connect,[],3,-114,"[{'name': 'sockfd', 'type': 'int', 'value': 398}, {'name': 'addr', 'type': 'struct sockaddr*', 'value': ""{'sa_family': 'AF_INET','sin_port': '22','sin_addr': '192.168.19.177'}""}, {'name': 'addrlen', 'type': 'int', 'value': 16}]",1,1
487.205774,7555,7555,7548,1001,4026531840,tsm,ip-10-100-1-217,42,connect,[],3,-114,"[{'name': 'sockfd', 'type': 'int', 'value': 399}, {'name': 'addr', 'type': 'struct sockaddr*', 'value': ""{'sa_family': 'AF_INET','sin_port': '22','sin_addr': '192.168.19.178'}""}, {'name': 'addrlen', 'type': 'int', 'value': 16}]",1,1
487.205796,7555,7555,7548,1001,4026531840,tsm,ip-10-100-1-217,42,connect,[],3,-114,"[{'name': 'sockfd', 'type': 'int', 'value': 400}, {'name': 'addr', 'type': 'struct sockaddr*', 'value': ""{'sa_family': 'AF_INET','sin_port': '22','sin_addr': '192.168.19.179'}""}, {'name': 'addrlen', 'type': 'int', 'value': 16}]",1,1
487.205819,7555,7555,7548,1001,4026531840,tsm,ip-10-100-1-217,42,connect,[],3,-114,"[{'name': 'sockfd', 'type': 'int', 'value': 401}, {'name': 'addr', 'type': 'struct sockaddr*', 'value': ""{'sa_family': 'AF_INET','sin_port': '22','sin_addr': '192.168.19.180'}""}, {'name': 'addrlen', 'type': 'int', 'value': 16}]",1,1
487.205841,7555,7555,7548,1001,4026531840,tsm,ip-10-100-1-217,42,connect,[],3,-114,"[{'name': 'sockfd', 'type': 'int', 'value': 402}, {'name': 'addr', 'type': 'struct sockaddr*', 'value': ""{'sa_family': 'AF_INET','sin_port': '22','sin_addr': '192.168.19.181'}""}, {'name': 'addrlen', 'type': 'int', 'value': 16}]",1,1
487.205863,7555,7555,7548,1001,4026531840,tsm,ip-10-100-1-217,42,connect,[],3,-114,"[{'name': 'sockfd', 'type': 'int', 'value': 403}, {'name': 'addr', 'type': 'struct sockaddr*', 'value': ""{'sa_family': 'AF_INET','sin_port': '22','sin_addr': '192.168.19.182'}""}, {'name': 'addrlen', 'type': 'int', 'value': 16}]",1,1
487.205885,7555,7555,7548,1001,4026531840,tsm,ip-10-100-1-217,42,connect,[],3,-114,"[{'name': 'sockfd', 'type': 'int', 'value': 404}, {'name': 'addr', 'type': 'struct sockaddr*', 'value': ""{'sa_family': 'AF_INET','sin_port': '22','sin_addr': '192.168.19.183'}""}, {'name': 'addrlen', 'type': 'int', 'value': 16}]",1,1
487.205907,7555,7555,7548,1001,4026531840,tsm,ip-10-100-1-217,42,connect,[],3,-114,"[{'name': 'sockfd', 'type': 'int', 'value': 405}, {'name': 'addr', 'type': 'struct sockaddr*', 'value': ""{'sa_family': 'AF_INET','sin_port': '22','sin_addr': '192.168.19.184'}""}, {'name': 'addrlen', 'type': 'int', 'value': 16}]",1,1
487.205929,7555,7555,7548,1001,4026531840,tsm,ip-10-100-1-217,42,connect,[],3,-114,"[{'name': 'sockfd', 'type': 'int', 'value': 406}, {'name': 'addr', 'type': 'struct sockaddr*', 'value': ""{'sa_family': 'AF_INET','sin_port': '22','sin_addr': '192.168.19.185'}""}, {'name': 'addrlen', 'type': 'int', 'value': 16}]",1,1
487.205951,7555,7555,7548,1001,4026531840,tsm,ip-10-100-1-217,42,connect,[],3,-114,"[{'name': 'sockfd', 'type': 'int', 'value': 407}, {'name': 'addr', 'type': 'struct sockaddr*', 'value': ""{'sin_port': '22','sin_addr': '192.168.19.186','sa_family': 'AF_INET'}""}, {'name': 'addrlen', 'type': 'int', 'value': 16}]",1,1
487.205973,7555,7555,7548,1001,4026531840,tsm,ip-10-100-1-217,42,connect,[],3,-114,"[{'name': 'sockfd', 'type': 'int', 'value': 408}, {'name': 'addr', 'type': 'struct sockaddr*', 'value': ""{'sa_family': 'AF_INET','sin_port': '22','sin_addr': '192.168.19.187'}""}, {'name': 'addrlen', 'type': 'int', 'value': 16}]",1,1
487.205995,7555,7555,7548,1001,4026531840,tsm,ip-10-100-1-217,42,connect,[],3,-114,"[{'name': 'sockfd', 'type': 'int', 'value': 409}, {'name': 'addr', 'type': 'struct sockaddr*', 'value': ""{'sin_addr': '192.168.19.188','sa_family': 'AF_INET','sin_port': '22'}""}, {'name': 'addrlen', 'type': 'int', 'value': 16}]",1,1
487.206017,7555,7555,7548,1001,4026531840,tsm,ip-10-100-1-217,42,connect,[],3,-114,"[{'name': 'sockfd', 'type': 'int', 'value': 410}, {'name': 'addr', 'type': 'struct sockaddr*', 'value': ""{'sa_family': 'AF_INET','sin_port': '22','sin_addr': '192.168.19.189'}""}, {'name': 'addrlen', 'type': 'int', 'value': 16}]",1,1
487.206039,7555,7555,7548,1001,4026531840,tsm,ip-10-100-1-217,42,connect,[],3,-114,"[{'name': 'sockfd', 'type': 'int', 'value': 411}, {'name': 'addr', 'type': 'struct sockaddr*', 'value': ""{'sa_family': 'AF_INET','sin_port': '22','sin_addr': '192.168.19.190'}""}, {'name': 'addrlen', 'type': 'int', 'value': 16}]",1,1
487.206061,7555,7555,7548,1001,4026531840,tsm,ip-10-100-1-217,42,connect,[],3,-114,"[{'name': 'sockfd', 'type': 'int', 'value': 412}, {'name': 'addr', 'type': 'struct sockaddr*', 'value': ""{'sa_family': 'AF_INET','sin_port': '22','sin_addr': '192.168.19.191'}""}, {'name': 'addrlen', 'type': 'int', 'value': 16}]",1,1
487.206083,7555,7555,7548,1001,4026531840,tsm,ip-10-100-1-217,42,connect,[],3,-114,"[{'name': 'sockfd', 'type': 'int', 'value': 413}, {'name': 'addr', 'type': 'struct sockaddr*', 'value': ""{'sa_family': 'AF_INET','sin_port': '22','sin_addr': '192.168.19.192'}""}, {'name': 'addrlen', 'type': 'int', 'value': 16}]",1,1
487.206105,7555,7555,7548,1001,4026531840,tsm,ip-10-100-1-217,42,connect,[],3,-114,"[{'name': 'sockfd', 'type': 'int', 'value': 414}, {'name': 'addr', 'type': 'struct sockaddr*', 'value': ""{'sa_family': 'AF_INET','sin_port': '22','sin_addr': '192.168.19.193'}""}, {'name': 'addrlen', 'type': 'int', 'value': 16}]",1,1
487.206127,7555,7555,7548,1001,4026531840,tsm,ip-10-100-1-217,42,connect,[],3,-114,"[{'name': 'sockfd', 'type': 'int', 'value': 415}, {'name': 'addr', 'type': 'struct sockaddr*', 'value': ""{'sa_family': 'AF_INET','sin_port': '22','sin_addr': '192.168.19.194'}""}, {'name': 'addrlen', 'type': 'int', 'value': 16}]",1,1
487.206149,7555,7555,7548,1001,4026531840,tsm,ip-10-100-1-217,42,connect,[],3,-114,"[{'name': 'sockfd', 'type': 'int', 'value': 416}, {'name': 'addr', 'type': 'struct sockaddr*', 'value': ""{'sin_addr': '192.168.19.195','sa_family': 'AF_INET','sin_port': '22'}""}, {'name': 'addrlen', 'type': 'int', 'value': 16}]",1,1
487.206171,7555,7555,7548,1001,4026531840,tsm,ip-10-100-1-217,42,connect,[],3,-114,"[{'name': 'sockfd', 'type': 'int', 'value': 417}, {'name': 'addr', 'type': 'struct sockaddr*', 'value': ""{'sa_family': 'AF_INET','sin_port': '22','sin_addr': '192.168.19.196'}""}, {'name': 'addrlen', 'type': 'int', 'value': 16}]",1,1
487.206193,7555,7555,7548,1001,4026531840,tsm,ip-10-100-1-217,42,connect,[],3,-114,"[{'name': 'sockfd', 'type': 'int', 'value': 418}, {'name': 'addr', 'type': 'struct sockaddr*', 'value': ""{'sa_family': 'AF_INET','sin_port': '22','sin_addr': '192.168.19.197'}""}, {'name': 'addrlen', 'type': 'int', 'value': 16}]",1,1
487.206215,7555,7555,7548,1001,4026531840,tsm,ip-10-100-1-217,42,connect,[],3,-114,"[{'name': 'sockfd', 'type': 'int', 'value': 419}, {'name': 'addr', 'type': 'struct sockaddr*', 'value': ""{'sa_family': 'AF_INET','sin_port': '22','sin_addr': '192.168.19.198'}""}, {'name': 'addrlen', 'type': 'int', 'value': 16}]",1,1
487.206237,7555,7555,7548,1001,4026531840,tsm,ip-10-100-1-217,42,connect,[],3,-114,"[{'name': 'sockfd', 'type': 'int', 'value': 420}, {'name': 'addr', 'type': 'struct sockaddr*', 'value': ""{'sa_family': 'AF_INET','sin_port': '22','sin_addr': '192.168.19.199'}""}, {'name': 'addrlen', 'type': 'int', 'value': 16}]",1,1
487.206259,7555,7555,7548,1001,4026531840,tsm,ip-10-100-1-217,42,connect,[],3,-114,"[{'name': 'sockfd', 'type': 'int', 'value': 421}, {'name': 'addr', 'type': 'struct sockaddr*', 'value': ""{'sin_port': '22','sin_addr': '192.168.19.200','sa_family': 'AF_INET'}""}, {'name': 'addrlen', 'type': 'int', 'value': 16}]",1,1
487.206281,7555,7555,7548,1001,4026531840,tsm,ip-10-100-1-217,42,connect,[],3,-114,"[{'name': 'sockfd', 'type': 'int', 'value': 422}, {'name': 'addr', 'type': 'struct sockaddr*', 'value': ""{'sa_family': 'AF_INET','sin_port': '22','sin_addr': '192.168.19.201'}""}, {'name': 'addrlen', 'type': 'int', 'value': 16}]",1,1
487.206303,7555,7555,7548,1001,4026531840,tsm,ip-10-100-1-217,42,connect,[],3,-114,"[{'name': 'sockfd', 'type': 'int', 'value': 423}, {'name': 'addr', 'type': 'struct sockaddr*', 'value': ""{'sa_family': 'AF_INET','sin_port': '22','sin_addr': '192.168.19.202'}""}, {'name': 'addrlen', 'type': 'int', 'value': 16}]",1,1
487.206325,7555,7555,7548,1001,4026531840,tsm,ip-10-100-1-217,42,connect,[],3,-114,"[{'name': 'sockfd', 'type': 'int', 'value': 424}, {'name': 'addr', 'type': 'struct sockaddr*', 'value': ""{'sin_addr': '192.168.19.203','sa_family': 'AF_INET','sin_port': '22'}""}, {'name': 'addrlen', 'type': 'int', 'value': 16}]",1,1
487.206347,7555,7555,7548,1001,4026531840,tsm,ip-10-100-1-217,42,connect,[],3,-114,"[{'name': 'sockfd', 'type': 'int', 'value': 425}, {'name': 'addr', 'type': 'struct sockaddr*', 'value': ""{'sa_family': 'AF_INET','sin_port': '22','sin_addr': '192.168.19.204'}""}, {'name': 'addrlen', 'type': 'int', 'value': 16}]",1,1
487.206369,7555,7555,7548,1001,4026531840,tsm,ip-10-100-1-217,42,connect,[],3,-114,"[{'name': 'sockfd', 'type': 'int', 'value': 426}, {'name': 'addr', 'type': 'struct sockaddr*', 'value': ""{'sa_family': 'AF_INET','sin_port': '22','sin_addr': '192.168.19.205'}""}, {'name': 'addrlen', 'type': 'int', 'value': 16}]",1,1
487.206391,7555,7555,7548,1001,4026531840,tsm,ip-10-100-1-217,42,connect,[],3,-114,"[{'name': 'sockfd', 'type': 'int', 'value': 427}, {'name': 'addr', 'type': 'struct sockaddr*', 'value': ""{'sin_port': '22','sin_addr': '192.168.19.206','sa_family': 'AF_INET'}""}, {'name': 'addrlen', 'type': 'int', 'value': 16}]",1,1
487.206413,7555,7555,7548,1001,4026531840,tsm,ip-10-100-1-217,42,connect,[],3,-114,"[{'name': 'sockfd', 'type': 'int', 'value': 428}, {'name': 'addr', 'type': 'struct sockaddr*', 'value': ""{'sa_family': 'AF_INET','sin_port': '22','sin_addr': '192.168.19.207'}""}, {'name': 'addrlen', 'type': 'int', 'value': 16}]",1,1
487.206435,7555,7555,7548,1001,4026531840,tsm,ip-10-100-1-217,42,connect,[],3,-114,"[{'name': 'sockfd', 'type': 'int', 'value': 429}, {'name': 'addr', 'type': 'struct sockaddr*', 'value': ""{'sa_family': 'AF_INET','sin_port': '22','sin_addr': '192.168.19.208'}""}, {'name': 'addrlen', 'type': 'int', 'value': 16}]",1,1
487.208708,7555,7555,7548,1001,4026531840,tsm,ip-10-100-1-217,42,connect,[],3,-114,"[{'name': 'sockfd', 'type': 'int', 'value': 430}, {'name': 'addr', 'type': 'struct sockaddr*', 'value': ""{'sa_family': 'AF_INET','sin_port': '22','sin_addr': '192.168.19.209'}""}, {'name': 'addrlen', 'type': 'int', 'value': 16}]",1,1
487.208737,7555,7555,7548,1001,4026531840,tsm,ip-10-100-1-217,42,connect,[],3,-114,"[{'name': 'sockfd', 'type': 'int', 'value': 431}, {'name': 'addr', 'type': 'struct sockaddr*', 'value': ""{'sa_family': 'AF_INET','sin_port': '22','sin_addr': '192.168.19.210'}""}, {'name': 'addrlen', 'type': 'int', 'value': 16}]",1,1
487.20876,7555,7555,7548,1001,4026531840,tsm,ip-10-100-1-217,42,connect,[],3,-114,"[{'name': 'sockfd', 'type': 'int', 'value': 432}, {'name': 'addr', 'type': 'struct sockaddr*', 'value': ""{'sa_family': 'AF_INET','sin_port': '22','sin_addr': '192.168.19.211'}""}, {'name': 'addrlen', 'type': 'int', 'value': 16}]",1,1
487.208782,7555,7555,7548,1001,4026531840,tsm,ip-10-100-1-217,42,connect,[],3,-114,"[{'name': 'sockfd', 'type': 'int', 'value': 433}, {'name': 'addr', 'type': 'struct sockaddr*', 'value': ""{'sa_family': 'AF_INET','sin_port': '22','sin_addr': '192.168.19.212'}""}, {'name': 'addrlen', 'type': 'int', 'value': 16}]",1,1
487.208804,7555,7555,7548,1001,4026531840,tsm,ip-10-100-1-217,42,connect,[],3,-114,"[{'name': 'sockfd', 'type': 'int', 'value': 434}, {'name': 'addr', 'type': 'struct sockaddr*', 'value': ""{'sa_family': 'AF_INET','sin_port': '22','sin_addr': '192.168.19.213'}""}, {'name': 'addrlen', 'type': 'int', 'value': 16}]",1,1
487.208826,7555,7555,7548,1001,4026531840,tsm,ip-10-100-1-217,42,connect,[],3,-114,"[{'name': 'sockfd', 'type': 'int', 'value': 435}, {'name': 'addr', 'type': 'struct sockaddr*', 'value': ""{'sa_family': 'AF_INET','sin_port': '22','sin_addr': '192.168.19.214'}""}, {'name': 'addrlen', 'type': 'int', 'value': 16}]",1,1
487.208848,7555,7555,7548,1001,4026531840,tsm,ip-10-100-1-217,42,connect,[],3,-114,"[{'name': 'sockfd', 'type': 'int', 'value': 436}, {'name': 'addr', 'type': 'struct sockaddr*', 'value': ""{'sa_family': 'AF_INET','sin_port': '22','sin_addr': '192.168.19.215'}""}, {'name': 'addrlen', 'type': 'int', 'value': 16}]",1,1
487.20887,7555,7555,7548,1001,4026531840,tsm,ip-10-100-1-217,42,connect,[],3,-114,"[{'name': 'sockfd', 'type': 'int', 'value': 437}, {'name': 'addr', 'type': 'struct sockaddr*', 'value': ""{'sa_family': 'AF_INET','sin_port': '22','sin_addr': '192.168.19.216'}""}, {'name': 'addrlen', 'type': 'int', 'value': 16}]",1,1
487.208892,7555,7555,7548,1001,4026531840,tsm,ip-10-100-1-217,42,connect,[],3,-114,"[{'name': 'sockfd', 'type': 'int', 'value': 438}, {'name': 'addr', 'type': 'struct sockaddr*', 'value': ""{'sa_family': 'AF_INET','sin_port': '22','sin_addr': '192.168.19.217'}""}, {'name': 'addrlen', 'type': 'int', 'value': 16}]",1,1
487.208915,7555,7555,7548,1001,4026531840,tsm,ip-10-100-1-217,42,connect,[],3,-114,"[{'name': 'sockfd', 'type': 'int', 'value': 439}, {'name': 'addr', 'type': 'struct sockaddr*', 'value': ""{'sa_family': 'AF_INET','sin_port': '22','sin_addr': '192.168.19.218'}""}, {'name': 'addrlen', 'type': 'int', 'value': 16}]",1,1
487.208937,7555,7555,7548,1001,4026531840,tsm,ip-10-100-1-217,42,connect,[],3,-114,"[{'name': 'sockfd', 'type': 'int', 'value': 440}, {'name': 'addr', 'type': 'struct sockaddr*', 'value': ""{'sa_family': 'AF_INET','sin_port': '22','sin_addr': '192.168.19.219'}""}, {'name': 'addrlen', 'type': 'int', 'value': 16}]",1,1
487.208987,7555,7555,7548,1001,4026531840,tsm,ip-10-100-1-217,42,connect,[],3,-114,"[{'name': 'sockfd', 'type': 'int', 'value': 441}, {'name': 'addr', 'type': 'struct sockaddr*', 'value': ""{'sin_port': '22','sin_addr': '192.168.19.220','sa_family': 'AF_INET'}""}, {'name': 'addrlen', 'type': 'int', 'value': 16}]",1,1
487.209009,7555,7555,7548,1001,4026531840,tsm,ip-10-100-1-217,42,connect,[],3,-114,"[{'name': 'sockfd', 'type': 'int', 'value': 442}, {'name': 'addr', 'type': 'struct sockaddr*', 'value': ""{'sa_family': 'AF_INET','sin_port': '22','sin_addr': '192.168.19.221'}""}, {'name': 'addrlen', 'type': 'int', 'value': 16}]",1,1
487.209035,7555,7555,7548,1001,4026531840,tsm,ip-10-100-1-217,42,connect,[],3,-114,"[{'name': 'sockfd', 'type': 'int', 'value': 443}, {'name': 'addr', 'type': 'struct sockaddr*', 'value': ""{'sa_family': 'AF_INET','sin_port': '22','sin_addr': '192.168.19.222'}""}, {'name': 'addrlen', 'type': 'int', 'value': 16}]",1,1
487.209058,7555,7555,7548,1001,4026531840,tsm,ip-10-100-1-217,42,connect,[],3,-114,"[{'name': 'sockfd', 'type': 'int', 'value': 444}, {'name': 'addr', 'type': 'struct sockaddr*', 'value': ""{'sa_family': 'AF_INET','sin_port': '22','sin_addr': '192.168.19.223'}""}, {'name': 'addrlen', 'type': 'int', 'value': 16}]",1,1
487.20908,7555,7555,7548,1001,4026531840,tsm,ip-10-100-1-217,42,connect,[],3,-114,"[{'name': 'sockfd', 'type': 'int', 'value': 445}, {'name': 'addr', 'type': 'struct sockaddr*', 'value': ""{'sa_family': 'AF_INET','sin_port': '22','sin_addr': '192.168.19.224'}""}, {'name': 'addrlen', 'type': 'int', 'value': 16}]",1,1
487.209102,7555,7555,7548,1001,4026531840,tsm,ip-10-100-1-217,42,connect,[],3,-114,"[{'name': 'sockfd', 'type': 'int', 'value': 446}, {'name': 'addr', 'type': 'struct sockaddr*', 'value': ""{'sa_family': 'AF_INET','sin_port': '22','sin_addr': '192.168.19.225'}""}, {'name': 'addrlen', 'type': 'int', 'value': 16}]",1,1
487.209124,7555,7555,7548,1001,4026531840,tsm,ip-10-100-1-217,42,connect,[],3,-114,"[{'name': 'sockfd', 'type': 'int', 'value': 447}, {'name': 'addr', 'type': 'struct sockaddr*', 'value': ""{'sa_family': 'AF_INET','sin_port': '22','sin_addr': '192.168.19.226'}""}, {'name': 'addrlen', 'type': 'int', 'value': 16}]",1,1
487.209146,7555,7555,7548,1001,4026531840,tsm,ip-10-100-1-217,42,connect,[],3,-114,"[{'name': 'sockfd', 'type': 'int', 'value': 448}, {'name': 'addr', 'type': 'struct sockaddr*', 'value': ""{'sin_addr': '192.168.19.227','sa_family': 'AF_INET','sin_port': '22'}""}, {'name': 'addrlen', 'type': 'int', 'value': 16}]",1,1
487.209168,7555,7555,7548,1001,4026531840,tsm,ip-10-100-1-217,42,connect,[],3,-114,"[{'name': 'sockfd', 'type': 'int', 'value': 449}, {'name': 'addr', 'type': 'struct sockaddr*', 'value': ""{'sa_family': 'AF_INET','sin_port': '22','sin_addr': '192.168.19.228'}""}, {'name': 'addrlen', 'type': 'int', 'value': 16}]",1,1
487.20919,7555,7555,7548,1001,4026531840,tsm,ip-10-100-1-217,42,connect,[],3,-114,"[{'name': 'sockfd', 'type': 'int', 'value': 450}, {'name': 'addr', 'type': 'struct sockaddr*', 'value': ""{'sa_family': 'AF_INET','sin_port': '22','sin_addr': '192.168.19.229'}""}, {'name': 'addrlen', 'type': 'int', 'value': 16}]",1,1
487.209212,7555,7555,7548,1001,4026531840,tsm,ip-10-100-1-217,42,connect,[],3,-114,"[{'name': 'sockfd', 'type': 'int', 'value': 451}, {'name': 'addr', 'type': 'struct sockaddr*', 'value': ""{'sa_family': 'AF_INET','sin_port': '22','sin_addr': '192.168.19.230'}""}, {'name': 'addrlen', 'type': 'int', 'value': 16}]",1,1
487.209234,7555,7555,7548,1001,4026531840,tsm,ip-10-100-1-217,42,connect,[],3,-114,"[{'name': 'sockfd', 'type': 'int', 'value': 452}, {'name': 'addr', 'type': 'struct sockaddr*', 'value': ""{'sa_family': 'AF_INET','sin_port': '22','sin_addr': '192.168.19.231'}""}, {'name': 'addrlen', 'type': 'int', 'value': 16}]",1,1
487.209256,7555,7555,7548,1001,4026531840,tsm,ip-10-100-1-217,42,connect,[],3,-114,"[{'name': 'sockfd', 'type': 'int', 'value': 453}, {'name': 'addr', 'type': 'struct sockaddr*', 'value': ""{'sa_family': 'AF_INET','sin_port': '22','sin_addr': '192.168.19.232'}""}, {'name': 'addrlen', 'type': 'int', 'value': 16}]",1,1
487.209278,7555,7555,7548,1001,4026531840,tsm,ip-10-100-1-217,42,connect,[],3,-114,"[{'name': 'sockfd', 'type': 'int', 'value': 454}, {'name': 'addr', 'type': 'struct sockaddr*', 'value': ""{'sa_family': 'AF_INET','sin_port': '22','sin_addr': '192.168.19.233'}""}, {'name': 'addrlen', 'type': 'int', 'value': 16}]",1,1
487.2093,7555,7555,7548,1001,4026531840,tsm,ip-10-100-1-217,42,connect,[],3,-114,"[{'name': 'sockfd', 'type': 'int', 'value': 455}, {'name': 'addr', 'type': 'struct sockaddr*', 'value': ""{'sa_family': 'AF_INET','sin_port': '22','sin_addr': '192.168.19.234'}""}, {'name': 'addrlen', 'type': 'int', 'value': 16}]",1,1
487.209322,7555,7555,7548,1001,4026531840,tsm,ip-10-100-1-217,42,connect,[],3,-114,"[{'name': 'sockfd', 'type': 'int', 'value': 456}, {'name': 'addr', 'type': 'struct sockaddr*', 'value': ""{'sin_addr': '192.168.19.235','sa_family': 'AF_INET','sin_port': '22'}""}, {'name': 'addrlen', 'type': 'int', 'value': 16}]",1,1
487.209344,7555,7555,7548,1001,4026531840,tsm,ip-10-100-1-217,42,connect,[],3,-114,"[{'name': 'sockfd', 'type': 'int', 'value': 457}, {'name': 'addr', 'type': 'struct sockaddr*', 'value': ""{'sa_family': 'AF_INET','sin_port': '22','sin_addr': '192.168.19.236'}""}, {'name': 'addrlen', 'type': 'int', 'value': 16}]",1,1
487.209366,7555,7555,7548,1001,4026531840,tsm,ip-10-100-1-217,42,connect,[],3,-114,"[{'name': 'sockfd', 'type': 'int', 'value': 458}, {'name': 'addr', 'type': 'struct sockaddr*', 'value': ""{'sa_family': 'AF_INET','sin_port': '22','sin_addr': '192.168.19.237'}""}, {'name': 'addrlen', 'type': 'int', 'value': 16}]",1,1
487.209388,7555,7555,7548,1001,4026531840,tsm,ip-10-100-1-217,42,connect,[],3,-114,"[{'name': 'sockfd', 'type': 'int', 'value': 459}, {'name': 'addr', 'type': 'struct sockaddr*', 'value': ""{'sa_family': 'AF_INET','sin_port': '22','sin_addr': '192.168.19.238'}""}, {'name': 'addrlen', 'type': 'int', 'value': 16}]",1,1
487.20941,7555,7555,7548,1001,4026531840,tsm,ip-10-100-1-217,42,connect,[],3,-114,"[{'name': 'sockfd', 'type': 'int', 'value': 460}, {'name': 'addr', 'type': 'struct sockaddr*', 'value': ""{'sa_family': 'AF_INET','sin_port': '22','sin_addr': '192.168.19.239'}""}, {'name': 'addrlen', 'type': 'int', 'value': 16}]",1,1
487.209432,7555,7555,7548,1001,4026531840,tsm,ip-10-100-1-217,42,connect,[],3,-114,"[{'name': 'sockfd', 'type': 'int', 'value': 461}, {'name': 'addr', 'type': 'struct sockaddr*', 'value': ""{'sa_family': 'AF_INET','sin_port': '22','sin_addr': '192.168.19.240'}""}, {'name': 'addrlen', 'type': 'int', 'value': 16}]",1,1
487.209454,7555,7555,7548,1001,4026531840,tsm,ip-10-100-1-217,42,connect,[],3,-114,"[{'name': 'sockfd', 'type': 'int', 'value': 462}, {'name': 'addr', 'type': 'struct sockaddr*', 'value': ""{'sa_family': 'AF_INET','sin_port': '22','sin_addr': '192.168.19.241'}""}, {'name': 'addrlen', 'type': 'int', 'value': 16}]",1,1
487.209476,7555,7555,7548,1001,4026531840,tsm,ip-10-100-1-217,42,connect,[],3,-114,"[{'name': 'sockfd', 'type': 'int', 'value': 463}, {'name': 'addr', 'type': 'struct sockaddr*', 'value': ""{'sa_family': 'AF_INET','sin_port': '22','sin_addr': '192.168.19.242'}""}, {'name': 'addrlen', 'type': 'int', 'value': 16}]",1,1
487.209498,7555,7555,7548,1001,4026531840,tsm,ip-10-100-1-217,42,connect,[],3,-114,"[{'name': 'sockfd', 'type': 'int', 'value': 464}, {'name': 'addr', 'type': 'struct sockaddr*', 'value': ""{'sa_family': 'AF_INET','sin_port': '22','sin_addr': '192.168.19.243'}""}, {'name': 'addrlen', 'type': 'int', 'value': 16}]",1,1
487.20952,7555,7555,7548,1001,4026531840,tsm,ip-10-100-1-217,42,connect,[],3,-114,"[{'name': 'sockfd', 'type': 'int', 'value': 465}, {'name': 'addr', 'type': 'struct sockaddr*', 'value': ""{'sa_family': 'AF_INET','sin_port': '22','sin_addr': '192.168.19.244'}""}, {'name': 'addrlen', 'type': 'int', 'value': 16}]",1,1
487.209545,7555,7555,7548,1001,4026531840,tsm,ip-10-100-1-217,42,connect,[],3,-114,"[{'name': 'sockfd', 'type': 'int', 'value': 466}, {'name': 'addr', 'type': 'struct sockaddr*', 'value': ""{'sa_family': 'AF_INET','sin_port': '22','sin_addr': '192.168.19.245'}""}, {'name': 'addrlen', 'type': 'int', 'value': 16}]",1,1
487.209567,7555,7555,7548,1001,4026531840,tsm,ip-10-100-1-217,42,connect,[],3,-114,"[{'name': 'sockfd', 'type': 'int', 'value': 467}, {'name': 'addr', 'type': 'struct sockaddr*', 'value': ""{'sin_port': '22','sin_addr': '192.168.19.246','sa_family': 'AF_INET'}""}, {'name': 'addrlen', 'type': 'int', 'value': 16}]",1,1
487.209589,7555,7555,7548,1001,4026531840,tsm,ip-10-100-1-217,42,connect,[],3,-114,"[{'name': 'sockfd', 'type': 'int', 'value': 468}, {'name': 'addr', 'type': 'struct sockaddr*', 'value': ""{'sa_family': 'AF_INET','sin_port': '22','sin_addr': '192.168.19.247'}""}, {'name': 'addrlen', 'type': 'int', 'value': 16}]",1,1
487.209611,7555,7555,7548,1001,4026531840,tsm,ip-10-100-1-217,42,connect,[],3,-114,"[{'name': 'sockfd', 'type': 'int', 'value': 469}, {'name': 'addr', 'type': 'struct sockaddr*', 'value': ""{'sin_addr': '192.168.19.248','sa_family': 'AF_INET','sin_port': '22'}""}, {'name': 'addrlen', 'type': 'int', 'value': 16}]",1,1
487.209633,7555,7555,7548,1001,4026531840,tsm,ip-10-100-1-217,42,connect,[],3,-114,"[{'name': 'sockfd', 'type': 'int', 'value': 470}, {'name': 'addr', 'type': 'struct sockaddr*', 'value': ""{'sa_family': 'AF_INET','sin_port': '22','sin_addr': '192.168.19.249'}""}, {'name': 'addrlen', 'type': 'int', 'value': 16}]",1,1
487.209655,7555,7555,7548,1001,4026531840,tsm,ip-10-100-1-217,42,connect,[],3,-114,"[{'name': 'sockfd', 'type': 'int', 'value': 471}, {'name': 'addr', 'type': 'struct sockaddr*', 'value': ""{'sa_family': 'AF_INET','sin_port': '22','sin_addr': '192.168.19.250'}""}, {'name': 'addrlen', 'type': 'int', 'value': 16}]",1,1
487.209677,7555,7555,7548,1001,4026531840,tsm,ip-10-100-1-217,42,connect,[],3,-114,"[{'name': 'sockfd', 'type': 'int', 'value': 472}, {'name': 'addr', 'type': 'struct sockaddr*', 'value': ""{'sa_family': 'AF_INET','sin_port': '22','sin_addr': '192.168.19.251'}""}, {'name': 'addrlen', 'type': 'int', 'value': 16}]",1,1
487.209699,7555,7555,7548,1001,4026531840,tsm,ip-10-100-1-217,42,connect,[],3,-114,"[{'name': 'sockfd', 'type': 'int', 'value': 473}, {'name': 'addr', 'type': 'struct sockaddr*', 'value': ""{'sa_family': 'AF_INET','sin_port': '22','sin_addr': '192.168.19.252'}""}, {'name': 'addrlen', 'type': 'int', 'value': 16}]",1,1
487.209721,7555,7555,7548,1001,4026531840,tsm,ip-10-100-1-217,42,connect,[],3,-114,"[{'name': 'sockfd', 'type': 'int', 'value': 474}, {'name': 'addr', 'type': 'struct sockaddr*', 'value': ""{'sa_family': 'AF_INET','sin_port': '22','sin_addr': '192.168.19.253'}""}, {'name': 'addrlen', 'type': 'int', 'value': 16}]",1,1
487.209743,7555,7555,7548,1001,4026531840,tsm,ip-10-100-1-217,42,connect,[],3,-114,"[{'name': 'sockfd', 'type': 'int', 'value': 475}, {'name': 'addr', 'type': 'struct sockaddr*', 'value': ""{'sa_family': 'AF_INET','sin_port': '22','sin_addr': '192.168.19.254'}""}, {'name': 'addrlen', 'type': 'int', 'value': 16}]",1,1
487.209765,7555,7555,7548,1001,4026531840,tsm,ip-10-100-1-217,42,connect,[],3,-114,"[{'name': 'sockfd', 'type': 'int', 'value': 476}, {'name': 'addr', 'type': 'struct sockaddr*', 'value': ""{'sin_addr': '192.168.20.0','sa_family': 'AF_INET','sin_port': '22'}""}, {'name': 'addrlen', 'type': 'int', 'value': 16}]",1,1
487.209787,7555,7555,7548,1001,4026531840,tsm,ip-10-100-1-217,42,connect,[],3,-114,"[{'name': 'sockfd', 'type': 'int', 'value': 477}, {'name': 'addr', 'type': 'struct sockaddr*', 'value': ""{'sa_family': 'AF_INET','sin_port': '22','sin_addr': '192.168.20.1'}""}, {'name': 'addrlen', 'type': 'int', 'value': 16}]",1,1
487.209809,7555,7555,7548,1001,4026531840,tsm,ip-10-100-1-217,42,connect,[],3,-114,"[{'name': 'sockfd', 'type': 'int', 'value': 478}, {'name': 'addr', 'type': 'struct sockaddr*', 'value': ""{'sa_family': 'AF_INET','sin_port': '22','sin_addr': '192.168.20.2'}""}, {'name': 'addrlen', 'type': 'int', 'value': 16}]",1,1
487.209831,7555,7555,7548,1001,4026531840,tsm,ip-10-100-1-217,42,connect,[],3,-114,"[{'name': 'sockfd', 'type': 'int', 'value': 479}, {'name': 'addr', 'type': 'struct sockaddr*', 'value': ""{'sa_family': 'AF_INET','sin_port': '22','sin_addr': '192.168.20.3'}""}, {'name': 'addrlen', 'type': 'int', 'value': 16}]",1,1
487.209853,7555,7555,7548,1001,4026531840,tsm,ip-10-100-1-217,42,connect,[],3,-114,"[{'name': 'sockfd', 'type': 'int', 'value': 480}, {'name': 'addr', 'type': 'struct sockaddr*', 'value': ""{'sa_family': 'AF_INET','sin_port': '22','sin_addr': '192.168.20.4'}""}, {'name': 'addrlen', 'type': 'int', 'value': 16}]",1,1
487.209875,7555,7555,7548,1001,4026531840,tsm,ip-10-100-1-217,42,connect,[],3,-114,"[{'name': 'sockfd', 'type': 'int', 'value': 481}, {'name': 'addr', 'type': 'struct sockaddr*', 'value': ""{'sa_family': 'AF_INET','sin_port': '22','sin_addr': '192.168.20.5'}""}, {'name': 'addrlen', 'type': 'int', 'value': 16}]",1,1
487.209897,7555,7555,7548,1001,4026531840,tsm,ip-10-100-1-217,42,connect,[],3,-114,"[{'name': 'sockfd', 'type': 'int', 'value': 482}, {'name': 'addr', 'type': 'struct sockaddr*', 'value': ""{'sa_family': 'AF_INET','sin_port': '22','sin_addr': '192.168.20.6'}""}, {'name': 'addrlen', 'type': 'int', 'value': 16}]",1,1
487.209919,7555,7555,7548,1001,4026531840,tsm,ip-10-100-1-217,42,connect,[],3,-114,"[{'name': 'sockfd', 'type': 'int', 'value': 483}, {'name': 'addr', 'type': 'struct sockaddr*', 'value': ""{'sa_family': 'AF_INET','sin_port': '22','sin_addr': '192.168.20.7'}""}, {'name': 'addrlen', 'type': 'int', 'value': 16}]",1,1
487.209941,7555,7555,7548,1001,4026531840,tsm,ip-10-100-1-217,42,connect,[],3,-114,"[{'name': 'sockfd', 'type': 'int', 'value': 484}, {'name': 'addr', 'type': 'struct sockaddr*', 'value': ""{'sin_addr': '192.168.20.8','sa_family': 'AF_INET','sin_port': '22'}""}, {'name': 'addrlen', 'type': 'int', 'value': 16}]",1,1
487.209964,7555,7555,7548,1001,4026531840,tsm,ip-10-100-1-217,42,connect,[],3,-114,"[{'name': 'sockfd', 'type': 'int', 'value': 485}, {'name': 'addr', 'type': 'struct sockaddr*', 'value': ""{'sa_family': 'AF_INET','sin_port': '22','sin_addr': '192.168.20.9'}""}, {'name': 'addrlen', 'type': 'int', 'value': 16}]",1,1
487.209986,7555,7555,7548,1001,4026531840,tsm,ip-10-100-1-217,42,connect,[],3,-114,"[{'name': 'sockfd', 'type': 'int', 'value': 486}, {'name': 'addr', 'type': 'struct sockaddr*', 'value': ""{'sa_family': 'AF_INET','sin_port': '22','sin_addr': '192.168.20.10'}""}, {'name': 'addrlen', 'type': 'int', 'value': 16}]",1,1
487.210008,7555,7555,7548,1001,4026531840,tsm,ip-10-100-1-217,42,connect,[],3,-114,"[{'name': 'sockfd', 'type': 'int', 'value': 487}, {'name': 'addr', 'type': 'struct sockaddr*', 'value': ""{'sa_family': 'AF_INET','sin_port': '22','sin_addr': '192.168.20.11'}""}, {'name': 'addrlen', 'type': 'int', 'value': 16}]",1,1
487.21003,7555,7555,7548,1001,4026531840,tsm,ip-10-100-1-217,42,connect,[],3,-114,"[{'name': 'sockfd', 'type': 'int', 'value': 488}, {'name': 'addr', 'type': 'struct sockaddr*', 'value': ""{'sa_family': 'AF_INET','sin_port': '22','sin_addr': '192.168.20.12'}""}, {'name': 'addrlen', 'type': 'int', 'value': 16}]",1,1
487.210052,7555,7555,7548,1001,4026531840,tsm,ip-10-100-1-217,42,connect,[],3,-114,"[{'name': 'sockfd', 'type': 'int', 'value': 489}, {'name': 'addr', 'type': 'struct sockaddr*', 'value': ""{'sa_family': 'AF_INET','sin_port': '22','sin_addr': '192.168.20.13'}""}, {'name': 'addrlen', 'type': 'int', 'value': 16}]",1,1
487.210074,7555,7555,7548,1001,4026531840,tsm,ip-10-100-1-217,42,connect,[],3,-114,"[{'name': 'sockfd', 'type': 'int', 'value': 490}, {'name': 'addr', 'type': 'struct sockaddr*', 'value': ""{'sa_family': 'AF_INET','sin_port': '22','sin_addr': '192.168.20.14'}""}, {'name': 'addrlen', 'type': 'int', 'value': 16}]",1,1
487.210096,7555,7555,7548,1001,4026531840,tsm,ip-10-100-1-217,42,connect,[],3,-114,"[{'name': 'sockfd', 'type': 'int', 'value': 491}, {'name': 'addr', 'type': 'struct sockaddr*', 'value': ""{'sa_family': 'AF_INET','sin_port': '22','sin_addr': '192.168.20.15'}""}, {'name': 'addrlen', 'type': 'int', 'value': 16}]",1,1
487.210117,7555,7555,7548,1001,4026531840,tsm,ip-10-100-1-217,42,connect,[],3,-114,"[{'name': 'sockfd', 'type': 'int', 'value': 492}, {'name': 'addr', 'type': 'struct sockaddr*', 'value': ""{'sa_family': 'AF_INET','sin_port': '22','sin_addr': '192.168.20.16'}""}, {'name': 'addrlen', 'type': 'int', 'value': 16}]",1,1
487.21014,7555,7555,7548,1001,4026531840,tsm,ip-10-100-1-217,42,connect,[],3,-114,"[{'name': 'sockfd', 'type': 'int', 'value': 493}, {'name': 'addr', 'type': 'struct sockaddr*', 'value': ""{'sa_family': 'AF_INET','sin_port': '22','sin_addr': '192.168.20.17'}""}, {'name': 'addrlen', 'type': 'int', 'value': 16}]",1,1
487.210162,7555,7555,7548,1001,4026531840,tsm,ip-10-100-1-217,42,connect,[],3,-114,"[{'name': 'sockfd', 'type': 'int', 'value': 494}, {'name': 'addr', 'type': 'struct sockaddr*', 'value': ""{'sa_family': 'AF_INET','sin_port': '22','sin_addr': '192.168.20.18'}""}, {'name': 'addrlen', 'type': 'int', 'value': 16}]",1,1
487.210184,7555,7555,7548,1001,4026531840,tsm,ip-10-100-1-217,42,connect,[],3,-114,"[{'name': 'sockfd', 'type': 'int', 'value': 495}, {'name': 'addr', 'type': 'struct sockaddr*', 'value': ""{'sa_family': 'AF_INET','sin_port': '22','sin_addr': '192.168.20.19'}""}, {'name': 'addrlen', 'type': 'int', 'value': 16}]",1,1
487.210206,7555,7555,7548,1001,4026531840,tsm,ip-10-100-1-217,42,connect,[],3,-114,"[{'name': 'sockfd', 'type': 'int', 'value': 496}, {'name': 'addr', 'type': 'struct sockaddr*', 'value': ""{'sin_addr': '192.168.20.20','sa_family': 'AF_INET','sin_port': '22'}""}, {'name': 'addrlen', 'type': 'int', 'value': 16}]",1,1
487.210228,7555,7555,7548,1001,4026531840,tsm,ip-10-100-1-217,42,connect,[],3,-114,"[{'name': 'sockfd', 'type': 'int', 'value': 497}, {'name': 'addr', 'type': 'struct sockaddr*', 'value': ""{'sa_family': 'AF_INET','sin_port': '22','sin_addr': '192.168.20.21'}""}, {'name': 'addrlen', 'type': 'int', 'value': 16}]",1,1
487.21025,7555,7555,7548,1001,4026531840,tsm,ip-10-100-1-217,42,connect,[],3,-114,"[{'name': 'sockfd', 'type': 'int', 'value': 498}, {'name': 'addr', 'type': 'struct sockaddr*', 'value': ""{'sa_family': 'AF_INET','sin_port': '22','sin_addr': '192.168.20.22'}""}, {'name': 'addrlen', 'type': 'int', 'value': 16}]",1,1
487.210272,7555,7555,7548,1001,4026531840,tsm,ip-10-100-1-217,42,connect,[],3,-114,"[{'name': 'sockfd', 'type': 'int', 'value': 499}, {'name': 'addr', 'type': 'struct sockaddr*', 'value': ""{'sin_port': '22','sin_addr': '192.168.20.23','sa_family': 'AF_INET'}""}, {'name': 'addrlen', 'type': 'int', 'value': 16}]",1,1
487.210294,7555,7555,7548,1001,4026531840,tsm,ip-10-100-1-217,42,connect,[],3,-114,"[{'name': 'sockfd', 'type': 'int', 'value': 500}, {'name': 'addr', 'type': 'struct sockaddr*', 'value': ""{'sa_family': 'AF_INET','sin_port': '22','sin_addr': '192.168.20.24'}""}, {'name': 'addrlen', 'type': 'int', 'value': 16}]",1,1
487.210316,7555,7555,7548,1001,4026531840,tsm,ip-10-100-1-217,42,connect,[],3,-114,"[{'name': 'sockfd', 'type': 'int', 'value': 501}, {'name': 'addr', 'type': 'struct sockaddr*', 'value': ""{'sa_family': 'AF_INET','sin_port': '22','sin_addr': '192.168.20.25'}""}, {'name': 'addrlen', 'type': 'int', 'value': 16}]",1,1
487.210338,7555,7555,7548,1001,4026531840,tsm,ip-10-100-1-217,42,connect,[],3,-114,"[{'name': 'sockfd', 'type': 'int', 'value': 502}, {'name': 'addr', 'type': 'struct sockaddr*', 'value': ""{'sa_family': 'AF_INET','sin_port': '22','sin_addr': '192.168.20.26'}""}, {'name': 'addrlen', 'type': 'int', 'value': 16}]",1,1
487.21036,7555,7555,7548,1001,4026531840,tsm,ip-10-100-1-217,42,connect,[],3,-114,"[{'name': 'sockfd', 'type': 'int', 'value': 503}, {'name': 'addr', 'type': 'struct sockaddr*', 'value': ""{'sa_family': 'AF_INET','sin_port': '22','sin_addr': '192.168.20.27'}""}, {'name': 'addrlen', 'type': 'int', 'value': 16}]",1,1
487.210382,7555,7555,7548,1001,4026531840,tsm,ip-10-100-1-217,42,connect,[],3,-114,"[{'name': 'sockfd', 'type': 'int', 'value': 504}, {'name': 'addr', 'type': 'struct sockaddr*', 'value': ""{'sin_port': '22','sin_addr': '192.168.20.28','sa_family': 'AF_INET'}""}, {'name': 'addrlen', 'type': 'int', 'value': 16}]",1,1
487.210404,7555,7555,7548,1001,4026531840,tsm,ip-10-100-1-217,42,connect,[],3,-114,"[{'name': 'sockfd', 'type': 'int', 'value': 505}, {'name': 'addr', 'type': 'struct sockaddr*', 'value': ""{'sa_family': 'AF_INET','sin_port': '22','sin_addr': '192.168.20.29'}""}, {'name': 'addrlen', 'type': 'int', 'value': 16}]",1,1
487.210426,7555,7555,7548,1001,4026531840,tsm,ip-10-100-1-217,42,connect,[],3,-114,"[{'name': 'sockfd', 'type': 'int', 'value': 506}, {'name': 'addr', 'type': 'struct sockaddr*', 'value': ""{'sa_family': 'AF_INET','sin_port': '22','sin_addr': '192.168.20.30'}""}, {'name': 'addrlen', 'type': 'int', 'value': 16}]",1,1
487.210448,7555,7555,7548,1001,4026531840,tsm,ip-10-100-1-217,42,connect,[],3,-114,"[{'name': 'sockfd', 'type': 'int', 'value': 507}, {'name': 'addr', 'type': 'struct sockaddr*', 'value': ""{'sin_port': '22','sin_addr': '192.168.20.31','sa_family': 'AF_INET'}""}, {'name': 'addrlen', 'type': 'int', 'value': 16}]",1,1
487.210484,7555,7555,7548,1001,4026531840,tsm,ip-10-100-1-217,42,connect,[],3,-114,"[{'name': 'sockfd', 'type': 'int', 'value': 508}, {'name': 'addr', 'type': 'struct sockaddr*', 'value': ""{'sa_family': 'AF_INET','sin_port': '22','sin_addr': '192.168.20.32'}""}, {'name': 'addrlen', 'type': 'int', 'value': 16}]",1,1
487.210506,7555,7555,7548,1001,4026531840,tsm,ip-10-100-1-217,42,connect,[],3,-114,"[{'name': 'sockfd', 'type': 'int', 'value': 509}, {'name': 'addr', 'type': 'struct sockaddr*', 'value': ""{'sa_family': 'AF_INET','sin_port': '22','sin_addr': '192.168.20.33'}""}, {'name': 'addrlen', 'type': 'int', 'value': 16}]",1,1
487.210528,7555,7555,7548,1001,4026531840,tsm,ip-10-100-1-217,42,connect,[],3,-114,"[{'name': 'sockfd', 'type': 'int', 'value': 510}, {'name': 'addr', 'type': 'struct sockaddr*', 'value': ""{'sa_family': 'AF_INET','sin_port': '22','sin_addr': '192.168.20.34'}""}, {'name': 'addrlen', 'type': 'int', 'value': 16}]",1,1
487.21055,7555,7555,7548,1001,4026531840,tsm,ip-10-100-1-217,42,connect,[],3,-114,"[{'name': 'sockfd', 'type': 'int', 'value': 511}, {'name': 'addr', 'type': 'struct sockaddr*', 'value': ""{'sa_family': 'AF_INET','sin_port': '22','sin_addr': '192.168.20.35'}""}, {'name': 'addrlen', 'type': 'int', 'value': 16}]",1,1
487.210572,7555,7555,7548,1001,4026531840,tsm,ip-10-100-1-217,42,connect,[],3,-114,"[{'name': 'sockfd', 'type': 'int', 'value': 512}, {'name': 'addr', 'type': 'struct sockaddr*', 'value': ""{'sa_family': 'AF_INET','sin_port': '22','sin_addr': '192.168.20.36'}""}, {'name': 'addrlen', 'type': 'int', 'value': 16}]",1,1
487.210594,7555,7555,7548,1001,4026531840,tsm,ip-10-100-1-217,42,connect,[],3,-114,"[{'name': 'sockfd', 'type': 'int', 'value': 513}, {'name': 'addr', 'type': 'struct sockaddr*', 'value': ""{'sin_port': '22','sin_addr': '192.168.20.37','sa_family': 'AF_INET'}""}, {'name': 'addrlen', 'type': 'int', 'value': 16}]",1,1
487.210617,7555,7555,7548,1001,4026531840,tsm,ip-10-100-1-217,42,connect,[],3,-114,"[{'name': 'sockfd', 'type': 'int', 'value': 514}, {'name': 'addr', 'type': 'struct sockaddr*', 'value': ""{'sa_family': 'AF_INET','sin_port': '22','sin_addr': '192.168.20.38'}""}, {'name': 'addrlen', 'type': 'int', 'value': 16}]",1,1
487.210639,7555,7555,7548,1001,4026531840,tsm,ip-10-100-1-217,42,connect,[],3,-114,"[{'name': 'sockfd', 'type': 'int', 'value': 515}, {'name': 'addr', 'type': 'struct sockaddr*', 'value': ""{'sa_family': 'AF_INET','sin_port': '22','sin_addr': '192.168.20.39'}""}, {'name': 'addrlen', 'type': 'int', 'value': 16}]",1,1
487.210661,7555,7555,7548,1001,4026531840,tsm,ip-10-100-1-217,42,connect,[],3,-114,"[{'name': 'sockfd', 'type': 'int', 'value': 516}, {'name': 'addr', 'type': 'struct sockaddr*', 'value': ""{'sa_family': 'AF_INET','sin_port': '22','sin_addr': '192.168.20.40'}""}, {'name': 'addrlen', 'type': 'int', 'value': 16}]",1,1
487.210683,7555,7555,7548,1001,4026531840,tsm,ip-10-100-1-217,42,connect,[],3,-114,"[{'name': 'sockfd', 'type': 'int', 'value': 517}, {'name': 'addr', 'type': 'struct sockaddr*', 'value': ""{'sa_family': 'AF_INET','sin_port': '22','sin_addr': '192.168.20.41'}""}, {'name': 'addrlen', 'type': 'int', 'value': 16}]",1,1
487.210705,7555,7555,7548,1001,4026531840,tsm,ip-10-100-1-217,42,connect,[],3,-114,"[{'name': 'sockfd', 'type': 'int', 'value': 518}, {'name': 'addr', 'type': 'struct sockaddr*', 'value': ""{'sin_port': '22','sin_addr': '192.168.20.42','sa_family': 'AF_INET'}""}, {'name': 'addrlen', 'type': 'int', 'value': 16}]",1,1
487.210727,7555,7555,7548,1001,4026531840,tsm,ip-10-100-1-217,42,connect,[],3,-114,"[{'name': 'sockfd', 'type': 'int', 'value': 519}, {'name': 'addr', 'type': 'struct sockaddr*', 'value': ""{'sa_family': 'AF_INET','sin_port': '22','sin_addr': '192.168.20.43'}""}, {'name': 'addrlen', 'type': 'int', 'value': 16}]",1,1
487.210749,7555,7555,7548,1001,4026531840,tsm,ip-10-100-1-217,42,connect,[],3,-114,"[{'name': 'sockfd', 'type': 'int', 'value': 520}, {'name': 'addr', 'type': 'struct sockaddr*', 'value': ""{'sa_family': 'AF_INET','sin_port': '22','sin_addr': '192.168.20.44'}""}, {'name': 'addrlen', 'type': 'int', 'value': 16}]",1,1
487.210771,7555,7555,7548,1001,4026531840,tsm,ip-10-100-1-217,42,connect,[],3,-114,"[{'name': 'sockfd', 'type': 'int', 'value': 521}, {'name': 'addr', 'type': 'struct sockaddr*', 'value': ""{'sin_port': '22','sin_addr': '192.168.20.45','sa_family': 'AF_INET'}""}, {'name': 'addrlen', 'type': 'int', 'value': 16}]",1,1
487.210793,7555,7555,7548,1001,4026531840,tsm,ip-10-100-1-217,42,connect,[],3,-114,"[{'name': 'sockfd', 'type': 'int', 'value': 522}, {'name': 'addr', 'type': 'struct sockaddr*', 'value': ""{'sa_family': 'AF_INET','sin_port': '22','sin_addr': '192.168.20.46'}""}, {'name': 'addrlen', 'type': 'int', 'value': 16}]",1,1
487.210815,7555,7555,7548,1001,4026531840,tsm,ip-10-100-1-217,42,connect,[],3,-114,"[{'name': 'sockfd', 'type': 'int', 'value': 523}, {'name': 'addr', 'type': 'struct sockaddr*', 'value': ""{'sa_family': 'AF_INET','sin_port': '22','sin_addr': '192.168.20.47'}""}, {'name': 'addrlen', 'type': 'int', 'value': 16}]",1,1
487.210837,7555,7555,7548,1001,4026531840,tsm,ip-10-100-1-217,42,connect,[],3,-114,"[{'name': 'sockfd', 'type': 'int', 'value': 524}, {'name': 'addr', 'type': 'struct sockaddr*', 'value': ""{'sa_family': 'AF_INET','sin_port': '22','sin_addr': '192.168.20.48'}""}, {'name': 'addrlen', 'type': 'int', 'value': 16}]",1,1
487.210859,7555,7555,7548,1001,4026531840,tsm,ip-10-100-1-217,42,connect,[],3,-114,"[{'name': 'sockfd', 'type': 'int', 'value': 525}, {'name': 'addr', 'type': 'struct sockaddr*', 'value': ""{'sa_family': 'AF_INET','sin_port': '22','sin_addr': '192.168.20.49'}""}, {'name': 'addrlen', 'type': 'int', 'value': 16}]",1,1
487.210881,7555,7555,7548,1001,4026531840,tsm,ip-10-100-1-217,42,connect,[],3,-114,"[{'name': 'sockfd', 'type': 'int', 'value': 526}, {'name': 'addr', 'type': 'struct sockaddr*', 'value': ""{'sa_family': 'AF_INET','sin_port': '22','sin_addr': '192.168.20.50'}""}, {'name': 'addrlen', 'type': 'int', 'value': 16}]",1,1
487.210903,7555,7555,7548,1001,4026531840,tsm,ip-10-100-1-217,42,connect,[],3,-114,"[{'name': 'sockfd', 'type': 'int', 'value': 527}, {'name': 'addr', 'type': 'struct sockaddr*', 'value': ""{'sa_family': 'AF_INET','sin_port': '22','sin_addr': '192.168.20.51'}""}, {'name': 'addrlen', 'type': 'int', 'value': 16}]",1,1
487.210928,7555,7555,7548,1001,4026531840,tsm,ip-10-100-1-217,42,connect,[],3,-114,"[{'name': 'sockfd', 'type': 'int', 'value': 528}, {'name': 'addr', 'type': 'struct sockaddr*', 'value': ""{'sa_family': 'AF_INET','sin_port': '22','sin_addr': '192.168.20.52'}""}, {'name': 'addrlen', 'type': 'int', 'value': 16}]",1,1
487.21095,7555,7555,7548,1001,4026531840,tsm,ip-10-100-1-217,42,connect,[],3,-114,"[{'name': 'sockfd', 'type': 'int', 'value': 529}, {'name': 'addr', 'type': 'struct sockaddr*', 'value': ""{'sin_addr': '192.168.20.53','sa_family': 'AF_INET','sin_port': '22'}""}, {'name': 'addrlen', 'type': 'int', 'value': 16}]",1,1
487.210972,7555,7555,7548,1001,4026531840,tsm,ip-10-100-1-217,42,connect,[],3,-114,"[{'name': 'sockfd', 'type': 'int', 'value': 530}, {'name': 'addr', 'type': 'struct sockaddr*', 'value': ""{'sin_addr': '192.168.20.54','sa_family': 'AF_INET','sin_port': '22'}""}, {'name': 'addrlen', 'type': 'int', 'value': 16}]",1,1
487.210994,7555,7555,7548,1001,4026531840,tsm,ip-10-100-1-217,42,connect,[],3,-114,"[{'name': 'sockfd', 'type': 'int', 'value': 531}, {'name': 'addr', 'type': 'struct sockaddr*', 'value': ""{'sa_family': 'AF_INET','sin_port': '22','sin_addr': '192.168.20.55'}""}, {'name': 'addrlen', 'type': 'int', 'value': 16}]",1,1
487.211016,7555,7555,7548,1001,4026531840,tsm,ip-10-100-1-217,42,connect,[],3,-114,"[{'name': 'sockfd', 'type': 'int', 'value': 532}, {'name': 'addr', 'type': 'struct sockaddr*', 'value': ""{'sa_family': 'AF_INET','sin_port': '22','sin_addr': '192.168.20.56'}""}, {'name': 'addrlen', 'type': 'int', 'value': 16}]",1,1
487.211038,7555,7555,7548,1001,4026531840,tsm,ip-10-100-1-217,42,connect,[],3,-114,"[{'name': 'sockfd', 'type': 'int', 'value': 533}, {'name': 'addr', 'type': 'struct sockaddr*', 'value': ""{'sa_family': 'AF_INET','sin_port': '22','sin_addr': '192.168.20.57'}""}, {'name': 'addrlen', 'type': 'int', 'value': 16}]",1,1
487.21106,7555,7555,7548,1001,4026531840,tsm,ip-10-100-1-217,42,connect,[],3,-114,"[{'name': 'sockfd', 'type': 'int', 'value': 534}, {'name': 'addr', 'type': 'struct sockaddr*', 'value': ""{'sin_addr': '192.168.20.58','sa_family': 'AF_INET','sin_port': '22'}""}, {'name': 'addrlen', 'type': 'int', 'value': 16}]",1,1
487.211082,7555,7555,7548,1001,4026531840,tsm,ip-10-100-1-217,42,connect,[],3,-114,"[{'name': 'sockfd', 'type': 'int', 'value': 535}, {'name': 'addr', 'type': 'struct sockaddr*', 'value': ""{'sa_family': 'AF_INET','sin_port': '22','sin_addr': '192.168.20.59'}""}, {'name': 'addrlen', 'type': 'int', 'value': 16}]",1,1
487.211104,7555,7555,7548,1001,4026531840,tsm,ip-10-100-1-217,42,connect,[],3,-114,"[{'name': 'sockfd', 'type': 'int', 'value': 536}, {'name': 'addr', 'type': 'struct sockaddr*', 'value': ""{'sa_family': 'AF_INET','sin_port': '22','sin_addr': '192.168.20.60'}""}, {'name': 'addrlen', 'type': 'int', 'value': 16}]",1,1
487.211126,7555,7555,7548,1001,4026531840,tsm,ip-10-100-1-217,42,connect,[],3,-114,"[{'name': 'sockfd', 'type': 'int', 'value': 537}, {'name': 'addr', 'type': 'struct sockaddr*', 'value': ""{'sa_family': 'AF_INET','sin_port': '22','sin_addr': '192.168.20.61'}""}, {'name': 'addrlen', 'type': 'int', 'value': 16}]",1,1
487.211148,7555,7555,7548,1001,4026531840,tsm,ip-10-100-1-217,42,connect,[],3,-114,"[{'name': 'sockfd', 'type': 'int', 'value': 538}, {'name': 'addr', 'type': 'struct sockaddr*', 'value': ""{'sa_family': 'AF_INET','sin_port': '22','sin_addr': '192.168.20.62'}""}, {'name': 'addrlen', 'type': 'int', 'value': 16}]",1,1
487.211169,7555,7555,7548,1001,4026531840,tsm,ip-10-100-1-217,42,connect,[],3,-114,"[{'name': 'sockfd', 'type': 'int', 'value': 539}, {'name': 'addr', 'type': 'struct sockaddr*', 'value': ""{'sa_family': 'AF_INET','sin_port': '22','sin_addr': '192.168.20.63'}""}, {'name': 'addrlen', 'type': 'int', 'value': 16}]",1,1
487.211194,7555,7555,7548,1001,4026531840,tsm,ip-10-100-1-217,42,connect,[],3,-114,"[{'name': 'sockfd', 'type': 'int', 'value': 540}, {'name': 'addr', 'type': 'struct sockaddr*', 'value': ""{'sa_family': 'AF_INET','sin_port': '22','sin_addr': '192.168.20.64'}""}, {'name': 'addrlen', 'type': 'int', 'value': 16}]",1,1
487.211216,7555,7555,7548,1001,4026531840,tsm,ip-10-100-1-217,42,connect,[],3,-114,"[{'name': 'sockfd', 'type': 'int', 'value': 541}, {'name': 'addr', 'type': 'struct sockaddr*', 'value': ""{'sin_port': '22','sin_addr': '192.168.20.65','sa_family': 'AF_INET'}""}, {'name': 'addrlen', 'type': 'int', 'value': 16}]",1,1
487.211238,7555,7555,7548,1001,4026531840,tsm,ip-10-100-1-217,42,connect,[],3,-114,"[{'name': 'sockfd', 'type': 'int', 'value': 542}, {'name': 'addr', 'type': 'struct sockaddr*', 'value': ""{'sa_family': 'AF_INET','sin_port': '22','sin_addr': '192.168.20.66'}""}, {'name': 'addrlen', 'type': 'int', 'value': 16}]",1,1
487.21126,7555,7555,7548,1001,4026531840,tsm,ip-10-100-1-217,42,connect,[],3,-114,"[{'name': 'sockfd', 'type': 'int', 'value': 543}, {'name': 'addr', 'type': 'struct sockaddr*', 'value': ""{'sin_addr': '192.168.20.67','sa_family': 'AF_INET','sin_port': '22'}""}, {'name': 'addrlen', 'type': 'int', 'value': 16}]",1,1
487.211282,7555,7555,7548,1001,4026531840,tsm,ip-10-100-1-217,42,connect,[],3,-114,"[{'name': 'sockfd', 'type': 'int', 'value': 544}, {'name': 'addr', 'type': 'struct sockaddr*', 'value': ""{'sa_family': 'AF_INET','sin_port': '22','sin_addr': '192.168.20.68'}""}, {'name': 'addrlen', 'type': 'int', 'value': 16}]",1,1
487.211304,7555,7555,7548,1001,4026531840,tsm,ip-10-100-1-217,42,connect,[],3,-114,"[{'name': 'sockfd', 'type': 'int', 'value': 545}, {'name': 'addr', 'type': 'struct sockaddr*', 'value': ""{'sa_family': 'AF_INET','sin_port': '22','sin_addr': '192.168.20.69'}""}, {'name': 'addrlen', 'type': 'int', 'value': 16}]",1,1
487.211326,7555,7555,7548,1001,4026531840,tsm,ip-10-100-1-217,42,connect,[],3,-114,"[{'name': 'sockfd', 'type': 'int', 'value': 546}, {'name': 'addr', 'type': 'struct sockaddr*', 'value': ""{'sa_family': 'AF_INET','sin_port': '22','sin_addr': '192.168.20.70'}""}, {'name': 'addrlen', 'type': 'int', 'value': 16}]",1,1
487.211348,7555,7555,7548,1001,4026531840,tsm,ip-10-100-1-217,42,connect,[],3,-114,"[{'name': 'sockfd', 'type': 'int', 'value': 547}, {'name': 'addr', 'type': 'struct sockaddr*', 'value': ""{'sa_family': 'AF_INET','sin_port': '22','sin_addr': '192.168.20.71'}""}, {'name': 'addrlen', 'type': 'int', 'value': 16}]",1,1
487.21137,7555,7555,7548,1001,4026531840,tsm,ip-10-100-1-217,42,connect,[],3,-114,"[{'name': 'sockfd', 'type': 'int', 'value': 548}, {'name': 'addr', 'type': 'struct sockaddr*', 'value': ""{'sa_family': 'AF_INET','sin_port': '22','sin_addr': '192.168.20.72'}""}, {'name': 'addrlen', 'type': 'int', 'value': 16}]",1,1
487.211392,7555,7555,7548,1001,4026531840,tsm,ip-10-100-1-217,42,connect,[],3,-114,"[{'name': 'sockfd', 'type': 'int', 'value': 549}, {'name': 'addr', 'type': 'struct sockaddr*', 'value': ""{'sa_family': 'AF_INET','sin_port': '22','sin_addr': '192.168.20.73'}""}, {'name': 'addrlen', 'type': 'int', 'value': 16}]",1,1
487.211414,7555,7555,7548,1001,4026531840,tsm,ip-10-100-1-217,42,connect,[],3,-114,"[{'name': 'sockfd', 'type': 'int', 'value': 550}, {'name': 'addr', 'type': 'struct sockaddr*', 'value': ""{'sa_family': 'AF_INET','sin_port': '22','sin_addr': '192.168.20.74'}""}, {'name': 'addrlen', 'type': 'int', 'value': 16}]",1,1
487.211436,7555,7555,7548,1001,4026531840,tsm,ip-10-100-1-217,42,connect,[],3,-114,"[{'name': 'sockfd', 'type': 'int', 'value': 551}, {'name': 'addr', 'type': 'struct sockaddr*', 'value': ""{'sa_family': 'AF_INET','sin_port': '22','sin_addr': '192.168.20.75'}""}, {'name': 'addrlen', 'type': 'int', 'value': 16}]",1,1
487.211459,7555,7555,7548,1001,4026531840,tsm,ip-10-100-1-217,42,connect,[],3,-114,"[{'name': 'sockfd', 'type': 'int', 'value': 552}, {'name': 'addr', 'type': 'struct sockaddr*', 'value': ""{'sa_family': 'AF_INET','sin_port': '22','sin_addr': '192.168.20.76'}""}, {'name': 'addrlen', 'type': 'int', 'value': 16}]",1,1
487.21148,7555,7555,7548,1001,4026531840,tsm,ip-10-100-1-217,42,connect,[],3,-114,"[{'name': 'sockfd', 'type': 'int', 'value': 553}, {'name': 'addr', 'type': 'struct sockaddr*', 'value': ""{'sin_addr': '192.168.20.77','sa_family': 'AF_INET','sin_port': '22'}""}, {'name': 'addrlen', 'type': 'int', 'value': 16}]",1,1
487.211502,7555,7555,7548,1001,4026531840,tsm,ip-10-100-1-217,42,connect,[],3,-114,"[{'name': 'sockfd', 'type': 'int', 'value': 554}, {'name': 'addr', 'type': 'struct sockaddr*', 'value': ""{'sa_family': 'AF_INET','sin_port': '22','sin_addr': '192.168.20.78'}""}, {'name': 'addrlen', 'type': 'int', 'value': 16}]",1,1
487.211524,7555,7555,7548,1001,4026531840,tsm,ip-10-100-1-217,42,connect,[],3,-114,"[{'name': 'sockfd', 'type': 'int', 'value': 555}, {'name': 'addr', 'type': 'struct sockaddr*', 'value': ""{'sa_family': 'AF_INET','sin_port': '22','sin_addr': '192.168.20.79'}""}, {'name': 'addrlen', 'type': 'int', 'value': 16}]",1,1
487.211546,7555,7555,7548,1001,4026531840,tsm,ip-10-100-1-217,42,connect,[],3,-114,"[{'name': 'sockfd', 'type': 'int', 'value': 556}, {'name': 'addr', 'type': 'struct sockaddr*', 'value': ""{'sin_port': '22','sin_addr': '192.168.20.80','sa_family': 'AF_INET'}""}, {'name': 'addrlen', 'type': 'int', 'value': 16}]",1,1
487.211568,7555,7555,7548,1001,4026531840,tsm,ip-10-100-1-217,42,connect,[],3,-114,"[{'name': 'sockfd', 'type': 'int', 'value': 557}, {'name': 'addr', 'type': 'struct sockaddr*', 'value': ""{'sa_family': 'AF_INET','sin_port': '22','sin_addr': '192.168.20.81'}""}, {'name': 'addrlen', 'type': 'int', 'value': 16}]",1,1
487.21159,7555,7555,7548,1001,4026531840,tsm,ip-10-100-1-217,42,connect,[],3,-114,"[{'name': 'sockfd', 'type': 'int', 'value': 558}, {'name': 'addr', 'type': 'struct sockaddr*', 'value': ""{'sa_family': 'AF_INET','sin_port': '22','sin_addr': '192.168.20.82'}""}, {'name': 'addrlen', 'type': 'int', 'value': 16}]",1,1
487.211612,7555,7555,7548,1001,4026531840,tsm,ip-10-100-1-217,42,connect,[],3,-114,"[{'name': 'sockfd', 'type': 'int', 'value': 559}, {'name': 'addr', 'type': 'struct sockaddr*', 'value': ""{'sa_family': 'AF_INET','sin_port': '22','sin_addr': '192.168.20.83'}""}, {'name': 'addrlen', 'type': 'int', 'value': 16}]",1,1
487.211634,7555,7555,7548,1001,4026531840,tsm,ip-10-100-1-217,42,connect,[],3,-114,"[{'name': 'sockfd', 'type': 'int', 'value': 560}, {'name': 'addr', 'type': 'struct sockaddr*', 'value': ""{'sa_family': 'AF_INET','sin_port': '22','sin_addr': '192.168.20.84'}""}, {'name': 'addrlen', 'type': 'int', 'value': 16}]",1,1
487.211656,7555,7555,7548,1001,4026531840,tsm,ip-10-100-1-217,42,connect,[],3,-114,"[{'name': 'sockfd', 'type': 'int', 'value': 561}, {'name': 'addr', 'type': 'struct sockaddr*', 'value': ""{'sin_port': '22','sin_addr': '192.168.20.85','sa_family': 'AF_INET'}""}, {'name': 'addrlen', 'type': 'int', 'value': 16}]",1,1
487.211678,7555,7555,7548,1001,4026531840,tsm,ip-10-100-1-217,42,connect,[],3,-114,"[{'name': 'sockfd', 'type': 'int', 'value': 562}, {'name': 'addr', 'type': 'struct sockaddr*', 'value': ""{'sa_family': 'AF_INET','sin_port': '22','sin_addr': '192.168.20.86'}""}, {'name': 'addrlen', 'type': 'int', 'value': 16}]",1,1
487.2117,7555,7555,7548,1001,4026531840,tsm,ip-10-100-1-217,42,connect,[],3,-114,"[{'name': 'sockfd', 'type': 'int', 'value': 563}, {'name': 'addr', 'type': 'struct sockaddr*', 'value': ""{'sa_family': 'AF_INET','sin_port': '22','sin_addr': '192.168.20.87'}""}, {'name': 'addrlen', 'type': 'int', 'value': 16}]",1,1
487.211722,7555,7555,7548,1001,4026531840,tsm,ip-10-100-1-217,42,connect,[],3,-114,"[{'name': 'sockfd', 'type': 'int', 'value': 564}, {'name': 'addr', 'type': 'struct sockaddr*', 'value': ""{'sa_family': 'AF_INET','sin_port': '22','sin_addr': '192.168.20.88'}""}, {'name': 'addrlen', 'type': 'int', 'value': 16}]",1,1
487.211744,7555,7555,7548,1001,4026531840,tsm,ip-10-100-1-217,42,connect,[],3,-114,"[{'name': 'sockfd', 'type': 'int', 'value': 565}, {'name': 'addr', 'type': 'struct sockaddr*', 'value': ""{'sa_family': 'AF_INET','sin_port': '22','sin_addr': '192.168.20.89'}""}, {'name': 'addrlen', 'type': 'int', 'value': 16}]",1,1
487.211766,7555,7555,7548,1001,4026531840,tsm,ip-10-100-1-217,42,connect,[],3,-114,"[{'name': 'sockfd', 'type': 'int', 'value': 566}, {'name': 'addr', 'type': 'struct sockaddr*', 'value': ""{'sa_family': 'AF_INET','sin_port': '22','sin_addr': '192.168.20.90'}""}, {'name': 'addrlen', 'type': 'int', 'value': 16}]",1,1
487.211788,7555,7555,7548,1001,4026531840,tsm,ip-10-100-1-217,42,connect,[],3,-114,"[{'name': 'sockfd', 'type': 'int', 'value': 567}, {'name': 'addr', 'type': 'struct sockaddr*', 'value': ""{'sin_addr': '192.168.20.91','sa_family': 'AF_INET','sin_port': '22'}""}, {'name': 'addrlen', 'type': 'int', 'value': 16}]",1,1
487.21181,7555,7555,7548,1001,4026531840,tsm,ip-10-100-1-217,42,connect,[],3,-114,"[{'name': 'sockfd', 'type': 'int', 'value': 568}, {'name': 'addr', 'type': 'struct sockaddr*', 'value': ""{'sa_family': 'AF_INET','sin_port': '22','sin_addr': '192.168.20.92'}""}, {'name': 'addrlen', 'type': 'int', 'value': 16}]",1,1
487.211832,7555,7555,7548,1001,4026531840,tsm,ip-10-100-1-217,42,connect,[],3,-114,"[{'name': 'sockfd', 'type': 'int', 'value': 569}, {'name': 'addr', 'type': 'struct sockaddr*', 'value': ""{'sa_family': 'AF_INET','sin_port': '22','sin_addr': '192.168.20.93'}""}, {'name': 'addrlen', 'type': 'int', 'value': 16}]",1,1
487.211854,7555,7555,7548,1001,4026531840,tsm,ip-10-100-1-217,42,connect,[],3,-114,"[{'name': 'sockfd', 'type': 'int', 'value': 570}, {'name': 'addr', 'type': 'struct sockaddr*', 'value': ""{'sa_family': 'AF_INET','sin_port': '22','sin_addr': '192.168.20.94'}""}, {'name': 'addrlen', 'type': 'int', 'value': 16}]",1,1
487.211876,7555,7555,7548,1001,4026531840,tsm,ip-10-100-1-217,42,connect,[],3,-114,"[{'name': 'sockfd', 'type': 'int', 'value': 571}, {'name': 'addr', 'type': 'struct sockaddr*', 'value': ""{'sa_family': 'AF_INET','sin_port': '22','sin_addr': '192.168.20.95'}""}, {'name': 'addrlen', 'type': 'int', 'value': 16}]",1,1
487.211898,7555,7555,7548,1001,4026531840,tsm,ip-10-100-1-217,42,connect,[],3,-114,"[{'name': 'sockfd', 'type': 'int', 'value': 572}, {'name': 'addr', 'type': 'struct sockaddr*', 'value': ""{'sin_addr': '192.168.20.96','sa_family': 'AF_INET','sin_port': '22'}""}, {'name': 'addrlen', 'type': 'int', 'value': 16}]",1,1
487.21192,7555,7555,7548,1001,4026531840,tsm,ip-10-100-1-217,42,connect,[],3,-114,"[{'name': 'sockfd', 'type': 'int', 'value': 573}, {'name': 'addr', 'type': 'struct sockaddr*', 'value': ""{'sa_family': 'AF_INET','sin_port': '22','sin_addr': '192.168.20.97'}""}, {'name': 'addrlen', 'type': 'int', 'value': 16}]",1,1
487.211942,7555,7555,7548,1001,4026531840,tsm,ip-10-100-1-217,42,connect,[],3,-114,"[{'name': 'sockfd', 'type': 'int', 'value': 574}, {'name': 'addr', 'type': 'struct sockaddr*', 'value': ""{'sa_family': 'AF_INET','sin_port': '22','sin_addr': '192.168.20.98'}""}, {'name': 'addrlen', 'type': 'int', 'value': 16}]",1,1
487.211964,7555,7555,7548,1001,4026531840,tsm,ip-10-100-1-217,42,connect,[],3,-114,"[{'name': 'sockfd', 'type': 'int', 'value': 575}, {'name': 'addr', 'type': 'struct sockaddr*', 'value': ""{'sa_family': 'AF_INET','sin_port': '22','sin_addr': '192.168.20.99'}""}, {'name': 'addrlen', 'type': 'int', 'value': 16}]",1,1
487.211986,7555,7555,7548,1001,4026531840,tsm,ip-10-100-1-217,42,connect,[],3,-114,"[{'name': 'sockfd', 'type': 'int', 'value': 576}, {'name': 'addr', 'type': 'struct sockaddr*', 'value': ""{'sa_family': 'AF_INET','sin_port': '22','sin_addr': '192.168.20.100'}""}, {'name': 'addrlen', 'type': 'int', 'value': 16}]",1,1
487.212008,7555,7555,7548,1001,4026531840,tsm,ip-10-100-1-217,42,connect,[],3,-114,"[{'name': 'sockfd', 'type': 'int', 'value': 577}, {'name': 'addr', 'type': 'struct sockaddr*', 'value': ""{'sin_port': '22','sin_addr': '192.168.20.101','sa_family': 'AF_INET'}""}, {'name': 'addrlen', 'type': 'int', 'value': 16}]",1,1
487.21203,7555,7555,7548,1001,4026531840,tsm,ip-10-100-1-217,42,connect,[],3,-114,"[{'name': 'sockfd', 'type': 'int', 'value': 578}, {'name': 'addr', 'type': 'struct sockaddr*', 'value': ""{'sa_family': 'AF_INET','sin_port': '22','sin_addr': '192.168.20.102'}""}, {'name': 'addrlen', 'type': 'int', 'value': 16}]",1,1
487.212052,7555,7555,7548,1001,4026531840,tsm,ip-10-100-1-217,42,connect,[],3,-114,"[{'name': 'sockfd', 'type': 'int', 'value': 579}, {'name': 'addr', 'type': 'struct sockaddr*', 'value': ""{'sa_family': 'AF_INET','sin_port': '22','sin_addr': '192.168.20.103'}""}, {'name': 'addrlen', 'type': 'int', 'value': 16}]",1,1
487.212074,7555,7555,7548,1001,4026531840,tsm,ip-10-100-1-217,42,connect,[],3,-114,"[{'name': 'sockfd', 'type': 'int', 'value': 580}, {'name': 'addr', 'type': 'struct sockaddr*', 'value': ""{'sa_family': 'AF_INET','sin_port': '22','sin_addr': '192.168.20.104'}""}, {'name': 'addrlen', 'type': 'int', 'value': 16}]",1,1
487.212096,7555,7555,7548,1001,4026531840,tsm,ip-10-100-1-217,42,connect,[],3,-114,"[{'name': 'sockfd', 'type': 'int', 'value': 581}, {'name': 'addr', 'type': 'struct sockaddr*', 'value': ""{'sin_port': '22','sin_addr': '192.168.20.105','sa_family': 'AF_INET'}""}, {'name': 'addrlen', 'type': 'int', 'value': 16}]",1,1
487.212118,7555,7555,7548,1001,4026531840,tsm,ip-10-100-1-217,42,connect,[],3,-114,"[{'name': 'sockfd', 'type': 'int', 'value': 582}, {'name': 'addr', 'type': 'struct sockaddr*', 'value': ""{'sa_family': 'AF_INET','sin_port': '22','sin_addr': '192.168.20.106'}""}, {'name': 'addrlen', 'type': 'int', 'value': 16}]",1,1
487.21214,7555,7555,7548,1001,4026531840,tsm,ip-10-100-1-217,42,connect,[],3,-114,"[{'name': 'sockfd', 'type': 'int', 'value': 583}, {'name': 'addr', 'type': 'struct sockaddr*', 'value': ""{'sa_family': 'AF_INET','sin_port': '22','sin_addr': '192.168.20.107'}""}, {'name': 'addrlen', 'type': 'int', 'value': 16}]",1,1
487.212162,7555,7555,7548,1001,4026531840,tsm,ip-10-100-1-217,42,connect,[],3,-114,"[{'name': 'sockfd', 'type': 'int', 'value': 584}, {'name': 'addr', 'type': 'struct sockaddr*', 'value': ""{'sa_family': 'AF_INET','sin_port': '22','sin_addr': '192.168.20.108'}""}, {'name': 'addrlen', 'type': 'int', 'value': 16}]",1,1
487.212184,7555,7555,7548,1001,4026531840,tsm,ip-10-100-1-217,42,connect,[],3,-114,"[{'name': 'sockfd', 'type': 'int', 'value': 585}, {'name': 'addr', 'type': 'struct sockaddr*', 'value': ""{'sin_port': '22','sin_addr': '192.168.20.109','sa_family': 'AF_INET'}""}, {'name': 'addrlen', 'type': 'int', 'value': 16}]",1,1
487.212206,7555,7555,7548,1001,4026531840,tsm,ip-10-100-1-217,42,connect,[],3,-114,"[{'name': 'sockfd', 'type': 'int', 'value': 586}, {'name': 'addr', 'type': 'struct sockaddr*', 'value': ""{'sa_family': 'AF_INET','sin_port': '22','sin_addr': '192.168.20.110'}""}, {'name': 'addrlen', 'type': 'int', 'value': 16}]",1,1
487.212228,7555,7555,7548,1001,4026531840,tsm,ip-10-100-1-217,42,connect,[],3,-114,"[{'name': 'sockfd', 'type': 'int', 'value': 587}, {'name': 'addr', 'type': 'struct sockaddr*', 'value': ""{'sa_family': 'AF_INET','sin_port': '22','sin_addr': '192.168.20.111'}""}, {'name': 'addrlen', 'type': 'int', 'value': 16}]",1,1
487.21225,7555,7555,7548,1001,4026531840,tsm,ip-10-100-1-217,42,connect,[],3,-114,"[{'name': 'sockfd', 'type': 'int', 'value': 588}, {'name': 'addr', 'type': 'struct sockaddr*', 'value': ""{'sin_port': '22','sin_addr': '192.168.20.112','sa_family': 'AF_INET'}""}, {'name': 'addrlen', 'type': 'int', 'value': 16}]",1,1
487.212272,7555,7555,7548,1001,4026531840,tsm,ip-10-100-1-217,42,connect,[],3,-114,"[{'name': 'sockfd', 'type': 'int', 'value': 589}, {'name': 'addr', 'type': 'struct sockaddr*', 'value': ""{'sa_family': 'AF_INET','sin_port': '22','sin_addr': '192.168.20.113'}""}, {'name': 'addrlen', 'type': 'int', 'value': 16}]",1,1
487.212294,7555,7555,7548,1001,4026531840,tsm,ip-10-100-1-217,42,connect,[],3,-114,"[{'name': 'sockfd', 'type': 'int', 'value': 590}, {'name': 'addr', 'type': 'struct sockaddr*', 'value': ""{'sa_family': 'AF_INET','sin_port': '22','sin_addr': '192.168.20.114'}""}, {'name': 'addrlen', 'type': 'int', 'value': 16}]",1,1
487.212318,7555,7555,7548,1001,4026531840,tsm,ip-10-100-1-217,42,connect,[],3,-114,"[{'name': 'sockfd', 'type': 'int', 'value': 591}, {'name': 'addr', 'type': 'struct sockaddr*', 'value': ""{'sa_family': 'AF_INET','sin_port': '22','sin_addr': '192.168.20.115'}""}, {'name': 'addrlen', 'type': 'int', 'value': 16}]",1,1
487.21234,7555,7555,7548,1001,4026531840,tsm,ip-10-100-1-217,42,connect,[],3,-114,"[{'name': 'sockfd', 'type': 'int', 'value': 592}, {'name': 'addr', 'type': 'struct sockaddr*', 'value': ""{'sa_family': 'AF_INET','sin_port': '22','sin_addr': '192.168.20.116'}""}, {'name': 'addrlen', 'type': 'int', 'value': 16}]",1,1
487.212362,7555,7555,7548,1001,4026531840,tsm,ip-10-100-1-217,42,connect,[],3,-114,"[{'name': 'sockfd', 'type': 'int', 'value': 593}, {'name': 'addr', 'type': 'struct sockaddr*', 'value': ""{'sin_port': '22','sin_addr': '192.168.20.117','sa_family': 'AF_INET'}""}, {'name': 'addrlen', 'type': 'int', 'value': 16}]",1,1
487.212384,7555,7555,7548,1001,4026531840,tsm,ip-10-100-1-217,42,connect,[],3,-114,"[{'name': 'sockfd', 'type': 'int', 'value': 594}, {'name': 'addr', 'type': 'struct sockaddr*', 'value': ""{'sa_family': 'AF_INET','sin_port': '22','sin_addr': '192.168.20.118'}""}, {'name': 'addrlen', 'type': 'int', 'value': 16}]",1,1
487.212406,7555,7555,7548,1001,4026531840,tsm,ip-10-100-1-217,42,connect,[],3,-114,"[{'name': 'sockfd', 'type': 'int', 'value': 595}, {'name': 'addr', 'type': 'struct sockaddr*', 'value': ""{'sa_family': 'AF_INET','sin_port': '22','sin_addr': '192.168.20.119'}""}, {'name': 'addrlen', 'type': 'int', 'value': 16}]",1,1
487.212428,7555,7555,7548,1001,4026531840,tsm,ip-10-100-1-217,42,connect,[],3,-114,"[{'name': 'sockfd', 'type': 'int', 'value': 596}, {'name': 'addr', 'type': 'struct sockaddr*', 'value': ""{'sa_family': 'AF_INET','sin_port': '22','sin_addr': '192.168.20.120'}""}, {'name': 'addrlen', 'type': 'int', 'value': 16}]",1,1
487.21245,7555,7555,7548,1001,4026531840,tsm,ip-10-100-1-217,42,connect,[],3,-114,"[{'name': 'sockfd', 'type': 'int', 'value': 597}, {'name': 'addr', 'type': 'struct sockaddr*', 'value': ""{'sin_addr': '192.168.20.121','sa_family': 'AF_INET','sin_port': '22'}""}, {'name': 'addrlen', 'type': 'int', 'value': 16}]",1,1
487.212472,7555,7555,7548,1001,4026531840,tsm,ip-10-100-1-217,42,connect,[],3,-114,"[{'name': 'sockfd', 'type': 'int', 'value': 598}, {'name': 'addr', 'type': 'struct sockaddr*', 'value': ""{'sin_port': '22','sin_addr': '192.168.20.122','sa_family': 'AF_INET'}""}, {'name': 'addrlen', 'type': 'int', 'value': 16}]",1,1
487.212494,7555,7555,7548,1001,4026531840,tsm,ip-10-100-1-217,42,connect,[],3,-114,"[{'name': 'sockfd', 'type': 'int', 'value': 599}, {'name': 'addr', 'type': 'struct sockaddr*', 'value': ""{'sa_family': 'AF_INET','sin_port': '22','sin_addr': '192.168.20.123'}""}, {'name': 'addrlen', 'type': 'int', 'value': 16}]",1,1
487.212516,7555,7555,7548,1001,4026531840,tsm,ip-10-100-1-217,42,connect,[],3,-114,"[{'name': 'sockfd', 'type': 'int', 'value': 600}, {'name': 'addr', 'type': 'struct sockaddr*', 'value': ""{'sa_family': 'AF_INET','sin_port': '22','sin_addr': '192.168.20.124'}""}, {'name': 'addrlen', 'type': 'int', 'value': 16}]",1,1
487.212538,7555,7555,7548,1001,4026531840,tsm,ip-10-100-1-217,42,connect,[],3,-114,"[{'name': 'sockfd', 'type': 'int', 'value': 601}, {'name': 'addr', 'type': 'struct sockaddr*', 'value': ""{'sa_family': 'AF_INET','sin_port': '22','sin_addr': '192.168.20.125'}""}, {'name': 'addrlen', 'type': 'int', 'value': 16}]",1,1
487.21256,7555,7555,7548,1001,4026531840,tsm,ip-10-100-1-217,42,connect,[],3,-114,"[{'name': 'sockfd', 'type': 'int', 'value': 602}, {'name': 'addr', 'type': 'struct sockaddr*', 'value': ""{'sa_family': 'AF_INET','sin_port': '22','sin_addr': '192.168.20.126'}""}, {'name': 'addrlen', 'type': 'int', 'value': 16}]",1,1
487.212582,7555,7555,7548,1001,4026531840,tsm,ip-10-100-1-217,42,connect,[],3,-114,"[{'name': 'sockfd', 'type': 'int', 'value': 603}, {'name': 'addr', 'type': 'struct sockaddr*', 'value': ""{'sin_port': '22','sin_addr': '192.168.20.127','sa_family': 'AF_INET'}""}, {'name': 'addrlen', 'type': 'int', 'value': 16}]",1,1
487.212604,7555,7555,7548,1001,4026531840,tsm,ip-10-100-1-217,42,connect,[],3,-114,"[{'name': 'sockfd', 'type': 'int', 'value': 604}, {'name': 'addr', 'type': 'struct sockaddr*', 'value': ""{'sa_family': 'AF_INET','sin_port': '22','sin_addr': '192.168.20.128'}""}, {'name': 'addrlen', 'type': 'int', 'value': 16}]",1,1
487.212626,7555,7555,7548,1001,4026531840,tsm,ip-10-100-1-217,42,connect,[],3,-114,"[{'name': 'sockfd', 'type': 'int', 'value': 605}, {'name': 'addr', 'type': 'struct sockaddr*', 'value': ""{'sin_addr': '192.168.20.129','sa_family': 'AF_INET','sin_port': '22'}""}, {'name': 'addrlen', 'type': 'int', 'value': 16}]",1,1
487.212648,7555,7555,7548,1001,4026531840,tsm,ip-10-100-1-217,42,connect,[],3,-114,"[{'name': 'sockfd', 'type': 'int', 'value': 606}, {'name': 'addr', 'type': 'struct sockaddr*', 'value': ""{'sa_family': 'AF_INET','sin_port': '22','sin_addr': '192.168.20.130'}""}, {'name': 'addrlen', 'type': 'int', 'value': 16}]",1,1
487.21267,7555,7555,7548,1001,4026531840,tsm,ip-10-100-1-217,42,connect,[],3,-114,"[{'name': 'sockfd', 'type': 'int', 'value': 607}, {'name': 'addr', 'type': 'struct sockaddr*', 'value': ""{'sa_family': 'AF_INET','sin_port': '22','sin_addr': '192.168.20.131'}""}, {'name': 'addrlen', 'type': 'int', 'value': 16}]",1,1
487.212692,7555,7555,7548,1001,4026531840,tsm,ip-10-100-1-217,42,connect,[],3,-114,"[{'name': 'sockfd', 'type': 'int', 'value': 608}, {'name': 'addr', 'type': 'struct sockaddr*', 'value': ""{'sa_family': 'AF_INET','sin_port': '22','sin_addr': '192.168.20.132'}""}, {'name': 'addrlen', 'type': 'int', 'value': 16}]",1,1
487.212714,7555,7555,7548,1001,4026531840,tsm,ip-10-100-1-217,42,connect,[],3,-114,"[{'name': 'sockfd', 'type': 'int', 'value': 609}, {'name': 'addr', 'type': 'struct sockaddr*', 'value': ""{'sa_family': 'AF_INET','sin_port': '22','sin_addr': '192.168.20.133'}""}, {'name': 'addrlen', 'type': 'int', 'value': 16}]",1,1
487.212736,7555,7555,7548,1001,4026531840,tsm,ip-10-100-1-217,42,connect,[],3,-114,"[{'name': 'sockfd', 'type': 'int', 'value': 610}, {'name': 'addr', 'type': 'struct sockaddr*', 'value': ""{'sa_family': 'AF_INET','sin_port': '22','sin_addr': '192.168.20.134'}""}, {'name': 'addrlen', 'type': 'int', 'value': 16}]",1,1
487.212758,7555,7555,7548,1001,4026531840,tsm,ip-10-100-1-217,42,connect,[],3,-114,"[{'name': 'sockfd', 'type': 'int', 'value': 611}, {'name': 'addr', 'type': 'struct sockaddr*', 'value': ""{'sin_port': '22','sin_addr': '192.168.20.135','sa_family': 'AF_INET'}""}, {'name': 'addrlen', 'type': 'int', 'value': 16}]",1,1
487.21278,7555,7555,7548,1001,4026531840,tsm,ip-10-100-1-217,42,connect,[],3,-114,"[{'name': 'sockfd', 'type': 'int', 'value': 612}, {'name': 'addr', 'type': 'struct sockaddr*', 'value': ""{'sa_family': 'AF_INET','sin_port': '22','sin_addr': '192.168.20.136'}""}, {'name': 'addrlen', 'type': 'int', 'value': 16}]",1,1
487.212802,7555,7555,7548,1001,4026531840,tsm,ip-10-100-1-217,42,connect,[],3,-114,"[{'name': 'sockfd', 'type': 'int', 'value': 613}, {'name': 'addr', 'type': 'struct sockaddr*', 'value': ""{'sa_family': 'AF_INET','sin_port': '22','sin_addr': '192.168.20.137'}""}, {'name': 'addrlen', 'type': 'int', 'value': 16}]",1,1
487.212824,7555,7555,7548,1001,4026531840,tsm,ip-10-100-1-217,42,connect,[],3,-114,"[{'name': 'sockfd', 'type': 'int', 'value': 614}, {'name': 'addr', 'type': 'struct sockaddr*', 'value': ""{'sa_family': 'AF_INET','sin_port': '22','sin_addr': '192.168.20.138'}""}, {'name': 'addrlen', 'type': 'int', 'value': 16}]",1,1
487.212846,7555,7555,7548,1001,4026531840,tsm,ip-10-100-1-217,42,connect,[],3,-114,"[{'name': 'sockfd', 'type': 'int', 'value': 615}, {'name': 'addr', 'type': 'struct sockaddr*', 'value': ""{'sa_family': 'AF_INET','sin_port': '22','sin_addr': '192.168.20.139'}""}, {'name': 'addrlen', 'type': 'int', 'value': 16}]",1,1
487.212868,7555,7555,7548,1001,4026531840,tsm,ip-10-100-1-217,42,connect,[],3,-114,"[{'name': 'sockfd', 'type': 'int', 'value': 616}, {'name': 'addr', 'type': 'struct sockaddr*', 'value': ""{'sa_family': 'AF_INET','sin_port': '22','sin_addr': '192.168.20.140'}""}, {'name': 'addrlen', 'type': 'int', 'value': 16}]",1,1
487.21289,7555,7555,7548,1001,4026531840,tsm,ip-10-100-1-217,42,connect,[],3,-114,"[{'name': 'sockfd', 'type': 'int', 'value': 617}, {'name': 'addr', 'type': 'struct sockaddr*', 'value': ""{'sa_family': 'AF_INET','sin_port': '22','sin_addr': '192.168.20.141'}""}, {'name': 'addrlen', 'type': 'int', 'value': 16}]",1,1
487.212912,7555,7555,7548,1001,4026531840,tsm,ip-10-100-1-217,42,connect,[],3,-114,"[{'name': 'sockfd', 'type': 'int', 'value': 618}, {'name': 'addr', 'type': 'struct sockaddr*', 'value': ""{'sa_family': 'AF_INET','sin_port': '22','sin_addr': '192.168.20.142'}""}, {'name': 'addrlen', 'type': 'int', 'value': 16}]",1,1
487.212933,7555,7555,7548,1001,4026531840,tsm,ip-10-100-1-217,42,connect,[],3,-114,"[{'name': 'sockfd', 'type': 'int', 'value': 619}, {'name': 'addr', 'type': 'struct sockaddr*', 'value': ""{'sin_port': '22','sin_addr': '192.168.20.143','sa_family': 'AF_INET'}""}, {'name': 'addrlen', 'type': 'int', 'value': 16}]",1,1
487.212955,7555,7555,7548,1001,4026531840,tsm,ip-10-100-1-217,42,connect,[],3,-114,"[{'name': 'sockfd', 'type': 'int', 'value': 620}, {'name': 'addr', 'type': 'struct sockaddr*', 'value': ""{'sa_family': 'AF_INET','sin_port': '22','sin_addr': '192.168.20.144'}""}, {'name': 'addrlen', 'type': 'int', 'value': 16}]",1,1
487.212977,7555,7555,7548,1001,4026531840,tsm,ip-10-100-1-217,42,connect,[],3,-114,"[{'name': 'sockfd', 'type': 'int', 'value': 621}, {'name': 'addr', 'type': 'struct sockaddr*', 'value': ""{'sin_addr': '192.168.20.145','sa_family': 'AF_INET','sin_port': '22'}""}, {'name': 'addrlen', 'type': 'int', 'value': 16}]",1,1
487.212999,7555,7555,7548,1001,4026531840,tsm,ip-10-100-1-217,42,connect,[],3,-114,"[{'name': 'sockfd', 'type': 'int', 'value': 622}, {'name': 'addr', 'type': 'struct sockaddr*', 'value': ""{'sin_port': '22','sin_addr': '192.168.20.146','sa_family': 'AF_INET'}""}, {'name': 'addrlen', 'type': 'int', 'value': 16}]",1,1
487.213021,7555,7555,7548,1001,4026531840,tsm,ip-10-100-1-217,42,connect,[],3,-114,"[{'name': 'sockfd', 'type': 'int', 'value': 623}, {'name': 'addr', 'type': 'struct sockaddr*', 'value': ""{'sa_family': 'AF_INET','sin_port': '22','sin_addr': '192.168.20.147'}""}, {'name': 'addrlen', 'type': 'int', 'value': 16}]",1,1
487.213043,7555,7555,7548,1001,4026531840,tsm,ip-10-100-1-217,42,connect,[],3,-114,"[{'name': 'sockfd', 'type': 'int', 'value': 624}, {'name': 'addr', 'type': 'struct sockaddr*', 'value': ""{'sa_family': 'AF_INET','sin_port': '22','sin_addr': '192.168.20.148'}""}, {'name': 'addrlen', 'type': 'int', 'value': 16}]",1,1
487.213065,7555,7555,7548,1001,4026531840,tsm,ip-10-100-1-217,42,connect,[],3,-114,"[{'name': 'sockfd', 'type': 'int', 'value': 625}, {'name': 'addr', 'type': 'struct sockaddr*', 'value': ""{'sa_family': 'AF_INET','sin_port': '22','sin_addr': '192.168.20.149'}""}, {'name': 'addrlen', 'type': 'int', 'value': 16}]",1,1
487.213087,7555,7555,7548,1001,4026531840,tsm,ip-10-100-1-217,42,connect,[],3,-114,"[{'name': 'sockfd', 'type': 'int', 'value': 626}, {'name': 'addr', 'type': 'struct sockaddr*', 'value': ""{'sa_family': 'AF_INET','sin_port': '22','sin_addr': '192.168.20.150'}""}, {'name': 'addrlen', 'type': 'int', 'value': 16}]",1,1
487.213109,7555,7555,7548,1001,4026531840,tsm,ip-10-100-1-217,42,connect,[],3,-114,"[{'name': 'sockfd', 'type': 'int', 'value': 627}, {'name': 'addr', 'type': 'struct sockaddr*', 'value': ""{'sa_family': 'AF_INET','sin_port': '22','sin_addr': '192.168.20.151'}""}, {'name': 'addrlen', 'type': 'int', 'value': 16}]",1,1
487.213131,7555,7555,7548,1001,4026531840,tsm,ip-10-100-1-217,42,connect,[],3,-114,"[{'name': 'sockfd', 'type': 'int', 'value': 628}, {'name': 'addr', 'type': 'struct sockaddr*', 'value': ""{'sa_family': 'AF_INET','sin_port': '22','sin_addr': '192.168.20.152'}""}, {'name': 'addrlen', 'type': 'int', 'value': 16}]",1,1
487.213153,7555,7555,7548,1001,4026531840,tsm,ip-10-100-1-217,42,connect,[],3,-114,"[{'name': 'sockfd', 'type': 'int', 'value': 629}, {'name': 'addr', 'type': 'struct sockaddr*', 'value': ""{'sa_family': 'AF_INET','sin_port': '22','sin_addr': '192.168.20.153'}""}, {'name': 'addrlen', 'type': 'int', 'value': 16}]",1,1
487.213175,7555,7555,7548,1001,4026531840,tsm,ip-10-100-1-217,42,connect,[],3,-114,"[{'name': 'sockfd', 'type': 'int', 'value': 630}, {'name': 'addr', 'type': 'struct sockaddr*', 'value': ""{'sa_family': 'AF_INET','sin_port': '22','sin_addr': '192.168.20.154'}""}, {'name': 'addrlen', 'type': 'int', 'value': 16}]",1,1
487.213197,7555,7555,7548,1001,4026531840,tsm,ip-10-100-1-217,42,connect,[],3,-114,"[{'name': 'sockfd', 'type': 'int', 'value': 631}, {'name': 'addr', 'type': 'struct sockaddr*', 'value': ""{'sa_family': 'AF_INET','sin_port': '22','sin_addr': '192.168.20.155'}""}, {'name': 'addrlen', 'type': 'int', 'value': 16}]",1,1
487.213219,7555,7555,7548,1001,4026531840,tsm,ip-10-100-1-217,42,connect,[],3,-114,"[{'name': 'sockfd', 'type': 'int', 'value': 632}, {'name': 'addr', 'type': 'struct sockaddr*', 'value': ""{'sin_port': '22','sin_addr': '192.168.20.156','sa_family': 'AF_INET'}""}, {'name': 'addrlen', 'type': 'int', 'value': 16}]",1,1
487.213241,7555,7555,7548,1001,4026531840,tsm,ip-10-100-1-217,42,connect,[],3,-114,"[{'name': 'sockfd', 'type': 'int', 'value': 633}, {'name': 'addr', 'type': 'struct sockaddr*', 'value': ""{'sa_family': 'AF_INET','sin_port': '22','sin_addr': '192.168.20.157'}""}, {'name': 'addrlen', 'type': 'int', 'value': 16}]",1,1
487.213263,7555,7555,7548,1001,4026531840,tsm,ip-10-100-1-217,42,connect,[],3,-114,"[{'name': 'sockfd', 'type': 'int', 'value': 634}, {'name': 'addr', 'type': 'struct sockaddr*', 'value': ""{'sin_addr': '192.168.20.158','sa_family': 'AF_INET','sin_port': '22'}""}, {'name': 'addrlen', 'type': 'int', 'value': 16}]",1,1
487.213285,7555,7555,7548,1001,4026531840,tsm,ip-10-100-1-217,42,connect,[],3,-114,"[{'name': 'sockfd', 'type': 'int', 'value': 635}, {'name': 'addr', 'type': 'struct sockaddr*', 'value': ""{'sa_family': 'AF_INET','sin_port': '22','sin_addr': '192.168.20.159'}""}, {'name': 'addrlen', 'type': 'int', 'value': 16}]",1,1
487.213307,7555,7555,7548,1001,4026531840,tsm,ip-10-100-1-217,42,connect,[],3,-114,"[{'name': 'sockfd', 'type': 'int', 'value': 636}, {'name': 'addr', 'type': 'struct sockaddr*', 'value': ""{'sa_family': 'AF_INET','sin_port': '22','sin_addr': '192.168.20.160'}""}, {'name': 'addrlen', 'type': 'int', 'value': 16}]",1,1
487.213328,7555,7555,7548,1001,4026531840,tsm,ip-10-100-1-217,42,connect,[],3,-114,"[{'name': 'sockfd', 'type': 'int', 'value': 637}, {'name': 'addr', 'type': 'struct sockaddr*', 'value': ""{'sa_family': 'AF_INET','sin_port': '22','sin_addr': '192.168.20.161'}""}, {'name': 'addrlen', 'type': 'int', 'value': 16}]",1,1
487.21335,7555,7555,7548,1001,4026531840,tsm,ip-10-100-1-217,42,connect,[],3,-114,"[{'name': 'sockfd', 'type': 'int', 'value': 638}, {'name': 'addr', 'type': 'struct sockaddr*', 'value': ""{'sa_family': 'AF_INET','sin_port': '22','sin_addr': '192.168.20.162'}""}, {'name': 'addrlen', 'type': 'int', 'value': 16}]",1,1
487.213372,7555,7555,7548,1001,4026531840,tsm,ip-10-100-1-217,42,connect,[],3,-114,"[{'name': 'sockfd', 'type': 'int', 'value': 639}, {'name': 'addr', 'type': 'struct sockaddr*', 'value': ""{'sin_port': '22','sin_addr': '192.168.20.163','sa_family': 'AF_INET'}""}, {'name': 'addrlen', 'type': 'int', 'value': 16}]",1,1
487.213394,7555,7555,7548,1001,4026531840,tsm,ip-10-100-1-217,42,connect,[],3,-114,"[{'name': 'sockfd', 'type': 'int', 'value': 640}, {'name': 'addr', 'type': 'struct sockaddr*', 'value': ""{'sa_family': 'AF_INET','sin_port': '22','sin_addr': '192.168.20.164'}""}, {'name': 'addrlen', 'type': 'int', 'value': 16}]",1,1
487.213416,7555,7555,7548,1001,4026531840,tsm,ip-10-100-1-217,42,connect,[],3,-114,"[{'name': 'sockfd', 'type': 'int', 'value': 641}, {'name': 'addr', 'type': 'struct sockaddr*', 'value': ""{'sa_family': 'AF_INET','sin_port': '22','sin_addr': '192.168.20.165'}""}, {'name': 'addrlen', 'type': 'int', 'value': 16}]",1,1
487.213438,7555,7555,7548,1001,4026531840,tsm,ip-10-100-1-217,42,connect,[],3,-114,"[{'name': 'sockfd', 'type': 'int', 'value': 642}, {'name': 'addr', 'type': 'struct sockaddr*', 'value': ""{'sa_family': 'AF_INET','sin_port': '22','sin_addr': '192.168.20.166'}""}, {'name': 'addrlen', 'type': 'int', 'value': 16}]",1,1
487.21346,7555,7555,7548,1001,4026531840,tsm,ip-10-100-1-217,42,connect,[],3,-114,"[{'name': 'sockfd', 'type': 'int', 'value': 643}, {'name': 'addr', 'type': 'struct sockaddr*', 'value': ""{'sa_family': 'AF_INET','sin_port': '22','sin_addr': '192.168.20.167'}""}, {'name': 'addrlen', 'type': 'int', 'value': 16}]",1,1
487.213482,7555,7555,7548,1001,4026531840,tsm,ip-10-100-1-217,42,connect,[],3,-114,"[{'name': 'sockfd', 'type': 'int', 'value': 644}, {'name': 'addr', 'type': 'struct sockaddr*', 'value': ""{'sa_family': 'AF_INET','sin_port': '22','sin_addr': '192.168.20.168'}""}, {'name': 'addrlen', 'type': 'int', 'value': 16}]",1,1
487.213504,7555,7555,7548,1001,4026531840,tsm,ip-10-100-1-217,42,connect,[],3,-114,"[{'name': 'sockfd', 'type': 'int', 'value': 645}, {'name': 'addr', 'type': 'struct sockaddr*', 'value': ""{'sa_family': 'AF_INET','sin_port': '22','sin_addr': '192.168.20.169'}""}, {'name': 'addrlen', 'type': 'int', 'value': 16}]",1,1
487.213526,7555,7555,7548,1001,4026531840,tsm,ip-10-100-1-217,42,connect,[],3,-114,"[{'name': 'sockfd', 'type': 'int', 'value': 646}, {'name': 'addr', 'type': 'struct sockaddr*', 'value': ""{'sa_family': 'AF_INET','sin_port': '22','sin_addr': '192.168.20.170'}""}, {'name': 'addrlen', 'type': 'int', 'value': 16}]",1,1
487.213548,7555,7555,7548,1001,4026531840,tsm,ip-10-100-1-217,42,connect,[],3,-114,"[{'name': 'sockfd', 'type': 'int', 'value': 647}, {'name': 'addr', 'type': 'struct sockaddr*', 'value': ""{'sa_family': 'AF_INET','sin_port': '22','sin_addr': '192.168.20.171'}""}, {'name': 'addrlen', 'type': 'int', 'value': 16}]",1,1
487.21357,7555,7555,7548,1001,4026531840,tsm,ip-10-100-1-217,42,connect,[],3,-114,"[{'name': 'sockfd', 'type': 'int', 'value': 648}, {'name': 'addr', 'type': 'struct sockaddr*', 'value': ""{'sa_family': 'AF_INET','sin_port': '22','sin_addr': '192.168.20.172'}""}, {'name': 'addrlen', 'type': 'int', 'value': 16}]",1,1
487.213591,7555,7555,7548,1001,4026531840,tsm,ip-10-100-1-217,42,connect,[],3,-114,"[{'name': 'sockfd', 'type': 'int', 'value': 649}, {'name': 'addr', 'type': 'struct sockaddr*', 'value': ""{'sa_family': 'AF_INET','sin_port': '22','sin_addr': '192.168.20.173'}""}, {'name': 'addrlen', 'type': 'int', 'value': 16}]",1,1
487.213613,7555,7555,7548,1001,4026531840,tsm,ip-10-100-1-217,42,connect,[],3,-114,"[{'name': 'sockfd', 'type': 'int', 'value': 650}, {'name': 'addr', 'type': 'struct sockaddr*', 'value': ""{'sin_port': '22','sin_addr': '192.168.20.174','sa_family': 'AF_INET'}""}, {'name': 'addrlen', 'type': 'int', 'value': 16}]",1,1
487.213635,7555,7555,7548,1001,4026531840,tsm,ip-10-100-1-217,42,connect,[],3,-114,"[{'name': 'sockfd', 'type': 'int', 'value': 651}, {'name': 'addr', 'type': 'struct sockaddr*', 'value': ""{'sa_family': 'AF_INET','sin_port': '22','sin_addr': '192.168.20.175'}""}, {'name': 'addrlen', 'type': 'int', 'value': 16}]",1,1
487.213657,7555,7555,7548,1001,4026531840,tsm,ip-10-100-1-217,42,connect,[],3,-114,"[{'name': 'sockfd', 'type': 'int', 'value': 652}, {'name': 'addr', 'type': 'struct sockaddr*', 'value': ""{'sin_port': '22','sin_addr': '192.168.20.176','sa_family': 'AF_INET'}""}, {'name': 'addrlen', 'type': 'int', 'value': 16}]",1,1
487.213679,7555,7555,7548,1001,4026531840,tsm,ip-10-100-1-217,42,connect,[],3,-114,"[{'name': 'sockfd', 'type': 'int', 'value': 653}, {'name': 'addr', 'type': 'struct sockaddr*', 'value': ""{'sa_family': 'AF_INET','sin_port': '22','sin_addr': '192.168.20.177'}""}, {'name': 'addrlen', 'type': 'int', 'value': 16}]",1,1
487.213703,7555,7555,7548,1001,4026531840,tsm,ip-10-100-1-217,42,connect,[],3,-114,"[{'name': 'sockfd', 'type': 'int', 'value': 654}, {'name': 'addr', 'type': 'struct sockaddr*', 'value': ""{'sa_family': 'AF_INET','sin_port': '22','sin_addr': '192.168.20.178'}""}, {'name': 'addrlen', 'type': 'int', 'value': 16}]",1,1
487.213725,7555,7555,7548,1001,4026531840,tsm,ip-10-100-1-217,42,connect,[],3,-114,"[{'name': 'sockfd', 'type': 'int', 'value': 655}, {'name': 'addr', 'type': 'struct sockaddr*', 'value': ""{'sa_family': 'AF_INET','sin_port': '22','sin_addr': '192.168.20.179'}""}, {'name': 'addrlen', 'type': 'int', 'value': 16}]",1,1
487.213747,7555,7555,7548,1001,4026531840,tsm,ip-10-100-1-217,42,connect,[],3,-114,"[{'name': 'sockfd', 'type': 'int', 'value': 656}, {'name': 'addr', 'type': 'struct sockaddr*', 'value': ""{'sa_family': 'AF_INET','sin_port': '22','sin_addr': '192.168.20.180'}""}, {'name': 'addrlen', 'type': 'int', 'value': 16}]",1,1
487.213769,7555,7555,7548,1001,4026531840,tsm,ip-10-100-1-217,42,connect,[],3,-114,"[{'name': 'sockfd', 'type': 'int', 'value': 657}, {'name': 'addr', 'type': 'struct sockaddr*', 'value': ""{'sa_family': 'AF_INET','sin_port': '22','sin_addr': '192.168.20.181'}""}, {'name': 'addrlen', 'type': 'int', 'value': 16}]",1,1
487.213791,7555,7555,7548,1001,4026531840,tsm,ip-10-100-1-217,42,connect,[],3,-114,"[{'name': 'sockfd', 'type': 'int', 'value': 658}, {'name': 'addr', 'type': 'struct sockaddr*', 'value': ""{'sin_addr': '192.168.20.182','sa_family': 'AF_INET','sin_port': '22'}""}, {'name': 'addrlen', 'type': 'int', 'value': 16}]",1,1
487.213813,7555,7555,7548,1001,4026531840,tsm,ip-10-100-1-217,42,connect,[],3,-114,"[{'name': 'sockfd', 'type': 'int', 'value': 659}, {'name': 'addr', 'type': 'struct sockaddr*', 'value': ""{'sa_family': 'AF_INET','sin_port': '22','sin_addr': '192.168.20.183'}""}, {'name': 'addrlen', 'type': 'int', 'value': 16}]",1,1
487.213835,7555,7555,7548,1001,4026531840,tsm,ip-10-100-1-217,42,connect,[],3,-114,"[{'name': 'sockfd', 'type': 'int', 'value': 660}, {'name': 'addr', 'type': 'struct sockaddr*', 'value': ""{'sin_addr': '192.168.20.184','sa_family': 'AF_INET','sin_port': '22'}""}, {'name': 'addrlen', 'type': 'int', 'value': 16}]",1,1
487.213857,7555,7555,7548,1001,4026531840,tsm,ip-10-100-1-217,42,connect,[],3,-114,"[{'name': 'sockfd', 'type': 'int', 'value': 661}, {'name': 'addr', 'type': 'struct sockaddr*', 'value': ""{'sa_family': 'AF_INET','sin_port': '22','sin_addr': '192.168.20.185'}""}, {'name': 'addrlen', 'type': 'int', 'value': 16}]",1,1
487.213879,7555,7555,7548,1001,4026531840,tsm,ip-10-100-1-217,42,connect,[],3,-114,"[{'name': 'sockfd', 'type': 'int', 'value': 662}, {'name': 'addr', 'type': 'struct sockaddr*', 'value': ""{'sa_family': 'AF_INET','sin_port': '22','sin_addr': '192.168.20.186'}""}, {'name': 'addrlen', 'type': 'int', 'value': 16}]",1,1
487.2139,7555,7555,7548,1001,4026531840,tsm,ip-10-100-1-217,42,connect,[],3,-114,"[{'name': 'sockfd', 'type': 'int', 'value': 663}, {'name': 'addr', 'type': 'struct sockaddr*', 'value': ""{'sa_family': 'AF_INET','sin_port': '22','sin_addr': '192.168.20.187'}""}, {'name': 'addrlen', 'type': 'int', 'value': 16}]",1,1
487.213922,7555,7555,7548,1001,4026531840,tsm,ip-10-100-1-217,42,connect,[],3,-114,"[{'name': 'sockfd', 'type': 'int', 'value': 664}, {'name': 'addr', 'type': 'struct sockaddr*', 'value': ""{'sa_family': 'AF_INET','sin_port': '22','sin_addr': '192.168.20.188'}""}, {'name': 'addrlen', 'type': 'int', 'value': 16}]",1,1
487.213944,7555,7555,7548,1001,4026531840,tsm,ip-10-100-1-217,42,connect,[],3,-114,"[{'name': 'sockfd', 'type': 'int', 'value': 665}, {'name': 'addr', 'type': 'struct sockaddr*', 'value': ""{'sa_family': 'AF_INET','sin_port': '22','sin_addr': '192.168.20.189'}""}, {'name': 'addrlen', 'type': 'int', 'value': 16}]",1,1
487.213966,7555,7555,7548,1001,4026531840,tsm,ip-10-100-1-217,42,connect,[],3,-114,"[{'name': 'sockfd', 'type': 'int', 'value': 666}, {'name': 'addr', 'type': 'struct sockaddr*', 'value': ""{'sa_family': 'AF_INET','sin_port': '22','sin_addr': '192.168.20.190'}""}, {'name': 'addrlen', 'type': 'int', 'value': 16}]",1,1
487.213988,7555,7555,7548,1001,4026531840,tsm,ip-10-100-1-217,42,connect,[],3,-114,"[{'name': 'sockfd', 'type': 'int', 'value': 667}, {'name': 'addr', 'type': 'struct sockaddr*', 'value': ""{'sa_family': 'AF_INET','sin_port': '22','sin_addr': '192.168.20.191'}""}, {'name': 'addrlen', 'type': 'int', 'value': 16}]",1,1
487.21401,7555,7555,7548,1001,4026531840,tsm,ip-10-100-1-217,42,connect,[],3,-114,"[{'name': 'sockfd', 'type': 'int', 'value': 668}, {'name': 'addr', 'type': 'struct sockaddr*', 'value': ""{'sa_family': 'AF_INET','sin_port': '22','sin_addr': '192.168.20.192'}""}, {'name': 'addrlen', 'type': 'int', 'value': 16}]",1,1
487.214032,7555,7555,7548,1001,4026531840,tsm,ip-10-100-1-217,42,connect,[],3,-114,"[{'name': 'sockfd', 'type': 'int', 'value': 669}, {'name': 'addr', 'type': 'struct sockaddr*', 'value': ""{'sa_family': 'AF_INET','sin_port': '22','sin_addr': '192.168.20.193'}""}, {'name': 'addrlen', 'type': 'int', 'value': 16}]",1,1
487.214054,7555,7555,7548,1001,4026531840,tsm,ip-10-100-1-217,42,connect,[],3,-114,"[{'name': 'sockfd', 'type': 'int', 'value': 670}, {'name': 'addr', 'type': 'struct sockaddr*', 'value': ""{'sa_family': 'AF_INET','sin_port': '22','sin_addr': '192.168.20.194'}""}, {'name': 'addrlen', 'type': 'int', 'value': 16}]",1,1
487.214076,7555,7555,7548,1001,4026531840,tsm,ip-10-100-1-217,42,connect,[],3,-114,"[{'name': 'sockfd', 'type': 'int', 'value': 671}, {'name': 'addr', 'type': 'struct sockaddr*', 'value': ""{'sin_addr': '192.168.20.195','sa_family': 'AF_INET','sin_port': '22'}""}, {'name': 'addrlen', 'type': 'int', 'value': 16}]",1,1
487.214098,7555,7555,7548,1001,4026531840,tsm,ip-10-100-1-217,42,connect,[],3,-114,"[{'name': 'sockfd', 'type': 'int', 'value': 672}, {'name': 'addr', 'type': 'struct sockaddr*', 'value': ""{'sa_family': 'AF_INET','sin_port': '22','sin_addr': '192.168.20.196'}""}, {'name': 'addrlen', 'type': 'int', 'value': 16}]",1,1
487.21412,7555,7555,7548,1001,4026531840,tsm,ip-10-100-1-217,42,connect,[],3,-114,"[{'name': 'sockfd', 'type': 'int', 'value': 673}, {'name': 'addr', 'type': 'struct sockaddr*', 'value': ""{'sa_family': 'AF_INET','sin_port': '22','sin_addr': '192.168.20.197'}""}, {'name': 'addrlen', 'type': 'int', 'value': 16}]",1,1
487.214142,7555,7555,7548,1001,4026531840,tsm,ip-10-100-1-217,42,connect,[],3,-114,"[{'name': 'sockfd', 'type': 'int', 'value': 674}, {'name': 'addr', 'type': 'struct sockaddr*', 'value': ""{'sa_family': 'AF_INET','sin_port': '22','sin_addr': '192.168.20.198'}""}, {'name': 'addrlen', 'type': 'int', 'value': 16}]",1,1
487.214164,7555,7555,7548,1001,4026531840,tsm,ip-10-100-1-217,42,connect,[],3,-114,"[{'name': 'sockfd', 'type': 'int', 'value': 675}, {'name': 'addr', 'type': 'struct sockaddr*', 'value': ""{'sa_family': 'AF_INET','sin_port': '22','sin_addr': '192.168.20.199'}""}, {'name': 'addrlen', 'type': 'int', 'value': 16}]",1,1
487.214186,7555,7555,7548,1001,4026531840,tsm,ip-10-100-1-217,42,connect,[],3,-114,"[{'name': 'sockfd', 'type': 'int', 'value': 676}, {'name': 'addr', 'type': 'struct sockaddr*', 'value': ""{'sa_family': 'AF_INET','sin_port': '22','sin_addr': '192.168.20.200'}""}, {'name': 'addrlen', 'type': 'int', 'value': 16}]",1,1
487.214208,7555,7555,7548,1001,4026531840,tsm,ip-10-100-1-217,42,connect,[],3,-114,"[{'name': 'sockfd', 'type': 'int', 'value': 677}, {'name': 'addr', 'type': 'struct sockaddr*', 'value': ""{'sa_family': 'AF_INET','sin_port': '22','sin_addr': '192.168.20.201'}""}, {'name': 'addrlen', 'type': 'int', 'value': 16}]",1,1
487.21423,7555,7555,7548,1001,4026531840,tsm,ip-10-100-1-217,42,connect,[],3,-114,"[{'name': 'sockfd', 'type': 'int', 'value': 678}, {'name': 'addr', 'type': 'struct sockaddr*', 'value': ""{'sin_addr': '192.168.20.202','sa_family': 'AF_INET','sin_port': '22'}""}, {'name': 'addrlen', 'type': 'int', 'value': 16}]",1,1
487.214252,7555,7555,7548,1001,4026531840,tsm,ip-10-100-1-217,42,connect,[],3,-114,"[{'name': 'sockfd', 'type': 'int', 'value': 679}, {'name': 'addr', 'type': 'struct sockaddr*', 'value': ""{'sa_family': 'AF_INET','sin_port': '22','sin_addr': '192.168.20.203'}""}, {'name': 'addrlen', 'type': 'int', 'value': 16}]",1,1
487.214274,7555,7555,7548,1001,4026531840,tsm,ip-10-100-1-217,42,connect,[],3,-114,"[{'name': 'sockfd', 'type': 'int', 'value': 680}, {'name': 'addr', 'type': 'struct sockaddr*', 'value': ""{'sin_port': '22','sin_addr': '192.168.20.204','sa_family': 'AF_INET'}""}, {'name': 'addrlen', 'type': 'int', 'value': 16}]",1,1
487.214309,7555,7555,7548,1001,4026531840,tsm,ip-10-100-1-217,42,connect,[],3,-114,"[{'name': 'sockfd', 'type': 'int', 'value': 681}, {'name': 'addr', 'type': 'struct sockaddr*', 'value': ""{'sa_family': 'AF_INET','sin_port': '22','sin_addr': '192.168.20.205'}""}, {'name': 'addrlen', 'type': 'int', 'value': 16}]",1,1
487.21433,7555,7555,7548,1001,4026531840,tsm,ip-10-100-1-217,42,connect,[],3,-114,"[{'name': 'sockfd', 'type': 'int', 'value': 682}, {'name': 'addr', 'type': 'struct sockaddr*', 'value': ""{'sa_family': 'AF_INET','sin_port': '22','sin_addr': '192.168.20.206'}""}, {'name': 'addrlen', 'type': 'int', 'value': 16}]",1,1
487.214351,7555,7555,7548,1001,4026531840,tsm,ip-10-100-1-217,42,connect,[],3,-114,"[{'name': 'sockfd', 'type': 'int', 'value': 683}, {'name': 'addr', 'type': 'struct sockaddr*', 'value': ""{'sa_family': 'AF_INET','sin_port': '22','sin_addr': '192.168.20.207'}""}, {'name': 'addrlen', 'type': 'int', 'value': 16}]",1,1
487.214372,7555,7555,7548,1001,4026531840,tsm,ip-10-100-1-217,42,connect,[],3,-114,"[{'name': 'sockfd', 'type': 'int', 'value': 684}, {'name': 'addr', 'type': 'struct sockaddr*', 'value': ""{'sa_family': 'AF_INET','sin_port': '22','sin_addr': '192.168.20.208'}""}, {'name': 'addrlen', 'type': 'int', 'value': 16}]",1,1
487.214393,7555,7555,7548,1001,4026531840,tsm,ip-10-100-1-217,42,connect,[],3,-114,"[{'name': 'sockfd', 'type': 'int', 'value': 685}, {'name': 'addr', 'type': 'struct sockaddr*', 'value': ""{'sin_addr': '192.168.20.209','sa_family': 'AF_INET','sin_port': '22'}""}, {'name': 'addrlen', 'type': 'int', 'value': 16}]",1,1
487.214414,7555,7555,7548,1001,4026531840,tsm,ip-10-100-1-217,42,connect,[],3,-114,"[{'name': 'sockfd', 'type': 'int', 'value': 686}, {'name': 'addr', 'type': 'struct sockaddr*', 'value': ""{'sa_family': 'AF_INET','sin_port': '22','sin_addr': '192.168.20.210'}""}, {'name': 'addrlen', 'type': 'int', 'value': 16}]",1,1
487.214436,7555,7555,7548,1001,4026531840,tsm,ip-10-100-1-217,42,connect,[],3,-114,"[{'name': 'sockfd', 'type': 'int', 'value': 687}, {'name': 'addr', 'type': 'struct sockaddr*', 'value': ""{'sa_family': 'AF_INET','sin_port': '22','sin_addr': '192.168.20.211'}""}, {'name': 'addrlen', 'type': 'int', 'value': 16}]",1,1
487.220141,7555,7555,7548,1001,4026531840,tsm,ip-10-100-1-217,42,connect,[],3,-114,"[{'name': 'sockfd', 'type': 'int', 'value': 688}, {'name': 'addr', 'type': 'struct sockaddr*', 'value': ""{'sa_family': 'AF_INET','sin_port': '22','sin_addr': '192.168.20.212'}""}, {'name': 'addrlen', 'type': 'int', 'value': 16}]",1,1
487.220171,7555,7555,7548,1001,4026531840,tsm,ip-10-100-1-217,42,connect,[],3,-114,"[{'name': 'sockfd', 'type': 'int', 'value': 689}, {'name': 'addr', 'type': 'struct sockaddr*', 'value': ""{'sa_family': 'AF_INET','sin_port': '22','sin_addr': '192.168.20.213'}""}, {'name': 'addrlen', 'type': 'int', 'value': 16}]",1,1
487.220194,7555,7555,7548,1001,4026531840,tsm,ip-10-100-1-217,42,connect,[],3,-114,"[{'name': 'sockfd', 'type': 'int', 'value': 690}, {'name': 'addr', 'type': 'struct sockaddr*', 'value': ""{'sa_family': 'AF_INET','sin_port': '22','sin_addr': '192.168.20.214'}""}, {'name': 'addrlen', 'type': 'int', 'value': 16}]",1,1
487.220216,7555,7555,7548,1001,4026531840,tsm,ip-10-100-1-217,42,connect,[],3,-114,"[{'name': 'sockfd', 'type': 'int', 'value': 691}, {'name': 'addr', 'type': 'struct sockaddr*', 'value': ""{'sa_family': 'AF_INET','sin_port': '22','sin_addr': '192.168.20.215'}""}, {'name': 'addrlen', 'type': 'int', 'value': 16}]",1,1
487.220261,7555,7555,7548,1001,4026531840,tsm,ip-10-100-1-217,42,connect,[],3,-114,"[{'name': 'sockfd', 'type': 'int', 'value': 692}, {'name': 'addr', 'type': 'struct sockaddr*', 'value': ""{'sa_family': 'AF_INET','sin_port': '22','sin_addr': '192.168.20.216'}""}, {'name': 'addrlen', 'type': 'int', 'value': 16}]",1,1
487.220289,7555,7555,7548,1001,4026531840,tsm,ip-10-100-1-217,42,connect,[],3,-114,"[{'name': 'sockfd', 'type': 'int', 'value': 693}, {'name': 'addr', 'type': 'struct sockaddr*', 'value': ""{'sin_port': '22','sin_addr': '192.168.20.217','sa_family': 'AF_INET'}""}, {'name': 'addrlen', 'type': 'int', 'value': 16}]",1,1
487.220311,7555,7555,7548,1001,4026531840,tsm,ip-10-100-1-217,42,connect,[],3,-114,"[{'name': 'sockfd', 'type': 'int', 'value': 694}, {'name': 'addr', 'type': 'struct sockaddr*', 'value': ""{'sa_family': 'AF_INET','sin_port': '22','sin_addr': '192.168.20.218'}""}, {'name': 'addrlen', 'type': 'int', 'value': 16}]",1,1
487.220337,7555,7555,7548,1001,4026531840,tsm,ip-10-100-1-217,42,connect,[],3,-114,"[{'name': 'sockfd', 'type': 'int', 'value': 695}, {'name': 'addr', 'type': 'struct sockaddr*', 'value': ""{'sin_port': '22','sin_addr': '192.168.20.219','sa_family': 'AF_INET'}""}, {'name': 'addrlen', 'type': 'int', 'value': 16}]",1,1
487.220359,7555,7555,7548,1001,4026531840,tsm,ip-10-100-1-217,42,connect,[],3,-114,"[{'name': 'sockfd', 'type': 'int', 'value': 696}, {'name': 'addr', 'type': 'struct sockaddr*', 'value': ""{'sa_family': 'AF_INET','sin_port': '22','sin_addr': '192.168.20.220'}""}, {'name': 'addrlen', 'type': 'int', 'value': 16}]",1,1
487.220381,7555,7555,7548,1001,4026531840,tsm,ip-10-100-1-217,42,connect,[],3,-114,"[{'name': 'sockfd', 'type': 'int', 'value': 697}, {'name': 'addr', 'type': 'struct sockaddr*', 'value': ""{'sa_family': 'AF_INET','sin_port': '22','sin_addr': '192.168.20.221'}""}, {'name': 'addrlen', 'type': 'int', 'value': 16}]",1,1
487.220403,7555,7555,7548,1001,4026531840,tsm,ip-10-100-1-217,42,connect,[],3,-114,"[{'name': 'sockfd', 'type': 'int', 'value': 698}, {'name': 'addr', 'type': 'struct sockaddr*', 'value': ""{'sin_port': '22','sin_addr': '192.168.20.222','sa_family': 'AF_INET'}""}, {'name': 'addrlen', 'type': 'int', 'value': 16}]",1,1
487.220425,7555,7555,7548,1001,4026531840,tsm,ip-10-100-1-217,42,connect,[],3,-114,"[{'name': 'sockfd', 'type': 'int', 'value': 699}, {'name': 'addr', 'type': 'struct sockaddr*', 'value': ""{'sa_family': 'AF_INET','sin_port': '22','sin_addr': '192.168.20.223'}""}, {'name': 'addrlen', 'type': 'int', 'value': 16}]",1,1
487.220447,7555,7555,7548,1001,4026531840,tsm,ip-10-100-1-217,42,connect,[],3,-114,"[{'name': 'sockfd', 'type': 'int', 'value': 700}, {'name': 'addr', 'type': 'struct sockaddr*', 'value': ""{'sa_family': 'AF_INET','sin_port': '22','sin_addr': '192.168.20.224'}""}, {'name': 'addrlen', 'type': 'int', 'value': 16}]",1,1
487.220469,7555,7555,7548,1001,4026531840,tsm,ip-10-100-1-217,42,connect,[],3,-114,"[{'name': 'sockfd', 'type': 'int', 'value': 701}, {'name': 'addr', 'type': 'struct sockaddr*', 'value': ""{'sa_family': 'AF_INET','sin_port': '22','sin_addr': '192.168.20.225'}""}, {'name': 'addrlen', 'type': 'int', 'value': 16}]",1,1
487.220491,7555,7555,7548,1001,4026531840,tsm,ip-10-100-1-217,42,connect,[],3,-114,"[{'name': 'sockfd', 'type': 'int', 'value': 702}, {'name': 'addr', 'type': 'struct sockaddr*', 'value': ""{'sa_family': 'AF_INET','sin_port': '22','sin_addr': '192.168.20.226'}""}, {'name': 'addrlen', 'type': 'int', 'value': 16}]",1,1
487.220514,7555,7555,7548,1001,4026531840,tsm,ip-10-100-1-217,42,connect,[],3,-114,"[{'name': 'sockfd', 'type': 'int', 'value': 703}, {'name': 'addr', 'type': 'struct sockaddr*', 'value': ""{'sa_family': 'AF_INET','sin_port': '22','sin_addr': '192.168.20.227'}""}, {'name': 'addrlen', 'type': 'int', 'value': 16}]",1,1
487.220536,7555,7555,7548,1001,4026531840,tsm,ip-10-100-1-217,42,connect,[],3,-114,"[{'name': 'sockfd', 'type': 'int', 'value': 704}, {'name': 'addr', 'type': 'struct sockaddr*', 'value': ""{'sa_family': 'AF_INET','sin_port': '22','sin_addr': '192.168.20.228'}""}, {'name': 'addrlen', 'type': 'int', 'value': 16}]",1,1
487.220558,7555,7555,7548,1001,4026531840,tsm,ip-10-100-1-217,42,connect,[],3,-114,"[{'name': 'sockfd', 'type': 'int', 'value': 705}, {'name': 'addr', 'type': 'struct sockaddr*', 'value': ""{'sa_family': 'AF_INET','sin_port': '22','sin_addr': '192.168.20.229'}""}, {'name': 'addrlen', 'type': 'int', 'value': 16}]",1,1
487.22058,7555,7555,7548,1001,4026531840,tsm,ip-10-100-1-217,42,connect,[],3,-114,"[{'name': 'sockfd', 'type': 'int', 'value': 706}, {'name': 'addr', 'type': 'struct sockaddr*', 'value': ""{'sin_addr': '192.168.20.230','sa_family': 'AF_INET','sin_port': '22'}""}, {'name': 'addrlen', 'type': 'int', 'value': 16}]",1,1
487.220602,7555,7555,7548,1001,4026531840,tsm,ip-10-100-1-217,42,connect,[],3,-114,"[{'name': 'sockfd', 'type': 'int', 'value': 707}, {'name': 'addr', 'type': 'struct sockaddr*', 'value': ""{'sa_family': 'AF_INET','sin_port': '22','sin_addr': '192.168.20.231'}""}, {'name': 'addrlen', 'type': 'int', 'value': 16}]",1,1
487.220627,7555,7555,7548,1001,4026531840,tsm,ip-10-100-1-217,42,connect,[],3,-114,"[{'name': 'sockfd', 'type': 'int', 'value': 708}, {'name': 'addr', 'type': 'struct sockaddr*', 'value': ""{'sa_family': 'AF_INET','sin_port': '22','sin_addr': '192.168.20.232'}""}, {'name': 'addrlen', 'type': 'int', 'value': 16}]",1,1
487.220649,7555,7555,7548,1001,4026531840,tsm,ip-10-100-1-217,42,connect,[],3,-114,"[{'name': 'sockfd', 'type': 'int', 'value': 709}, {'name': 'addr', 'type': 'struct sockaddr*', 'value': ""{'sin_port': '22','sin_addr': '192.168.20.233','sa_family': 'AF_INET'}""}, {'name': 'addrlen', 'type': 'int', 'value': 16}]",1,1
487.220671,7555,7555,7548,1001,4026531840,tsm,ip-10-100-1-217,42,connect,[],3,-114,"[{'name': 'sockfd', 'type': 'int', 'value': 710}, {'name': 'addr', 'type': 'struct sockaddr*', 'value': ""{'sa_family': 'AF_INET','sin_port': '22','sin_addr': '192.168.20.234'}""}, {'name': 'addrlen', 'type': 'int', 'value': 16}]",1,1
487.220694,7555,7555,7548,1001,4026531840,tsm,ip-10-100-1-217,42,connect,[],3,-114,"[{'name': 'sockfd', 'type': 'int', 'value': 711}, {'name': 'addr', 'type': 'struct sockaddr*', 'value': ""{'sin_port': '22','sin_addr': '192.168.20.235','sa_family': 'AF_INET'}""}, {'name': 'addrlen', 'type': 'int', 'value': 16}]",1,1
487.220716,7555,7555,7548,1001,4026531840,tsm,ip-10-100-1-217,42,connect,[],3,-114,"[{'name': 'sockfd', 'type': 'int', 'value': 712}, {'name': 'addr', 'type': 'struct sockaddr*', 'value': ""{'sa_family': 'AF_INET','sin_port': '22','sin_addr': '192.168.20.236'}""}, {'name': 'addrlen', 'type': 'int', 'value': 16}]",1,1
487.220738,7555,7555,7548,1001,4026531840,tsm,ip-10-100-1-217,42,connect,[],3,-114,"[{'name': 'sockfd', 'type': 'int', 'value': 713}, {'name': 'addr', 'type': 'struct sockaddr*', 'value': ""{'sa_family': 'AF_INET','sin_port': '22','sin_addr': '192.168.20.237'}""}, {'name': 'addrlen', 'type': 'int', 'value': 16}]",1,1
487.22076,7555,7555,7548,1001,4026531840,tsm,ip-10-100-1-217,42,connect,[],3,-114,"[{'name': 'sockfd', 'type': 'int', 'value': 714}, {'name': 'addr', 'type': 'struct sockaddr*', 'value': ""{'sa_family': 'AF_INET','sin_port': '22','sin_addr': '192.168.20.238'}""}, {'name': 'addrlen', 'type': 'int', 'value': 16}]",1,1
487.220782,7555,7555,7548,1001,4026531840,tsm,ip-10-100-1-217,42,connect,[],3,-114,"[{'name': 'sockfd', 'type': 'int', 'value': 715}, {'name': 'addr', 'type': 'struct sockaddr*', 'value': ""{'sa_family': 'AF_INET','sin_port': '22','sin_addr': '192.168.20.239'}""}, {'name': 'addrlen', 'type': 'int', 'value': 16}]",1,1
487.220804,7555,7555,7548,1001,4026531840,tsm,ip-10-100-1-217,42,connect,[],3,-114,"[{'name': 'sockfd', 'type': 'int', 'value': 716}, {'name': 'addr', 'type': 'struct sockaddr*', 'value': ""{'sin_port': '22','sin_addr': '192.168.20.240','sa_family': 'AF_INET'}""}, {'name': 'addrlen', 'type': 'int', 'value': 16}]",1,1
487.220826,7555,7555,7548,1001,4026531840,tsm,ip-10-100-1-217,42,connect,[],3,-114,"[{'name': 'sockfd', 'type': 'int', 'value': 717}, {'name': 'addr', 'type': 'struct sockaddr*', 'value': ""{'sa_family': 'AF_INET','sin_port': '22','sin_addr': '192.168.20.241'}""}, {'name': 'addrlen', 'type': 'int', 'value': 16}]",1,1
487.220848,7555,7555,7548,1001,4026531840,tsm,ip-10-100-1-217,42,connect,[],3,-114,"[{'name': 'sockfd', 'type': 'int', 'value': 718}, {'name': 'addr', 'type': 'struct sockaddr*', 'value': ""{'sa_family': 'AF_INET','sin_port': '22','sin_addr': '192.168.20.242'}""}, {'name': 'addrlen', 'type': 'int', 'value': 16}]",1,1
487.22087,7555,7555,7548,1001,4026531840,tsm,ip-10-100-1-217,42,connect,[],3,-114,"[{'name': 'sockfd', 'type': 'int', 'value': 719}, {'name': 'addr', 'type': 'struct sockaddr*', 'value': ""{'sin_addr': '192.168.20.243','sa_family': 'AF_INET','sin_port': '22'}""}, {'name': 'addrlen', 'type': 'int', 'value': 16}]",1,1
487.220893,7555,7555,7548,1001,4026531840,tsm,ip-10-100-1-217,42,connect,[],3,-114,"[{'name': 'sockfd', 'type': 'int', 'value': 720}, {'name': 'addr', 'type': 'struct sockaddr*', 'value': ""{'sa_family': 'AF_INET','sin_port': '22','sin_addr': '192.168.20.244'}""}, {'name': 'addrlen', 'type': 'int', 'value': 16}]",1,1
487.220915,7555,7555,7548,1001,4026531840,tsm,ip-10-100-1-217,42,connect,[],3,-114,"[{'name': 'sockfd', 'type': 'int', 'value': 721}, {'name': 'addr', 'type': 'struct sockaddr*', 'value': ""{'sa_family': 'AF_INET','sin_port': '22','sin_addr': '192.168.20.245'}""}, {'name': 'addrlen', 'type': 'int', 'value': 16}]",1,1
487.220937,7555,7555,7548,1001,4026531840,tsm,ip-10-100-1-217,42,connect,[],3,-114,"[{'name': 'sockfd', 'type': 'int', 'value': 722}, {'name': 'addr', 'type': 'struct sockaddr*', 'value': ""{'sa_family': 'AF_INET','sin_port': '22','sin_addr': '192.168.20.246'}""}, {'name': 'addrlen', 'type': 'int', 'value': 16}]",1,1
487.220959,7555,7555,7548,1001,4026531840,tsm,ip-10-100-1-217,42,connect,[],3,-114,"[{'name': 'sockfd', 'type': 'int', 'value': 723}, {'name': 'addr', 'type': 'struct sockaddr*', 'value': ""{'sa_family': 'AF_INET','sin_port': '22','sin_addr': '192.168.20.247'}""}, {'name': 'addrlen', 'type': 'int', 'value': 16}]",1,1
487.220981,7555,7555,7548,1001,4026531840,tsm,ip-10-100-1-217,42,connect,[],3,-114,"[{'name': 'sockfd', 'type': 'int', 'value': 724}, {'name': 'addr', 'type': 'struct sockaddr*', 'value': ""{'sa_family': 'AF_INET','sin_port': '22','sin_addr': '192.168.20.248'}""}, {'name': 'addrlen', 'type': 'int', 'value': 16}]",1,1
487.221003,7555,7555,7548,1001,4026531840,tsm,ip-10-100-1-217,42,connect,[],3,-114,"[{'name': 'sockfd', 'type': 'int', 'value': 725}, {'name': 'addr', 'type': 'struct sockaddr*', 'value': ""{'sin_addr': '192.168.20.249','sa_family': 'AF_INET','sin_port': '22'}""}, {'name': 'addrlen', 'type': 'int', 'value': 16}]",1,1
487.221025,7555,7555,7548,1001,4026531840,tsm,ip-10-100-1-217,42,connect,[],3,-114,"[{'name': 'sockfd', 'type': 'int', 'value': 726}, {'name': 'addr', 'type': 'struct sockaddr*', 'value': ""{'sa_family': 'AF_INET','sin_port': '22','sin_addr': '192.168.20.250'}""}, {'name': 'addrlen', 'type': 'int', 'value': 16}]",1,1
487.221047,7555,7555,7548,1001,4026531840,tsm,ip-10-100-1-217,42,connect,[],3,-114,"[{'name': 'sockfd', 'type': 'int', 'value': 727}, {'name': 'addr', 'type': 'struct sockaddr*', 'value': ""{'sa_family': 'AF_INET','sin_port': '22','sin_addr': '192.168.20.251'}""}, {'name': 'addrlen', 'type': 'int', 'value': 16}]",1,1
487.22107,7555,7555,7548,1001,4026531840,tsm,ip-10-100-1-217,42,connect,[],3,-114,"[{'name': 'sockfd', 'type': 'int', 'value': 728}, {'name': 'addr', 'type': 'struct sockaddr*', 'value': ""{'sin_port': '22','sin_addr': '192.168.20.252','sa_family': 'AF_INET'}""}, {'name': 'addrlen', 'type': 'int', 'value': 16}]",1,1
487.221091,7555,7555,7548,1001,4026531840,tsm,ip-10-100-1-217,42,connect,[],3,-114,"[{'name': 'sockfd', 'type': 'int', 'value': 729}, {'name': 'addr', 'type': 'struct sockaddr*', 'value': ""{'sa_family': 'AF_INET','sin_port': '22','sin_addr': '192.168.20.253'}""}, {'name': 'addrlen', 'type': 'int', 'value': 16}]",1,1
487.221113,7555,7555,7548,1001,4026531840,tsm,ip-10-100-1-217,42,connect,[],3,-114,"[{'name': 'sockfd', 'type': 'int', 'value': 730}, {'name': 'addr', 'type': 'struct sockaddr*', 'value': ""{'sa_family': 'AF_INET','sin_port': '22','sin_addr': '192.168.20.254'}""}, {'name': 'addrlen', 'type': 'int', 'value': 16}]",1,1
487.221135,7555,7555,7548,1001,4026531840,tsm,ip-10-100-1-217,42,connect,[],3,-114,"[{'name': 'sockfd', 'type': 'int', 'value': 731}, {'name': 'addr', 'type': 'struct sockaddr*', 'value': ""{'sa_family': 'AF_INET','sin_port': '22','sin_addr': '192.168.21.0'}""}, {'name': 'addrlen', 'type': 'int', 'value': 16}]",1,1
487.221157,7555,7555,7548,1001,4026531840,tsm,ip-10-100-1-217,42,connect,[],3,-114,"[{'name': 'sockfd', 'type': 'int', 'value': 732}, {'name': 'addr', 'type': 'struct sockaddr*', 'value': ""{'sin_addr': '192.168.21.1','sa_family': 'AF_INET','sin_port': '22'}""}, {'name': 'addrlen', 'type': 'int', 'value': 16}]",1,1
487.221179,7555,7555,7548,1001,4026531840,tsm,ip-10-100-1-217,42,connect,[],3,-114,"[{'name': 'sockfd', 'type': 'int', 'value': 733}, {'name': 'addr', 'type': 'struct sockaddr*', 'value': ""{'sin_port': '22','sin_addr': '192.168.21.2','sa_family': 'AF_INET'}""}, {'name': 'addrlen', 'type': 'int', 'value': 16}]",1,1
487.221202,7555,7555,7548,1001,4026531840,tsm,ip-10-100-1-217,42,connect,[],3,-114,"[{'name': 'sockfd', 'type': 'int', 'value': 734}, {'name': 'addr', 'type': 'struct sockaddr*', 'value': ""{'sin_addr': '192.168.21.3','sa_family': 'AF_INET','sin_port': '22'}""}, {'name': 'addrlen', 'type': 'int', 'value': 16}]",1,1
487.221224,7555,7555,7548,1001,4026531840,tsm,ip-10-100-1-217,42,connect,[],3,-114,"[{'name': 'sockfd', 'type': 'int', 'value': 735}, {'name': 'addr', 'type': 'struct sockaddr*', 'value': ""{'sin_port': '22','sin_addr': '192.168.21.4','sa_family': 'AF_INET'}""}, {'name': 'addrlen', 'type': 'int', 'value': 16}]",1,1
487.221246,7555,7555,7548,1001,4026531840,tsm,ip-10-100-1-217,42,connect,[],3,-114,"[{'name': 'sockfd', 'type': 'int', 'value': 736}, {'name': 'addr', 'type': 'struct sockaddr*', 'value': ""{'sin_addr': '192.168.21.5','sa_family': 'AF_INET','sin_port': '22'}""}, {'name': 'addrlen', 'type': 'int', 'value': 16}]",1,1
487.221268,7555,7555,7548,1001,4026531840,tsm,ip-10-100-1-217,42,connect,[],3,-114,"[{'name': 'sockfd', 'type': 'int', 'value': 737}, {'name': 'addr', 'type': 'struct sockaddr*', 'value': ""{'sa_family': 'AF_INET','sin_port': '22','sin_addr': '192.168.21.6'}""}, {'name': 'addrlen', 'type': 'int', 'value': 16}]",1,1
487.22129,7555,7555,7548,1001,4026531840,tsm,ip-10-100-1-217,42,connect,[],3,-114,"[{'name': 'sockfd', 'type': 'int', 'value': 738}, {'name': 'addr', 'type': 'struct sockaddr*', 'value': ""{'sa_family': 'AF_INET','sin_port': '22','sin_addr': '192.168.21.7'}""}, {'name': 'addrlen', 'type': 'int', 'value': 16}]",1,1
487.221312,7555,7555,7548,1001,4026531840,tsm,ip-10-100-1-217,42,connect,[],3,-114,"[{'name': 'sockfd', 'type': 'int', 'value': 739}, {'name': 'addr', 'type': 'struct sockaddr*', 'value': ""{'sa_family': 'AF_INET','sin_port': '22','sin_addr': '192.168.21.8'}""}, {'name': 'addrlen', 'type': 'int', 'value': 16}]",1,1
487.221334,7555,7555,7548,1001,4026531840,tsm,ip-10-100-1-217,42,connect,[],3,-114,"[{'name': 'sockfd', 'type': 'int', 'value': 740}, {'name': 'addr', 'type': 'struct sockaddr*', 'value': ""{'sa_family': 'AF_INET','sin_port': '22','sin_addr': '192.168.21.9'}""}, {'name': 'addrlen', 'type': 'int', 'value': 16}]",1,1
487.221356,7555,7555,7548,1001,4026531840,tsm,ip-10-100-1-217,42,connect,[],3,-114,"[{'name': 'sockfd', 'type': 'int', 'value': 741}, {'name': 'addr', 'type': 'struct sockaddr*', 'value': ""{'sa_family': 'AF_INET','sin_port': '22','sin_addr': '192.168.21.10'}""}, {'name': 'addrlen', 'type': 'int', 'value': 16}]",1,1
487.221378,7555,7555,7548,1001,4026531840,tsm,ip-10-100-1-217,42,connect,[],3,-114,"[{'name': 'sockfd', 'type': 'int', 'value': 742}, {'name': 'addr', 'type': 'struct sockaddr*', 'value': ""{'sa_family': 'AF_INET','sin_port': '22','sin_addr': '192.168.21.11'}""}, {'name': 'addrlen', 'type': 'int', 'value': 16}]",1,1
487.2214,7555,7555,7548,1001,4026531840,tsm,ip-10-100-1-217,42,connect,[],3,-114,"[{'name': 'sockfd', 'type': 'int', 'value': 743}, {'name': 'addr', 'type': 'struct sockaddr*', 'value': ""{'sa_family': 'AF_INET','sin_port': '22','sin_addr': '192.168.21.12'}""}, {'name': 'addrlen', 'type': 'int', 'value': 16}]",1,1
487.221422,7555,7555,7548,1001,4026531840,tsm,ip-10-100-1-217,42,connect,[],3,-114,"[{'name': 'sockfd', 'type': 'int', 'value': 744}, {'name': 'addr', 'type': 'struct sockaddr*', 'value': ""{'sa_family': 'AF_INET','sin_port': '22','sin_addr': '192.168.21.13'}""}, {'name': 'addrlen', 'type': 'int', 'value': 16}]",1,1
487.221444,7555,7555,7548,1001,4026531840,tsm,ip-10-100-1-217,42,connect,[],3,-114,"[{'name': 'sockfd', 'type': 'int', 'value': 745}, {'name': 'addr', 'type': 'struct sockaddr*', 'value': ""{'sa_family': 'AF_INET','sin_port': '22','sin_addr': '192.168.21.14'}""}, {'name': 'addrlen', 'type': 'int', 'value': 16}]",1,1
487.221466,7555,7555,7548,1001,4026531840,tsm,ip-10-100-1-217,42,connect,[],3,-114,"[{'name': 'sockfd', 'type': 'int', 'value': 746}, {'name': 'addr', 'type': 'struct sockaddr*', 'value': ""{'sa_family': 'AF_INET','sin_port': '22','sin_addr': '192.168.21.15'}""}, {'name': 'addrlen', 'type': 'int', 'value': 16}]",1,1
487.221489,7555,7555,7548,1001,4026531840,tsm,ip-10-100-1-217,42,connect,[],3,-114,"[{'name': 'sockfd', 'type': 'int', 'value': 747}, {'name': 'addr', 'type': 'struct sockaddr*', 'value': ""{'sin_port': '22','sin_addr': '192.168.21.16','sa_family': 'AF_INET'}""}, {'name': 'addrlen', 'type': 'int', 'value': 16}]",1,1
487.221511,7555,7555,7548,1001,4026531840,tsm,ip-10-100-1-217,42,connect,[],3,-114,"[{'name': 'sockfd', 'type': 'int', 'value': 748}, {'name': 'addr', 'type': 'struct sockaddr*', 'value': ""{'sa_family': 'AF_INET','sin_port': '22','sin_addr': '192.168.21.17'}""}, {'name': 'addrlen', 'type': 'int', 'value': 16}]",1,1
487.221533,7555,7555,7548,1001,4026531840,tsm,ip-10-100-1-217,42,connect,[],3,-114,"[{'name': 'sockfd', 'type': 'int', 'value': 749}, {'name': 'addr', 'type': 'struct sockaddr*', 'value': ""{'sin_addr': '192.168.21.18','sa_family': 'AF_INET','sin_port': '22'}""}, {'name': 'addrlen', 'type': 'int', 'value': 16}]",1,1
487.221555,7555,7555,7548,1001,4026531840,tsm,ip-10-100-1-217,42,connect,[],3,-114,"[{'name': 'sockfd', 'type': 'int', 'value': 750}, {'name': 'addr', 'type': 'struct sockaddr*', 'value': ""{'sa_family': 'AF_INET','sin_port': '22','sin_addr': '192.168.21.19'}""}, {'name': 'addrlen', 'type': 'int', 'value': 16}]",1,1
487.221577,7555,7555,7548,1001,4026531840,tsm,ip-10-100-1-217,42,connect,[],3,-114,"[{'name': 'sockfd', 'type': 'int', 'value': 751}, {'name': 'addr', 'type': 'struct sockaddr*', 'value': ""{'sa_family': 'AF_INET','sin_port': '22','sin_addr': '192.168.21.20'}""}, {'name': 'addrlen', 'type': 'int', 'value': 16}]",1,1
487.221599,7555,7555,7548,1001,4026531840,tsm,ip-10-100-1-217,42,connect,[],3,-114,"[{'name': 'sockfd', 'type': 'int', 'value': 752}, {'name': 'addr', 'type': 'struct sockaddr*', 'value': ""{'sa_family': 'AF_INET','sin_port': '22','sin_addr': '192.168.21.21'}""}, {'name': 'addrlen', 'type': 'int', 'value': 16}]",1,1
487.221621,7555,7555,7548,1001,4026531840,tsm,ip-10-100-1-217,42,connect,[],3,-114,"[{'name': 'sockfd', 'type': 'int', 'value': 753}, {'name': 'addr', 'type': 'struct sockaddr*', 'value': ""{'sa_family': 'AF_INET','sin_port': '22','sin_addr': '192.168.21.22'}""}, {'name': 'addrlen', 'type': 'int', 'value': 16}]",1,1
487.221643,7555,7555,7548,1001,4026531840,tsm,ip-10-100-1-217,42,connect,[],3,-114,"[{'name': 'sockfd', 'type': 'int', 'value': 754}, {'name': 'addr', 'type': 'struct sockaddr*', 'value': ""{'sa_family': 'AF_INET','sin_port': '22','sin_addr': '192.168.21.23'}""}, {'name': 'addrlen', 'type': 'int', 'value': 16}]",1,1
487.221665,7555,7555,7548,1001,4026531840,tsm,ip-10-100-1-217,42,connect,[],3,-114,"[{'name': 'sockfd', 'type': 'int', 'value': 755}, {'name': 'addr', 'type': 'struct sockaddr*', 'value': ""{'sa_family': 'AF_INET','sin_port': '22','sin_addr': '192.168.21.24'}""}, {'name': 'addrlen', 'type': 'int', 'value': 16}]",1,1
487.221687,7555,7555,7548,1001,4026531840,tsm,ip-10-100-1-217,42,connect,[],3,-114,"[{'name': 'sockfd', 'type': 'int', 'value': 756}, {'name': 'addr', 'type': 'struct sockaddr*', 'value': ""{'sa_family': 'AF_INET','sin_port': '22','sin_addr': '192.168.21.25'}""}, {'name': 'addrlen', 'type': 'int', 'value': 16}]",1,1
487.221709,7555,7555,7548,1001,4026531840,tsm,ip-10-100-1-217,42,connect,[],3,-114,"[{'name': 'sockfd', 'type': 'int', 'value': 757}, {'name': 'addr', 'type': 'struct sockaddr*', 'value': ""{'sa_family': 'AF_INET','sin_port': '22','sin_addr': '192.168.21.26'}""}, {'name': 'addrlen', 'type': 'int', 'value': 16}]",1,1
487.221731,7555,7555,7548,1001,4026531840,tsm,ip-10-100-1-217,42,connect,[],3,-114,"[{'name': 'sockfd', 'type': 'int', 'value': 758}, {'name': 'addr', 'type': 'struct sockaddr*', 'value': ""{'sa_family': 'AF_INET','sin_port': '22','sin_addr': '192.168.21.27'}""}, {'name': 'addrlen', 'type': 'int', 'value': 16}]",1,1
487.221753,7555,7555,7548,1001,4026531840,tsm,ip-10-100-1-217,42,connect,[],3,-114,"[{'name': 'sockfd', 'type': 'int', 'value': 759}, {'name': 'addr', 'type': 'struct sockaddr*', 'value': ""{'sin_addr': '192.168.21.28','sa_family': 'AF_INET','sin_port': '22'}""}, {'name': 'addrlen', 'type': 'int', 'value': 16}]",1,1
487.221775,7555,7555,7548,1001,4026531840,tsm,ip-10-100-1-217,42,connect,[],3,-114,"[{'name': 'sockfd', 'type': 'int', 'value': 760}, {'name': 'addr', 'type': 'struct sockaddr*', 'value': ""{'sin_port': '22','sin_addr': '192.168.21.29','sa_family': 'AF_INET'}""}, {'name': 'addrlen', 'type': 'int', 'value': 16}]",1,1
487.221797,7555,7555,7548,1001,4026531840,tsm,ip-10-100-1-217,42,connect,[],3,-114,"[{'name': 'sockfd', 'type': 'int', 'value': 761}, {'name': 'addr', 'type': 'struct sockaddr*', 'value': ""{'sa_family': 'AF_INET','sin_port': '22','sin_addr': '192.168.21.30'}""}, {'name': 'addrlen', 'type': 'int', 'value': 16}]",1,1
487.221819,7555,7555,7548,1001,4026531840,tsm,ip-10-100-1-217,42,connect,[],3,-114,"[{'name': 'sockfd', 'type': 'int', 'value': 762}, {'name': 'addr', 'type': 'struct sockaddr*', 'value': ""{'sa_family': 'AF_INET','sin_port': '22','sin_addr': '192.168.21.31'}""}, {'name': 'addrlen', 'type': 'int', 'value': 16}]",1,1
487.221841,7555,7555,7548,1001,4026531840,tsm,ip-10-100-1-217,42,connect,[],3,-114,"[{'name': 'sockfd', 'type': 'int', 'value': 763}, {'name': 'addr', 'type': 'struct sockaddr*', 'value': ""{'sa_family': 'AF_INET','sin_port': '22','sin_addr': '192.168.21.32'}""}, {'name': 'addrlen', 'type': 'int', 'value': 16}]",1,1
487.221863,7555,7555,7548,1001,4026531840,tsm,ip-10-100-1-217,42,connect,[],3,-114,"[{'name': 'sockfd', 'type': 'int', 'value': 764}, {'name': 'addr', 'type': 'struct sockaddr*', 'value': ""{'sa_family': 'AF_INET','sin_port': '22','sin_addr': '192.168.21.33'}""}, {'name': 'addrlen', 'type': 'int', 'value': 16}]",1,1
487.221885,7555,7555,7548,1001,4026531840,tsm,ip-10-100-1-217,42,connect,[],3,-114,"[{'name': 'sockfd', 'type': 'int', 'value': 765}, {'name': 'addr', 'type': 'struct sockaddr*', 'value': ""{'sa_family': 'AF_INET','sin_port': '22','sin_addr': '192.168.21.34'}""}, {'name': 'addrlen', 'type': 'int', 'value': 16}]",1,1
487.221908,7555,7555,7548,1001,4026531840,tsm,ip-10-100-1-217,42,connect,[],3,-114,"[{'name': 'sockfd', 'type': 'int', 'value': 766}, {'name': 'addr', 'type': 'struct sockaddr*', 'value': ""{'sin_addr': '192.168.21.35','sa_family': 'AF_INET','sin_port': '22'}""}, {'name': 'addrlen', 'type': 'int', 'value': 16}]",1,1
487.22193,7555,7555,7548,1001,4026531840,tsm,ip-10-100-1-217,42,connect,[],3,-114,"[{'name': 'sockfd', 'type': 'int', 'value': 767}, {'name': 'addr', 'type': 'struct sockaddr*', 'value': ""{'sa_family': 'AF_INET','sin_port': '22','sin_addr': '192.168.21.36'}""}, {'name': 'addrlen', 'type': 'int', 'value': 16}]",1,1
487.221952,7555,7555,7548,1001,4026531840,tsm,ip-10-100-1-217,42,connect,[],3,-114,"[{'name': 'sockfd', 'type': 'int', 'value': 768}, {'name': 'addr', 'type': 'struct sockaddr*', 'value': ""{'sin_addr': '192.168.21.37','sa_family': 'AF_INET','sin_port': '22'}""}, {'name': 'addrlen', 'type': 'int', 'value': 16}]",1,1
487.221974,7555,7555,7548,1001,4026531840,tsm,ip-10-100-1-217,42,connect,[],3,-114,"[{'name': 'sockfd', 'type': 'int', 'value': 769}, {'name': 'addr', 'type': 'struct sockaddr*', 'value': ""{'sa_family': 'AF_INET','sin_port': '22','sin_addr': '192.168.21.38'}""}, {'name': 'addrlen', 'type': 'int', 'value': 16}]",1,1
487.221996,7555,7555,7548,1001,4026531840,tsm,ip-10-100-1-217,42,connect,[],3,-114,"[{'name': 'sockfd', 'type': 'int', 'value': 770}, {'name': 'addr', 'type': 'struct sockaddr*', 'value': ""{'sa_family': 'AF_INET','sin_port': '22','sin_addr': '192.168.21.39'}""}, {'name': 'addrlen', 'type': 'int', 'value': 16}]",1,1
487.22202,7555,7555,7548,1001,4026531840,tsm,ip-10-100-1-217,42,connect,[],3,-114,"[{'name': 'sockfd', 'type': 'int', 'value': 771}, {'name': 'addr', 'type': 'struct sockaddr*', 'value': ""{'sa_family': 'AF_INET','sin_port': '22','sin_addr': '192.168.21.40'}""}, {'name': 'addrlen', 'type': 'int', 'value': 16}]",1,1
487.222043,7555,7555,7548,1001,4026531840,tsm,ip-10-100-1-217,42,connect,[],3,-114,"[{'name': 'sockfd', 'type': 'int', 'value': 772}, {'name': 'addr', 'type': 'struct sockaddr*', 'value': ""{'sa_family': 'AF_INET','sin_port': '22','sin_addr': '192.168.21.41'}""}, {'name': 'addrlen', 'type': 'int', 'value': 16}]",1,1
487.222065,7555,7555,7548,1001,4026531840,tsm,ip-10-100-1-217,42,connect,[],3,-114,"[{'name': 'sockfd', 'type': 'int', 'value': 773}, {'name': 'addr', 'type': 'struct sockaddr*', 'value': ""{'sa_family': 'AF_INET','sin_port': '22','sin_addr': '192.168.21.42'}""}, {'name': 'addrlen', 'type': 'int', 'value': 16}]",1,1
487.222087,7555,7555,7548,1001,4026531840,tsm,ip-10-100-1-217,42,connect,[],3,-114,"[{'name': 'sockfd', 'type': 'int', 'value': 774}, {'name': 'addr', 'type': 'struct sockaddr*', 'value': ""{'sa_family': 'AF_INET','sin_port': '22','sin_addr': '192.168.21.43'}""}, {'name': 'addrlen', 'type': 'int', 'value': 16}]",1,1
487.222109,7555,7555,7548,1001,4026531840,tsm,ip-10-100-1-217,42,connect,[],3,-114,"[{'name': 'sockfd', 'type': 'int', 'value': 775}, {'name': 'addr', 'type': 'struct sockaddr*', 'value': ""{'sin_port': '22','sin_addr': '192.168.21.44','sa_family': 'AF_INET'}""}, {'name': 'addrlen', 'type': 'int', 'value': 16}]",1,1
487.222131,7555,7555,7548,1001,4026531840,tsm,ip-10-100-1-217,42,connect,[],3,-114,"[{'name': 'sockfd', 'type': 'int', 'value': 776}, {'name': 'addr', 'type': 'struct sockaddr*', 'value': ""{'sa_family': 'AF_INET','sin_port': '22','sin_addr': '192.168.21.45'}""}, {'name': 'addrlen', 'type': 'int', 'value': 16}]",1,1
487.222153,7555,7555,7548,1001,4026531840,tsm,ip-10-100-1-217,42,connect,[],3,-114,"[{'name': 'sockfd', 'type': 'int', 'value': 777}, {'name': 'addr', 'type': 'struct sockaddr*', 'value': ""{'sa_family': 'AF_INET','sin_port': '22','sin_addr': '192.168.21.46'}""}, {'name': 'addrlen', 'type': 'int', 'value': 16}]",1,1
487.222175,7555,7555,7548,1001,4026531840,tsm,ip-10-100-1-217,42,connect,[],3,-114,"[{'name': 'sockfd', 'type': 'int', 'value': 778}, {'name': 'addr', 'type': 'struct sockaddr*', 'value': ""{'sa_family': 'AF_INET','sin_port': '22','sin_addr': '192.168.21.47'}""}, {'name': 'addrlen', 'type': 'int', 'value': 16}]",1,1
487.222197,7555,7555,7548,1001,4026531840,tsm,ip-10-100-1-217,42,connect,[],3,-114,"[{'name': 'sockfd', 'type': 'int', 'value': 779}, {'name': 'addr', 'type': 'struct sockaddr*', 'value': ""{'sa_family': 'AF_INET','sin_port': '22','sin_addr': '192.168.21.48'}""}, {'name': 'addrlen', 'type': 'int', 'value': 16}]",1,1
487.222219,7555,7555,7548,1001,4026531840,tsm,ip-10-100-1-217,42,connect,[],3,-114,"[{'name': 'sockfd', 'type': 'int', 'value': 780}, {'name': 'addr', 'type': 'struct sockaddr*', 'value': ""{'sa_family': 'AF_INET','sin_port': '22','sin_addr': '192.168.21.49'}""}, {'name': 'addrlen', 'type': 'int', 'value': 16}]",1,1
487.222241,7555,7555,7548,1001,4026531840,tsm,ip-10-100-1-217,42,connect,[],3,-114,"[{'name': 'sockfd', 'type': 'int', 'value': 781}, {'name': 'addr', 'type': 'struct sockaddr*', 'value': ""{'sa_family': 'AF_INET','sin_port': '22','sin_addr': '192.168.21.50'}""}, {'name': 'addrlen', 'type': 'int', 'value': 16}]",1,1
487.222263,7555,7555,7548,1001,4026531840,tsm,ip-10-100-1-217,42,connect,[],3,-114,"[{'name': 'sockfd', 'type': 'int', 'value': 782}, {'name': 'addr', 'type': 'struct sockaddr*', 'value': ""{'sa_family': 'AF_INET','sin_port': '22','sin_addr': '192.168.21.51'}""}, {'name': 'addrlen', 'type': 'int', 'value': 16}]",1,1
487.222285,7555,7555,7548,1001,4026531840,tsm,ip-10-100-1-217,42,connect,[],3,-114,"[{'name': 'sockfd', 'type': 'int', 'value': 783}, {'name': 'addr', 'type': 'struct sockaddr*', 'value': ""{'sa_family': 'AF_INET','sin_port': '22','sin_addr': '192.168.21.52'}""}, {'name': 'addrlen', 'type': 'int', 'value': 16}]",1,1
487.222308,7555,7555,7548,1001,4026531840,tsm,ip-10-100-1-217,42,connect,[],3,-114,"[{'name': 'sockfd', 'type': 'int', 'value': 784}, {'name': 'addr', 'type': 'struct sockaddr*', 'value': ""{'sa_family': 'AF_INET','sin_port': '22','sin_addr': '192.168.21.53'}""}, {'name': 'addrlen', 'type': 'int', 'value': 16}]",1,1
487.22233,7555,7555,7548,1001,4026531840,tsm,ip-10-100-1-217,42,connect,[],3,-114,"[{'name': 'sockfd', 'type': 'int', 'value': 785}, {'name': 'addr', 'type': 'struct sockaddr*', 'value': ""{'sa_family': 'AF_INET','sin_port': '22','sin_addr': '192.168.21.54'}""}, {'name': 'addrlen', 'type': 'int', 'value': 16}]",1,1
487.222352,7555,7555,7548,1001,4026531840,tsm,ip-10-100-1-217,42,connect,[],3,-114,"[{'name': 'sockfd', 'type': 'int', 'value': 786}, {'name': 'addr', 'type': 'struct sockaddr*', 'value': ""{'sa_family': 'AF_INET','sin_port': '22','sin_addr': '192.168.21.55'}""}, {'name': 'addrlen', 'type': 'int', 'value': 16}]",1,1
487.222374,7555,7555,7548,1001,4026531840,tsm,ip-10-100-1-217,42,connect,[],3,-114,"[{'name': 'sockfd', 'type': 'int', 'value': 787}, {'name': 'addr', 'type': 'struct sockaddr*', 'value': ""{'sa_family': 'AF_INET','sin_port': '22','sin_addr': '192.168.21.56'}""}, {'name': 'addrlen', 'type': 'int', 'value': 16}]",1,1
487.222396,7555,7555,7548,1001,4026531840,tsm,ip-10-100-1-217,42,connect,[],3,-114,"[{'name': 'sockfd', 'type': 'int', 'value': 788}, {'name': 'addr', 'type': 'struct sockaddr*', 'value': ""{'sa_family': 'AF_INET','sin_port': '22','sin_addr': '192.168.21.57'}""}, {'name': 'addrlen', 'type': 'int', 'value': 16}]",1,1
487.222418,7555,7555,7548,1001,4026531840,tsm,ip-10-100-1-217,42,connect,[],3,-114,"[{'name': 'sockfd', 'type': 'int', 'value': 789}, {'name': 'addr', 'type': 'struct sockaddr*', 'value': ""{'sa_family': 'AF_INET','sin_port': '22','sin_addr': '192.168.21.58'}""}, {'name': 'addrlen', 'type': 'int', 'value': 16}]",1,1
487.22244,7555,7555,7548,1001,4026531840,tsm,ip-10-100-1-217,42,connect,[],3,-114,"[{'name': 'sockfd', 'type': 'int', 'value': 790}, {'name': 'addr', 'type': 'struct sockaddr*', 'value': ""{'sin_port': '22','sin_addr': '192.168.21.59','sa_family': 'AF_INET'}""}, {'name': 'addrlen', 'type': 'int', 'value': 16}]",1,1
487.224873,7555,7555,7548,1001,4026531840,tsm,ip-10-100-1-217,42,connect,[],3,-114,"[{'name': 'sockfd', 'type': 'int', 'value': 791}, {'name': 'addr', 'type': 'struct sockaddr*', 'value': ""{'sin_addr': '192.168.21.60','sa_family': 'AF_INET','sin_port': '22'}""}, {'name': 'addrlen', 'type': 'int', 'value': 16}]",1,1
487.224901,7555,7555,7548,1001,4026531840,tsm,ip-10-100-1-217,42,connect,[],3,-114,"[{'name': 'sockfd', 'type': 'int', 'value': 792}, {'name': 'addr', 'type': 'struct sockaddr*', 'value': ""{'sa_family': 'AF_INET','sin_port': '22','sin_addr': '192.168.21.61'}""}, {'name': 'addrlen', 'type': 'int', 'value': 16}]",1,1
487.224929,7555,7555,7548,1001,4026531840,tsm,ip-10-100-1-217,42,connect,[],3,-114,"[{'name': 'sockfd', 'type': 'int', 'value': 793}, {'name': 'addr', 'type': 'struct sockaddr*', 'value': ""{'sa_family': 'AF_INET','sin_port': '22','sin_addr': '192.168.21.62'}""}, {'name': 'addrlen', 'type': 'int', 'value': 16}]",1,1
487.22497,7555,7555,7548,1001,4026531840,tsm,ip-10-100-1-217,42,connect,[],3,-114,"[{'name': 'sockfd', 'type': 'int', 'value': 794}, {'name': 'addr', 'type': 'struct sockaddr*', 'value': ""{'sin_port': '22','sin_addr': '192.168.21.63','sa_family': 'AF_INET'}""}, {'name': 'addrlen', 'type': 'int', 'value': 16}]",1,1
487.224998,7555,7555,7548,1001,4026531840,tsm,ip-10-100-1-217,42,connect,[],3,-114,"[{'name': 'sockfd', 'type': 'int', 'value': 795}, {'name': 'addr', 'type': 'struct sockaddr*', 'value': ""{'sa_family': 'AF_INET','sin_port': '22','sin_addr': '192.168.21.64'}""}, {'name': 'addrlen', 'type': 'int', 'value': 16}]",1,1
487.22502,7555,7555,7548,1001,4026531840,tsm,ip-10-100-1-217,42,connect,[],3,-114,"[{'name': 'sockfd', 'type': 'int', 'value': 796}, {'name': 'addr', 'type': 'struct sockaddr*', 'value': ""{'sa_family': 'AF_INET','sin_port': '22','sin_addr': '192.168.21.65'}""}, {'name': 'addrlen', 'type': 'int', 'value': 16}]",1,1
487.225046,7555,7555,7548,1001,4026531840,tsm,ip-10-100-1-217,42,connect,[],3,-114,"[{'name': 'sockfd', 'type': 'int', 'value': 797}, {'name': 'addr', 'type': 'struct sockaddr*', 'value': ""{'sa_family': 'AF_INET','sin_port': '22','sin_addr': '192.168.21.66'}""}, {'name': 'addrlen', 'type': 'int', 'value': 16}]",1,1
487.225068,7555,7555,7548,1001,4026531840,tsm,ip-10-100-1-217,42,connect,[],3,-114,"[{'name': 'sockfd', 'type': 'int', 'value': 798}, {'name': 'addr', 'type': 'struct sockaddr*', 'value': ""{'sa_family': 'AF_INET','sin_port': '22','sin_addr': '192.168.21.67'}""}, {'name': 'addrlen', 'type': 'int', 'value': 16}]",1,1
487.22509,7555,7555,7548,1001,4026531840,tsm,ip-10-100-1-217,42,connect,[],3,-114,"[{'name': 'sockfd', 'type': 'int', 'value': 799}, {'name': 'addr', 'type': 'struct sockaddr*', 'value': ""{'sa_family': 'AF_INET','sin_port': '22','sin_addr': '192.168.21.68'}""}, {'name': 'addrlen', 'type': 'int', 'value': 16}]",1,1
487.225112,7555,7555,7548,1001,4026531840,tsm,ip-10-100-1-217,42,connect,[],3,-114,"[{'name': 'sockfd', 'type': 'int', 'value': 800}, {'name': 'addr', 'type': 'struct sockaddr*', 'value': ""{'sa_family': 'AF_INET','sin_port': '22','sin_addr': '192.168.21.69'}""}, {'name': 'addrlen', 'type': 'int', 'value': 16}]",1,1
487.225134,7555,7555,7548,1001,4026531840,tsm,ip-10-100-1-217,42,connect,[],3,-114,"[{'name': 'sockfd', 'type': 'int', 'value': 801}, {'name': 'addr', 'type': 'struct sockaddr*', 'value': ""{'sin_port': '22','sin_addr': '192.168.21.70','sa_family': 'AF_INET'}""}, {'name': 'addrlen', 'type': 'int', 'value': 16}]",1,1
487.225156,7555,7555,7548,1001,4026531840,tsm,ip-10-100-1-217,42,connect,[],3,-114,"[{'name': 'sockfd', 'type': 'int', 'value': 802}, {'name': 'addr', 'type': 'struct sockaddr*', 'value': ""{'sa_family': 'AF_INET','sin_port': '22','sin_addr': '192.168.21.71'}""}, {'name': 'addrlen', 'type': 'int', 'value': 16}]",1,1
487.225178,7555,7555,7548,1001,4026531840,tsm,ip-10-100-1-217,42,connect,[],3,-114,"[{'name': 'sockfd', 'type': 'int', 'value': 803}, {'name': 'addr', 'type': 'struct sockaddr*', 'value': ""{'sin_port': '22','sin_addr': '192.168.21.72','sa_family': 'AF_INET'}""}, {'name': 'addrlen', 'type': 'int', 'value': 16}]",1,1
487.225202,7555,7555,7548,1001,4026531840,tsm,ip-10-100-1-217,42,connect,[],3,-114,"[{'name': 'sockfd', 'type': 'int', 'value': 4}, {'name': 'addr', 'type': 'struct sockaddr*', 'value': ""{'sin_port': '22','sin_addr': '192.168.21.73','sa_family': 'AF_INET'}""}, {'name': 'addrlen', 'type': 'int', 'value': 16}]",1,1
487.225235,7555,7555,7548,1001,4026531840,tsm,ip-10-100-1-217,42,connect,[],3,-114,"[{'name': 'sockfd', 'type': 'int', 'value': 5}, {'name': 'addr', 'type': 'struct sockaddr*', 'value': ""{'sin_port': '22','sin_addr': '192.168.21.74','sa_family': 'AF_INET'}""}, {'name': 'addrlen', 'type': 'int', 'value': 16}]",1,1
487.225259,7555,7555,7548,1001,4026531840,tsm,ip-10-100-1-217,42,connect,[],3,-114,"[{'name': 'sockfd', 'type': 'int', 'value': 6}, {'name': 'addr', 'type': 'struct sockaddr*', 'value': ""{'sa_family': 'AF_INET','sin_port': '22','sin_addr': '192.168.21.75'}""}, {'name': 'addrlen', 'type': 'int', 'value': 16}]",1,1
487.225281,7555,7555,7548,1001,4026531840,tsm,ip-10-100-1-217,42,connect,[],3,-114,"[{'name': 'sockfd', 'type': 'int', 'value': 7}, {'name': 'addr', 'type': 'struct sockaddr*', 'value': ""{'sa_family': 'AF_INET','sin_port': '22','sin_addr': '192.168.21.76'}""}, {'name': 'addrlen', 'type': 'int', 'value': 16}]",1,1
487.225303,7555,7555,7548,1001,4026531840,tsm,ip-10-100-1-217,42,connect,[],3,-114,"[{'name': 'sockfd', 'type': 'int', 'value': 8}, {'name': 'addr', 'type': 'struct sockaddr*', 'value': ""{'sa_family': 'AF_INET','sin_port': '22','sin_addr': '192.168.21.77'}""}, {'name': 'addrlen', 'type': 'int', 'value': 16}]",1,1
487.225325,7555,7555,7548,1001,4026531840,tsm,ip-10-100-1-217,42,connect,[],3,-114,"[{'name': 'sockfd', 'type': 'int', 'value': 9}, {'name': 'addr', 'type': 'struct sockaddr*', 'value': ""{'sin_addr': '192.168.21.78','sa_family': 'AF_INET','sin_port': '22'}""}, {'name': 'addrlen', 'type': 'int', 'value': 16}]",1,1
487.225347,7555,7555,7548,1001,4026531840,tsm,ip-10-100-1-217,42,connect,[],3,-114,"[{'name': 'sockfd', 'type': 'int', 'value': 10}, {'name': 'addr', 'type': 'struct sockaddr*', 'value': ""{'sin_addr': '192.168.21.79','sa_family': 'AF_INET','sin_port': '22'}""}, {'name': 'addrlen', 'type': 'int', 'value': 16}]",1,1
487.225369,7555,7555,7548,1001,4026531840,tsm,ip-10-100-1-217,42,connect,[],3,-114,"[{'name': 'sockfd', 'type': 'int', 'value': 11}, {'name': 'addr', 'type': 'struct sockaddr*', 'value': ""{'sa_family': 'AF_INET','sin_port': '22','sin_addr': '192.168.21.80'}""}, {'name': 'addrlen', 'type': 'int', 'value': 16}]",1,1
487.225391,7555,7555,7548,1001,4026531840,tsm,ip-10-100-1-217,42,connect,[],3,-114,"[{'name': 'sockfd', 'type': 'int', 'value': 12}, {'name': 'addr', 'type': 'struct sockaddr*', 'value': ""{'sin_addr': '192.168.21.81','sa_family': 'AF_INET','sin_port': '22'}""}, {'name': 'addrlen', 'type': 'int', 'value': 16}]",1,1
487.225413,7555,7555,7548,1001,4026531840,tsm,ip-10-100-1-217,42,connect,[],3,-114,"[{'name': 'sockfd', 'type': 'int', 'value': 13}, {'name': 'addr', 'type': 'struct sockaddr*', 'value': ""{'sa_family': 'AF_INET','sin_port': '22','sin_addr': '192.168.21.82'}""}, {'name': 'addrlen', 'type': 'int', 'value': 16}]",1,1
487.225435,7555,7555,7548,1001,4026531840,tsm,ip-10-100-1-217,42,connect,[],3,-114,"[{'name': 'sockfd', 'type': 'int', 'value': 14}, {'name': 'addr', 'type': 'struct sockaddr*', 'value': ""{'sin_port': '22','sin_addr': '192.168.21.83','sa_family': 'AF_INET'}""}, {'name': 'addrlen', 'type': 'int', 'value': 16}]",1,1
487.225457,7555,7555,7548,1001,4026531840,tsm,ip-10-100-1-217,42,connect,[],3,-114,"[{'name': 'sockfd', 'type': 'int', 'value': 15}, {'name': 'addr', 'type': 'struct sockaddr*', 'value': ""{'sa_family': 'AF_INET','sin_port': '22','sin_addr': '192.168.21.84'}""}, {'name': 'addrlen', 'type': 'int', 'value': 16}]",1,1
487.225479,7555,7555,7548,1001,4026531840,tsm,ip-10-100-1-217,42,connect,[],3,-114,"[{'name': 'sockfd', 'type': 'int', 'value': 16}, {'name': 'addr', 'type': 'struct sockaddr*', 'value': ""{'sin_port': '22','sin_addr': '192.168.21.85','sa_family': 'AF_INET'}""}, {'name': 'addrlen', 'type': 'int', 'value': 16}]",1,1
487.225501,7555,7555,7548,1001,4026531840,tsm,ip-10-100-1-217,42,connect,[],3,-114,"[{'name': 'sockfd', 'type': 'int', 'value': 17}, {'name': 'addr', 'type': 'struct sockaddr*', 'value': ""{'sa_family': 'AF_INET','sin_port': '22','sin_addr': '192.168.21.86'}""}, {'name': 'addrlen', 'type': 'int', 'value': 16}]",1,1
487.225523,7555,7555,7548,1001,4026531840,tsm,ip-10-100-1-217,42,connect,[],3,-114,"[{'name': 'sockfd', 'type': 'int', 'value': 18}, {'name': 'addr', 'type': 'struct sockaddr*', 'value': ""{'sin_port': '22','sin_addr': '192.168.21.87','sa_family': 'AF_INET'}""}, {'name': 'addrlen', 'type': 'int', 'value': 16}]",1,1
487.225545,7555,7555,7548,1001,4026531840,tsm,ip-10-100-1-217,42,connect,[],3,-114,"[{'name': 'sockfd', 'type': 'int', 'value': 19}, {'name': 'addr', 'type': 'struct sockaddr*', 'value': ""{'sa_family': 'AF_INET','sin_port': '22','sin_addr': '192.168.21.88'}""}, {'name': 'addrlen', 'type': 'int', 'value': 16}]",1,1
487.225567,7555,7555,7548,1001,4026531840,tsm,ip-10-100-1-217,42,connect,[],3,-114,"[{'name': 'sockfd', 'type': 'int', 'value': 20}, {'name': 'addr', 'type': 'struct sockaddr*', 'value': ""{'sa_family': 'AF_INET','sin_port': '22','sin_addr': '192.168.21.89'}""}, {'name': 'addrlen', 'type': 'int', 'value': 16}]",1,1
487.225589,7555,7555,7548,1001,4026531840,tsm,ip-10-100-1-217,42,connect,[],3,-114,"[{'name': 'sockfd', 'type': 'int', 'value': 21}, {'name': 'addr', 'type': 'struct sockaddr*', 'value': ""{'sa_family': 'AF_INET','sin_port': '22','sin_addr': '192.168.21.90'}""}, {'name': 'addrlen', 'type': 'int', 'value': 16}]",1,1
487.225611,7555,7555,7548,1001,4026531840,tsm,ip-10-100-1-217,42,connect,[],3,-114,"[{'name': 'sockfd', 'type': 'int', 'value': 22}, {'name': 'addr', 'type': 'struct sockaddr*', 'value': ""{'sa_family': 'AF_INET','sin_port': '22','sin_addr': '192.168.21.91'}""}, {'name': 'addrlen', 'type': 'int', 'value': 16}]",1,1
487.225633,7555,7555,7548,1001,4026531840,tsm,ip-10-100-1-217,42,connect,[],3,-114,"[{'name': 'sockfd', 'type': 'int', 'value': 23}, {'name': 'addr', 'type': 'struct sockaddr*', 'value': ""{'sa_family': 'AF_INET','sin_port': '22','sin_addr': '192.168.21.92'}""}, {'name': 'addrlen', 'type': 'int', 'value': 16}]",1,1
487.225655,7555,7555,7548,1001,4026531840,tsm,ip-10-100-1-217,42,connect,[],3,-114,"[{'name': 'sockfd', 'type': 'int', 'value': 24}, {'name': 'addr', 'type': 'struct sockaddr*', 'value': ""{'sa_family': 'AF_INET','sin_port': '22','sin_addr': '192.168.21.93'}""}, {'name': 'addrlen', 'type': 'int', 'value': 16}]",1,1
487.225677,7555,7555,7548,1001,4026531840,tsm,ip-10-100-1-217,42,connect,[],3,-114,"[{'name': 'sockfd', 'type': 'int', 'value': 25}, {'name': 'addr', 'type': 'struct sockaddr*', 'value': ""{'sa_family': 'AF_INET','sin_port': '22','sin_addr': '192.168.21.94'}""}, {'name': 'addrlen', 'type': 'int', 'value': 16}]",1,1
487.225699,7555,7555,7548,1001,4026531840,tsm,ip-10-100-1-217,42,connect,[],3,-114,"[{'name': 'sockfd', 'type': 'int', 'value': 26}, {'name': 'addr', 'type': 'struct sockaddr*', 'value': ""{'sin_addr': '192.168.21.95','sa_family': 'AF_INET','sin_port': '22'}""}, {'name': 'addrlen', 'type': 'int', 'value': 16}]",1,1
487.225721,7555,7555,7548,1001,4026531840,tsm,ip-10-100-1-217,42,connect,[],3,-114,"[{'name': 'sockfd', 'type': 'int', 'value': 27}, {'name': 'addr', 'type': 'struct sockaddr*', 'value': ""{'sa_family': 'AF_INET','sin_port': '22','sin_addr': '192.168.21.96'}""}, {'name': 'addrlen', 'type': 'int', 'value': 16}]",1,1
487.225743,7555,7555,7548,1001,4026531840,tsm,ip-10-100-1-217,42,connect,[],3,-114,"[{'name': 'sockfd', 'type': 'int', 'value': 28}, {'name': 'addr', 'type': 'struct sockaddr*', 'value': ""{'sa_family': 'AF_INET','sin_port': '22','sin_addr': '192.168.21.97'}""}, {'name': 'addrlen', 'type': 'int', 'value': 16}]",1,1
487.225765,7555,7555,7548,1001,4026531840,tsm,ip-10-100-1-217,42,connect,[],3,-114,"[{'name': 'sockfd', 'type': 'int', 'value': 29}, {'name': 'addr', 'type': 'struct sockaddr*', 'value': ""{'sa_family': 'AF_INET','sin_port': '22','sin_addr': '192.168.21.98'}""}, {'name': 'addrlen', 'type': 'int', 'value': 16}]",1,1
487.225787,7555,7555,7548,1001,4026531840,tsm,ip-10-100-1-217,42,connect,[],3,-114,"[{'name': 'sockfd', 'type': 'int', 'value': 30}, {'name': 'addr', 'type': 'struct sockaddr*', 'value': ""{'sa_family': 'AF_INET','sin_port': '22','sin_addr': '192.168.21.99'}""}, {'name': 'addrlen', 'type': 'int', 'value': 16}]",1,1
487.225809,7555,7555,7548,1001,4026531840,tsm,ip-10-100-1-217,42,connect,[],3,-114,"[{'name': 'sockfd', 'type': 'int', 'value': 31}, {'name': 'addr', 'type': 'struct sockaddr*', 'value': ""{'sa_family': 'AF_INET','sin_port': '22','sin_addr': '192.168.21.100'}""}, {'name': 'addrlen', 'type': 'int', 'value': 16}]",1,1
487.225831,7555,7555,7548,1001,4026531840,tsm,ip-10-100-1-217,42,connect,[],3,-114,"[{'name': 'sockfd', 'type': 'int', 'value': 32}, {'name': 'addr', 'type': 'struct sockaddr*', 'value': ""{'sa_family': 'AF_INET','sin_port': '22','sin_addr': '192.168.21.101'}""}, {'name': 'addrlen', 'type': 'int', 'value': 16}]",1,1
487.225853,7555,7555,7548,1001,4026531840,tsm,ip-10-100-1-217,42,connect,[],3,-114,"[{'name': 'sockfd', 'type': 'int', 'value': 33}, {'name': 'addr', 'type': 'struct sockaddr*', 'value': ""{'sa_family': 'AF_INET','sin_port': '22','sin_addr': '192.168.21.102'}""}, {'name': 'addrlen', 'type': 'int', 'value': 16}]",1,1
487.225875,7555,7555,7548,1001,4026531840,tsm,ip-10-100-1-217,42,connect,[],3,-114,"[{'name': 'sockfd', 'type': 'int', 'value': 34}, {'name': 'addr', 'type': 'struct sockaddr*', 'value': ""{'sa_family': 'AF_INET','sin_port': '22','sin_addr': '192.168.21.103'}""}, {'name': 'addrlen', 'type': 'int', 'value': 16}]",1,1
487.225897,7555,7555,7548,1001,4026531840,tsm,ip-10-100-1-217,42,connect,[],3,-114,"[{'name': 'sockfd', 'type': 'int', 'value': 35}, {'name': 'addr', 'type': 'struct sockaddr*', 'value': ""{'sin_port': '22','sin_addr': '192.168.21.104','sa_family': 'AF_INET'}""}, {'name': 'addrlen', 'type': 'int', 'value': 16}]",1,1
487.225919,7555,7555,7548,1001,4026531840,tsm,ip-10-100-1-217,42,connect,[],3,-114,"[{'name': 'sockfd', 'type': 'int', 'value': 36}, {'name': 'addr', 'type': 'struct sockaddr*', 'value': ""{'sa_family': 'AF_INET','sin_port': '22','sin_addr': '192.168.21.105'}""}, {'name': 'addrlen', 'type': 'int', 'value': 16}]",1,1
487.225941,7555,7555,7548,1001,4026531840,tsm,ip-10-100-1-217,42,connect,[],3,-114,"[{'name': 'sockfd', 'type': 'int', 'value': 37}, {'name': 'addr', 'type': 'struct sockaddr*', 'value': ""{'sa_family': 'AF_INET','sin_port': '22','sin_addr': '192.168.21.106'}""}, {'name': 'addrlen', 'type': 'int', 'value': 16}]",1,1
487.225964,7555,7555,7548,1001,4026531840,tsm,ip-10-100-1-217,42,connect,[],3,-114,"[{'name': 'sockfd', 'type': 'int', 'value': 38}, {'name': 'addr', 'type': 'struct sockaddr*', 'value': ""{'sa_family': 'AF_INET','sin_port': '22','sin_addr': '192.168.21.107'}""}, {'name': 'addrlen', 'type': 'int', 'value': 16}]",1,1
487.225986,7555,7555,7548,1001,4026531840,tsm,ip-10-100-1-217,42,connect,[],3,-114,"[{'name': 'sockfd', 'type': 'int', 'value': 39}, {'name': 'addr', 'type': 'struct sockaddr*', 'value': ""{'sa_family': 'AF_INET','sin_port': '22','sin_addr': '192.168.21.108'}""}, {'name': 'addrlen', 'type': 'int', 'value': 16}]",1,1
487.226008,7555,7555,7548,1001,4026531840,tsm,ip-10-100-1-217,42,connect,[],3,-114,"[{'name': 'sockfd', 'type': 'int', 'value': 40}, {'name': 'addr', 'type': 'struct sockaddr*', 'value': ""{'sin_addr': '192.168.21.109','sa_family': 'AF_INET','sin_port': '22'}""}, {'name': 'addrlen', 'type': 'int', 'value': 16}]",1,1
487.226029,7555,7555,7548,1001,4026531840,tsm,ip-10-100-1-217,42,connect,[],3,-114,"[{'name': 'sockfd', 'type': 'int', 'value': 41}, {'name': 'addr', 'type': 'struct sockaddr*', 'value': ""{'sin_addr': '192.168.21.110','sa_family': 'AF_INET','sin_port': '22'}""}, {'name': 'addrlen', 'type': 'int', 'value': 16}]",1,1
487.226051,7555,7555,7548,1001,4026531840,tsm,ip-10-100-1-217,42,connect,[],3,-114,"[{'name': 'sockfd', 'type': 'int', 'value': 42}, {'name': 'addr', 'type': 'struct sockaddr*', 'value': ""{'sin_addr': '192.168.21.111','sa_family': 'AF_INET','sin_port': '22'}""}, {'name': 'addrlen', 'type': 'int', 'value': 16}]",1,1
487.226073,7555,7555,7548,1001,4026531840,tsm,ip-10-100-1-217,42,connect,[],3,-114,"[{'name': 'sockfd', 'type': 'int', 'value': 43}, {'name': 'addr', 'type': 'struct sockaddr*', 'value': ""{'sa_family': 'AF_INET','sin_port': '22','sin_addr': '192.168.21.112'}""}, {'name': 'addrlen', 'type': 'int', 'value': 16}]",1,1
487.226095,7555,7555,7548,1001,4026531840,tsm,ip-10-100-1-217,42,connect,[],3,-114,"[{'name': 'sockfd', 'type': 'int', 'value': 44}, {'name': 'addr', 'type': 'struct sockaddr*', 'value': ""{'sa_family': 'AF_INET','sin_port': '22','sin_addr': '192.168.21.113'}""}, {'name': 'addrlen', 'type': 'int', 'value': 16}]",1,1
487.226117,7555,7555,7548,1001,4026531840,tsm,ip-10-100-1-217,42,connect,[],3,-114,"[{'name': 'sockfd', 'type': 'int', 'value': 45}, {'name': 'addr', 'type': 'struct sockaddr*', 'value': ""{'sa_family': 'AF_INET','sin_port': '22','sin_addr': '192.168.21.114'}""}, {'name': 'addrlen', 'type': 'int', 'value': 16}]",1,1
487.226139,7555,7555,7548,1001,4026531840,tsm,ip-10-100-1-217,42,connect,[],3,-114,"[{'name': 'sockfd', 'type': 'int', 'value': 46}, {'name': 'addr', 'type': 'struct sockaddr*', 'value': ""{'sin_port': '22','sin_addr': '192.168.21.115','sa_family': 'AF_INET'}""}, {'name': 'addrlen', 'type': 'int', 'value': 16}]",1,1
487.226164,7555,7555,7548,1001,4026531840,tsm,ip-10-100-1-217,42,connect,[],3,-114,"[{'name': 'sockfd', 'type': 'int', 'value': 47}, {'name': 'addr', 'type': 'struct sockaddr*', 'value': ""{'sa_family': 'AF_INET','sin_port': '22','sin_addr': '192.168.21.116'}""}, {'name': 'addrlen', 'type': 'int', 'value': 16}]",1,1
487.226186,7555,7555,7548,1001,4026531840,tsm,ip-10-100-1-217,42,connect,[],3,-114,"[{'name': 'sockfd', 'type': 'int', 'value': 48}, {'name': 'addr', 'type': 'struct sockaddr*', 'value': ""{'sa_family': 'AF_INET','sin_port': '22','sin_addr': '192.168.21.117'}""}, {'name': 'addrlen', 'type': 'int', 'value': 16}]",1,1
487.226208,7555,7555,7548,1001,4026531840,tsm,ip-10-100-1-217,42,connect,[],3,-114,"[{'name': 'sockfd', 'type': 'int', 'value': 49}, {'name': 'addr', 'type': 'struct sockaddr*', 'value': ""{'sin_addr': '192.168.21.118','sa_family': 'AF_INET','sin_port': '22'}""}, {'name': 'addrlen', 'type': 'int', 'value': 16}]",1,1
487.22623,7555,7555,7548,1001,4026531840,tsm,ip-10-100-1-217,42,connect,[],3,-114,"[{'name': 'sockfd', 'type': 'int', 'value': 50}, {'name': 'addr', 'type': 'struct sockaddr*', 'value': ""{'sin_addr': '192.168.21.119','sa_family': 'AF_INET','sin_port': '22'}""}, {'name': 'addrlen', 'type': 'int', 'value': 16}]",1,1
487.226252,7555,7555,7548,1001,4026531840,tsm,ip-10-100-1-217,42,connect,[],3,-114,"[{'name': 'sockfd', 'type': 'int', 'value': 51}, {'name': 'addr', 'type': 'struct sockaddr*', 'value': ""{'sa_family': 'AF_INET','sin_port': '22','sin_addr': '192.168.21.120'}""}, {'name': 'addrlen', 'type': 'int', 'value': 16}]",1,1
487.226274,7555,7555,7548,1001,4026531840,tsm,ip-10-100-1-217,42,connect,[],3,-114,"[{'name': 'sockfd', 'type': 'int', 'value': 52}, {'name': 'addr', 'type': 'struct sockaddr*', 'value': ""{'sin_addr': '192.168.21.121','sa_family': 'AF_INET','sin_port': '22'}""}, {'name': 'addrlen', 'type': 'int', 'value': 16}]",1,1
487.226296,7555,7555,7548,1001,4026531840,tsm,ip-10-100-1-217,42,connect,[],3,-114,"[{'name': 'sockfd', 'type': 'int', 'value': 53}, {'name': 'addr', 'type': 'struct sockaddr*', 'value': ""{'sa_family': 'AF_INET','sin_port': '22','sin_addr': '192.168.21.122'}""}, {'name': 'addrlen', 'type': 'int', 'value': 16}]",1,1
487.226318,7555,7555,7548,1001,4026531840,tsm,ip-10-100-1-217,42,connect,[],3,-114,"[{'name': 'sockfd', 'type': 'int', 'value': 54}, {'name': 'addr', 'type': 'struct sockaddr*', 'value': ""{'sa_family': 'AF_INET','sin_port': '22','sin_addr': '192.168.21.123'}""}, {'name': 'addrlen', 'type': 'int', 'value': 16}]",1,1
487.22634,7555,7555,7548,1001,4026531840,tsm,ip-10-100-1-217,42,connect,[],3,-114,"[{'name': 'sockfd', 'type': 'int', 'value': 55}, {'name': 'addr', 'type': 'struct sockaddr*', 'value': ""{'sin_addr': '192.168.21.124','sa_family': 'AF_INET','sin_port': '22'}""}, {'name': 'addrlen', 'type': 'int', 'value': 16}]",1,1
487.226362,7555,7555,7548,1001,4026531840,tsm,ip-10-100-1-217,42,connect,[],3,-114,"[{'name': 'sockfd', 'type': 'int', 'value': 56}, {'name': 'addr', 'type': 'struct sockaddr*', 'value': ""{'sa_family': 'AF_INET','sin_port': '22','sin_addr': '192.168.21.125'}""}, {'name': 'addrlen', 'type': 'int', 'value': 16}]",1,1
487.226384,7555,7555,7548,1001,4026531840,tsm,ip-10-100-1-217,42,connect,[],3,-114,"[{'name': 'sockfd', 'type': 'int', 'value': 57}, {'name': 'addr', 'type': 'struct sockaddr*', 'value': ""{'sa_family': 'AF_INET','sin_port': '22','sin_addr': '192.168.21.126'}""}, {'name': 'addrlen', 'type': 'int', 'value': 16}]",1,1
487.226406,7555,7555,7548,1001,4026531840,tsm,ip-10-100-1-217,42,connect,[],3,-114,"[{'name': 'sockfd', 'type': 'int', 'value': 58}, {'name': 'addr', 'type': 'struct sockaddr*', 'value': ""{'sa_family': 'AF_INET','sin_port': '22','sin_addr': '192.168.21.127'}""}, {'name': 'addrlen', 'type': 'int', 'value': 16}]",1,1
487.226428,7555,7555,7548,1001,4026531840,tsm,ip-10-100-1-217,42,connect,[],3,-114,"[{'name': 'sockfd', 'type': 'int', 'value': 59}, {'name': 'addr', 'type': 'struct sockaddr*', 'value': ""{'sa_family': 'AF_INET','sin_port': '22','sin_addr': '192.168.21.128'}""}, {'name': 'addrlen', 'type': 'int', 'value': 16}]",1,1
487.22645,7555,7555,7548,1001,4026531840,tsm,ip-10-100-1-217,42,connect,[],3,-114,"[{'name': 'sockfd', 'type': 'int', 'value': 60}, {'name': 'addr', 'type': 'struct sockaddr*', 'value': ""{'sa_family': 'AF_INET','sin_port': '22','sin_addr': '192.168.21.129'}""}, {'name': 'addrlen', 'type': 'int', 'value': 16}]",1,1
487.226483,7555,7555,7548,1001,4026531840,tsm,ip-10-100-1-217,42,connect,[],3,-114,"[{'name': 'sockfd', 'type': 'int', 'value': 61}, {'name': 'addr', 'type': 'struct sockaddr*', 'value': ""{'sa_family': 'AF_INET','sin_port': '22','sin_addr': '192.168.21.130'}""}, {'name': 'addrlen', 'type': 'int', 'value': 16}]",1,1
487.226505,7555,7555,7548,1001,4026531840,tsm,ip-10-100-1-217,42,connect,[],3,-114,"[{'name': 'sockfd', 'type': 'int', 'value': 62}, {'name': 'addr', 'type': 'struct sockaddr*', 'value': ""{'sa_family': 'AF_INET','sin_port': '22','sin_addr': '192.168.21.131'}""}, {'name': 'addrlen', 'type': 'int', 'value': 16}]",1,1
487.226527,7555,7555,7548,1001,4026531840,tsm,ip-10-100-1-217,42,connect,[],3,-114,"[{'name': 'sockfd', 'type': 'int', 'value': 63}, {'name': 'addr', 'type': 'struct sockaddr*', 'value': ""{'sa_family': 'AF_INET','sin_port': '22','sin_addr': '192.168.21.132'}""}, {'name': 'addrlen', 'type': 'int', 'value': 16}]",1,1
487.226549,7555,7555,7548,1001,4026531840,tsm,ip-10-100-1-217,42,connect,[],3,-114,"[{'name': 'sockfd', 'type': 'int', 'value': 64}, {'name': 'addr', 'type': 'struct sockaddr*', 'value': ""{'sa_family': 'AF_INET','sin_port': '22','sin_addr': '192.168.21.133'}""}, {'name': 'addrlen', 'type': 'int', 'value': 16}]",1,1
487.226571,7555,7555,7548,1001,4026531840,tsm,ip-10-100-1-217,42,connect,[],3,-114,"[{'name': 'sockfd', 'type': 'int', 'value': 65}, {'name': 'addr', 'type': 'struct sockaddr*', 'value': ""{'sa_family': 'AF_INET','sin_port': '22','sin_addr': '192.168.21.134'}""}, {'name': 'addrlen', 'type': 'int', 'value': 16}]",1,1
487.226593,7555,7555,7548,1001,4026531840,tsm,ip-10-100-1-217,42,connect,[],3,-114,"[{'name': 'sockfd', 'type': 'int', 'value': 66}, {'name': 'addr', 'type': 'struct sockaddr*', 'value': ""{'sa_family': 'AF_INET','sin_port': '22','sin_addr': '192.168.21.135'}""}, {'name': 'addrlen', 'type': 'int', 'value': 16}]",1,1
487.226615,7555,7555,7548,1001,4026531840,tsm,ip-10-100-1-217,42,connect,[],3,-114,"[{'name': 'sockfd', 'type': 'int', 'value': 67}, {'name': 'addr', 'type': 'struct sockaddr*', 'value': ""{'sin_port': '22','sin_addr': '192.168.21.136','sa_family': 'AF_INET'}""}, {'name': 'addrlen', 'type': 'int', 'value': 16}]",1,1
487.226638,7555,7555,7548,1001,4026531840,tsm,ip-10-100-1-217,42,connect,[],3,-114,"[{'name': 'sockfd', 'type': 'int', 'value': 68}, {'name': 'addr', 'type': 'struct sockaddr*', 'value': ""{'sa_family': 'AF_INET','sin_port': '22','sin_addr': '192.168.21.137'}""}, {'name': 'addrlen', 'type': 'int', 'value': 16}]",1,1
487.22666,7555,7555,7548,1001,4026531840,tsm,ip-10-100-1-217,42,connect,[],3,-114,"[{'name': 'sockfd', 'type': 'int', 'value': 69}, {'name': 'addr', 'type': 'struct sockaddr*', 'value': ""{'sa_family': 'AF_INET','sin_port': '22','sin_addr': '192.168.21.138'}""}, {'name': 'addrlen', 'type': 'int', 'value': 16}]",1,1
487.226682,7555,7555,7548,1001,4026531840,tsm,ip-10-100-1-217,42,connect,[],3,-114,"[{'name': 'sockfd', 'type': 'int', 'value': 70}, {'name': 'addr', 'type': 'struct sockaddr*', 'value': ""{'sa_family': 'AF_INET','sin_port': '22','sin_addr': '192.168.21.139'}""}, {'name': 'addrlen', 'type': 'int', 'value': 16}]",1,1
487.226704,7555,7555,7548,1001,4026531840,tsm,ip-10-100-1-217,42,connect,[],3,-114,"[{'name': 'sockfd', 'type': 'int', 'value': 71}, {'name': 'addr', 'type': 'struct sockaddr*', 'value': ""{'sa_family': 'AF_INET','sin_port': '22','sin_addr': '192.168.21.140'}""}, {'name': 'addrlen', 'type': 'int', 'value': 16}]",1,1
487.226726,7555,7555,7548,1001,4026531840,tsm,ip-10-100-1-217,42,connect,[],3,-114,"[{'name': 'sockfd', 'type': 'int', 'value': 72}, {'name': 'addr', 'type': 'struct sockaddr*', 'value': ""{'sin_addr': '192.168.21.141','sa_family': 'AF_INET','sin_port': '22'}""}, {'name': 'addrlen', 'type': 'int', 'value': 16}]",1,1
487.226748,7555,7555,7548,1001,4026531840,tsm,ip-10-100-1-217,42,connect,[],3,-114,"[{'name': 'sockfd', 'type': 'int', 'value': 73}, {'name': 'addr', 'type': 'struct sockaddr*', 'value': ""{'sin_addr': '192.168.21.142','sa_family': 'AF_INET','sin_port': '22'}""}, {'name': 'addrlen', 'type': 'int', 'value': 16}]",1,1
487.22677,7555,7555,7548,1001,4026531840,tsm,ip-10-100-1-217,42,connect,[],3,-114,"[{'name': 'sockfd', 'type': 'int', 'value': 74}, {'name': 'addr', 'type': 'struct sockaddr*', 'value': ""{'sa_family': 'AF_INET','sin_port': '22','sin_addr': '192.168.21.143'}""}, {'name': 'addrlen', 'type': 'int', 'value': 16}]",1,1
487.226792,7555,7555,7548,1001,4026531840,tsm,ip-10-100-1-217,42,connect,[],3,-114,"[{'name': 'sockfd', 'type': 'int', 'value': 75}, {'name': 'addr', 'type': 'struct sockaddr*', 'value': ""{'sa_family': 'AF_INET','sin_port': '22','sin_addr': '192.168.21.144'}""}, {'name': 'addrlen', 'type': 'int', 'value': 16}]",1,1
487.226814,7555,7555,7548,1001,4026531840,tsm,ip-10-100-1-217,42,connect,[],3,-114,"[{'name': 'sockfd', 'type': 'int', 'value': 76}, {'name': 'addr', 'type': 'struct sockaddr*', 'value': ""{'sin_port': '22','sin_addr': '192.168.21.145','sa_family': 'AF_INET'}""}, {'name': 'addrlen', 'type': 'int', 'value': 16}]",1,1
487.226836,7555,7555,7548,1001,4026531840,tsm,ip-10-100-1-217,42,connect,[],3,-114,"[{'name': 'sockfd', 'type': 'int', 'value': 77}, {'name': 'addr', 'type': 'struct sockaddr*', 'value': ""{'sin_addr': '192.168.21.146','sa_family': 'AF_INET','sin_port': '22'}""}, {'name': 'addrlen', 'type': 'int', 'value': 16}]",1,1
487.226858,7555,7555,7548,1001,4026531840,tsm,ip-10-100-1-217,42,connect,[],3,-114,"[{'name': 'sockfd', 'type': 'int', 'value': 78}, {'name': 'addr', 'type': 'struct sockaddr*', 'value': ""{'sa_family': 'AF_INET','sin_port': '22','sin_addr': '192.168.21.147'}""}, {'name': 'addrlen', 'type': 'int', 'value': 16}]",1,1
487.22688,7555,7555,7548,1001,4026531840,tsm,ip-10-100-1-217,42,connect,[],3,-114,"[{'name': 'sockfd', 'type': 'int', 'value': 79}, {'name': 'addr', 'type': 'struct sockaddr*', 'value': ""{'sa_family': 'AF_INET','sin_port': '22','sin_addr': '192.168.21.148'}""}, {'name': 'addrlen', 'type': 'int', 'value': 16}]",1,1
487.226902,7555,7555,7548,1001,4026531840,tsm,ip-10-100-1-217,42,connect,[],3,-114,"[{'name': 'sockfd', 'type': 'int', 'value': 80}, {'name': 'addr', 'type': 'struct sockaddr*', 'value': ""{'sa_family': 'AF_INET','sin_port': '22','sin_addr': '192.168.21.149'}""}, {'name': 'addrlen', 'type': 'int', 'value': 16}]",1,1
487.226924,7555,7555,7548,1001,4026531840,tsm,ip-10-100-1-217,42,connect,[],3,-114,"[{'name': 'sockfd', 'type': 'int', 'value': 81}, {'name': 'addr', 'type': 'struct sockaddr*', 'value': ""{'sin_port': '22','sin_addr': '192.168.21.150','sa_family': 'AF_INET'}""}, {'name': 'addrlen', 'type': 'int', 'value': 16}]",1,1
487.226946,7555,7555,7548,1001,4026531840,tsm,ip-10-100-1-217,42,connect,[],3,-114,"[{'name': 'sockfd', 'type': 'int', 'value': 82}, {'name': 'addr', 'type': 'struct sockaddr*', 'value': ""{'sa_family': 'AF_INET','sin_port': '22','sin_addr': '192.168.21.151'}""}, {'name': 'addrlen', 'type': 'int', 'value': 16}]",1,1
487.226968,7555,7555,7548,1001,4026531840,tsm,ip-10-100-1-217,42,connect,[],3,-114,"[{'name': 'sockfd', 'type': 'int', 'value': 83}, {'name': 'addr', 'type': 'struct sockaddr*', 'value': ""{'sin_port': '22','sin_addr': '192.168.21.152','sa_family': 'AF_INET'}""}, {'name': 'addrlen', 'type': 'int', 'value': 16}]",1,1
487.22699,7555,7555,7548,1001,4026531840,tsm,ip-10-100-1-217,42,connect,[],3,-114,"[{'name': 'sockfd', 'type': 'int', 'value': 84}, {'name': 'addr', 'type': 'struct sockaddr*', 'value': ""{'sin_addr': '192.168.21.153','sa_family': 'AF_INET','sin_port': '22'}""}, {'name': 'addrlen', 'type': 'int', 'value': 16}]",1,1
487.227012,7555,7555,7548,1001,4026531840,tsm,ip-10-100-1-217,42,connect,[],3,-114,"[{'name': 'sockfd', 'type': 'int', 'value': 85}, {'name': 'addr', 'type': 'struct sockaddr*', 'value': ""{'sa_family': 'AF_INET','sin_port': '22','sin_addr': '192.168.21.154'}""}, {'name': 'addrlen', 'type': 'int', 'value': 16}]",1,1
487.227035,7555,7555,7548,1001,4026531840,tsm,ip-10-100-1-217,42,connect,[],3,-114,"[{'name': 'sockfd', 'type': 'int', 'value': 86}, {'name': 'addr', 'type': 'struct sockaddr*', 'value': ""{'sa_family': 'AF_INET','sin_port': '22','sin_addr': '192.168.21.155'}""}, {'name': 'addrlen', 'type': 'int', 'value': 16}]",1,1
487.227057,7555,7555,7548,1001,4026531840,tsm,ip-10-100-1-217,42,connect,[],3,-114,"[{'name': 'sockfd', 'type': 'int', 'value': 87}, {'name': 'addr', 'type': 'struct sockaddr*', 'value': ""{'sin_addr': '192.168.21.156','sa_family': 'AF_INET','sin_port': '22'}""}, {'name': 'addrlen', 'type': 'int', 'value': 16}]",1,1
487.227079,7555,7555,7548,1001,4026531840,tsm,ip-10-100-1-217,42,connect,[],3,-114,"[{'name': 'sockfd', 'type': 'int', 'value': 88}, {'name': 'addr', 'type': 'struct sockaddr*', 'value': ""{'sa_family': 'AF_INET','sin_port': '22','sin_addr': '192.168.21.157'}""}, {'name': 'addrlen', 'type': 'int', 'value': 16}]",1,1
487.227101,7555,7555,7548,1001,4026531840,tsm,ip-10-100-1-217,42,connect,[],3,-114,"[{'name': 'sockfd', 'type': 'int', 'value': 89}, {'name': 'addr', 'type': 'struct sockaddr*', 'value': ""{'sa_family': 'AF_INET','sin_port': '22','sin_addr': '192.168.21.158'}""}, {'name': 'addrlen', 'type': 'int', 'value': 16}]",1,1
487.227123,7555,7555,7548,1001,4026531840,tsm,ip-10-100-1-217,42,connect,[],3,-114,"[{'name': 'sockfd', 'type': 'int', 'value': 90}, {'name': 'addr', 'type': 'struct sockaddr*', 'value': ""{'sin_port': '22','sin_addr': '192.168.21.159','sa_family': 'AF_INET'}""}, {'name': 'addrlen', 'type': 'int', 'value': 16}]",1,1
487.227145,7555,7555,7548,1001,4026531840,tsm,ip-10-100-1-217,42,connect,[],3,-114,"[{'name': 'sockfd', 'type': 'int', 'value': 91}, {'name': 'addr', 'type': 'struct sockaddr*', 'value': ""{'sa_family': 'AF_INET','sin_port': '22','sin_addr': '192.168.21.160'}""}, {'name': 'addrlen', 'type': 'int', 'value': 16}]",1,1
487.227168,7555,7555,7548,1001,4026531840,tsm,ip-10-100-1-217,42,connect,[],3,-114,"[{'name': 'sockfd', 'type': 'int', 'value': 92}, {'name': 'addr', 'type': 'struct sockaddr*', 'value': ""{'sa_family': 'AF_INET','sin_port': '22','sin_addr': '192.168.21.161'}""}, {'name': 'addrlen', 'type': 'int', 'value': 16}]",1,1
487.22719,7555,7555,7548,1001,4026531840,tsm,ip-10-100-1-217,42,connect,[],3,-114,"[{'name': 'sockfd', 'type': 'int', 'value': 93}, {'name': 'addr', 'type': 'struct sockaddr*', 'value': ""{'sa_family': 'AF_INET','sin_port': '22','sin_addr': '192.168.21.162'}""}, {'name': 'addrlen', 'type': 'int', 'value': 16}]",1,1
487.227212,7555,7555,7548,1001,4026531840,tsm,ip-10-100-1-217,42,connect,[],3,-114,"[{'name': 'sockfd', 'type': 'int', 'value': 94}, {'name': 'addr', 'type': 'struct sockaddr*', 'value': ""{'sa_family': 'AF_INET','sin_port': '22','sin_addr': '192.168.21.163'}""}, {'name': 'addrlen', 'type': 'int', 'value': 16}]",1,1
487.227234,7555,7555,7548,1001,4026531840,tsm,ip-10-100-1-217,42,connect,[],3,-114,"[{'name': 'sockfd', 'type': 'int', 'value': 95}, {'name': 'addr', 'type': 'struct sockaddr*', 'value': ""{'sa_family': 'AF_INET','sin_port': '22','sin_addr': '192.168.21.164'}""}, {'name': 'addrlen', 'type': 'int', 'value': 16}]",1,1
487.227256,7555,7555,7548,1001,4026531840,tsm,ip-10-100-1-217,42,connect,[],3,-114,"[{'name': 'sockfd', 'type': 'int', 'value': 96}, {'name': 'addr', 'type': 'struct sockaddr*', 'value': ""{'sa_family': 'AF_INET','sin_port': '22','sin_addr': '192.168.21.165'}""}, {'name': 'addrlen', 'type': 'int', 'value': 16}]",1,1
487.227278,7555,7555,7548,1001,4026531840,tsm,ip-10-100-1-217,42,connect,[],3,-114,"[{'name': 'sockfd', 'type': 'int', 'value': 97}, {'name': 'addr', 'type': 'struct sockaddr*', 'value': ""{'sin_addr': '192.168.21.166','sa_family': 'AF_INET','sin_port': '22'}""}, {'name': 'addrlen', 'type': 'int', 'value': 16}]",1,1
487.2273,7555,7555,7548,1001,4026531840,tsm,ip-10-100-1-217,42,connect,[],3,-114,"[{'name': 'sockfd', 'type': 'int', 'value': 98}, {'name': 'addr', 'type': 'struct sockaddr*', 'value': ""{'sin_addr': '192.168.21.167','sa_family': 'AF_INET','sin_port': '22'}""}, {'name': 'addrlen', 'type': 'int', 'value': 16}]",1,1
487.227322,7555,7555,7548,1001,4026531840,tsm,ip-10-100-1-217,42,connect,[],3,-114,"[{'name': 'sockfd', 'type': 'int', 'value': 99}, {'name': 'addr', 'type': 'struct sockaddr*', 'value': ""{'sin_addr': '192.168.21.168','sa_family': 'AF_INET','sin_port': '22'}""}, {'name': 'addrlen', 'type': 'int', 'value': 16}]",1,1
487.227344,7555,7555,7548,1001,4026531840,tsm,ip-10-100-1-217,42,connect,[],3,-114,"[{'name': 'sockfd', 'type': 'int', 'value': 100}, {'name': 'addr', 'type': 'struct sockaddr*', 'value': ""{'sa_family': 'AF_INET','sin_port': '22','sin_addr': '192.168.21.169'}""}, {'name': 'addrlen', 'type': 'int', 'value': 16}]",1,1
487.227366,7555,7555,7548,1001,4026531840,tsm,ip-10-100-1-217,42,connect,[],3,-114,"[{'name': 'sockfd', 'type': 'int', 'value': 101}, {'name': 'addr', 'type': 'struct sockaddr*', 'value': ""{'sa_family': 'AF_INET','sin_port': '22','sin_addr': '192.168.21.170'}""}, {'name': 'addrlen', 'type': 'int', 'value': 16}]",1,1
487.227391,7555,7555,7548,1001,4026531840,tsm,ip-10-100-1-217,42,connect,[],3,-114,"[{'name': 'sockfd', 'type': 'int', 'value': 102}, {'name': 'addr', 'type': 'struct sockaddr*', 'value': ""{'sin_port': '22','sin_addr': '192.168.21.171','sa_family': 'AF_INET'}""}, {'name': 'addrlen', 'type': 'int', 'value': 16}]",1,1
487.227413,7555,7555,7548,1001,4026531840,tsm,ip-10-100-1-217,42,connect,[],3,-114,"[{'name': 'sockfd', 'type': 'int', 'value': 103}, {'name': 'addr', 'type': 'struct sockaddr*', 'value': ""{'sin_port': '22','sin_addr': '192.168.21.172','sa_family': 'AF_INET'}""}, {'name': 'addrlen', 'type': 'int', 'value': 16}]",1,1
487.227435,7555,7555,7548,1001,4026531840,tsm,ip-10-100-1-217,42,connect,[],3,-114,"[{'name': 'sockfd', 'type': 'int', 'value': 104}, {'name': 'addr', 'type': 'struct sockaddr*', 'value': ""{'sa_family': 'AF_INET','sin_port': '22','sin_addr': '192.168.21.173'}""}, {'name': 'addrlen', 'type': 'int', 'value': 16}]",1,1
487.227457,7555,7555,7548,1001,4026531840,tsm,ip-10-100-1-217,42,connect,[],3,-114,"[{'name': 'sockfd', 'type': 'int', 'value': 105}, {'name': 'addr', 'type': 'struct sockaddr*', 'value': ""{'sa_family': 'AF_INET','sin_port': '22','sin_addr': '192.168.21.174'}""}, {'name': 'addrlen', 'type': 'int', 'value': 16}]",1,1
487.227479,7555,7555,7548,1001,4026531840,tsm,ip-10-100-1-217,42,connect,[],3,-114,"[{'name': 'sockfd', 'type': 'int', 'value': 106}, {'name': 'addr', 'type': 'struct sockaddr*', 'value': ""{'sa_family': 'AF_INET','sin_port': '22','sin_addr': '192.168.21.175'}""}, {'name': 'addrlen', 'type': 'int', 'value': 16}]",1,1
487.227501,7555,7555,7548,1001,4026531840,tsm,ip-10-100-1-217,42,connect,[],3,-114,"[{'name': 'sockfd', 'type': 'int', 'value': 107}, {'name': 'addr', 'type': 'struct sockaddr*', 'value': ""{'sa_family': 'AF_INET','sin_port': '22','sin_addr': '192.168.21.176'}""}, {'name': 'addrlen', 'type': 'int', 'value': 16}]",1,1
487.227523,7555,7555,7548,1001,4026531840,tsm,ip-10-100-1-217,42,connect,[],3,-114,"[{'name': 'sockfd', 'type': 'int', 'value': 108}, {'name': 'addr', 'type': 'struct sockaddr*', 'value': ""{'sa_family': 'AF_INET','sin_port': '22','sin_addr': '192.168.21.177'}""}, {'name': 'addrlen', 'type': 'int', 'value': 16}]",1,1
487.227547,7555,7555,7548,1001,4026531840,tsm,ip-10-100-1-217,42,connect,[],3,-114,"[{'name': 'sockfd', 'type': 'int', 'value': 109}, {'name': 'addr', 'type': 'struct sockaddr*', 'value': ""{'sa_family': 'AF_INET','sin_port': '22','sin_addr': '192.168.21.178'}""}, {'name': 'addrlen', 'type': 'int', 'value': 16}]",1,1
487.227569,7555,7555,7548,1001,4026531840,tsm,ip-10-100-1-217,42,connect,[],3,-114,"[{'name': 'sockfd', 'type': 'int', 'value': 110}, {'name': 'addr', 'type': 'struct sockaddr*', 'value': ""{'sin_addr': '192.168.21.179','sa_family': 'AF_INET','sin_port': '22'}""}, {'name': 'addrlen', 'type': 'int', 'value': 16}]",1,1
487.227591,7555,7555,7548,1001,4026531840,tsm,ip-10-100-1-217,42,connect,[],3,-114,"[{'name': 'sockfd', 'type': 'int', 'value': 111}, {'name': 'addr', 'type': 'struct sockaddr*', 'value': ""{'sa_family': 'AF_INET','sin_port': '22','sin_addr': '192.168.21.180'}""}, {'name': 'addrlen', 'type': 'int', 'value': 16}]",1,1
487.227614,7555,7555,7548,1001,4026531840,tsm,ip-10-100-1-217,42,connect,[],3,-114,"[{'name': 'sockfd', 'type': 'int', 'value': 112}, {'name': 'addr', 'type': 'struct sockaddr*', 'value': ""{'sa_family': 'AF_INET','sin_port': '22','sin_addr': '192.168.21.181'}""}, {'name': 'addrlen', 'type': 'int', 'value': 16}]",1,1
487.227636,7555,7555,7548,1001,4026531840,tsm,ip-10-100-1-217,42,connect,[],3,-114,"[{'name': 'sockfd', 'type': 'int', 'value': 113}, {'name': 'addr', 'type': 'struct sockaddr*', 'value': ""{'sin_port': '22','sin_addr': '192.168.21.182','sa_family': 'AF_INET'}""}, {'name': 'addrlen', 'type': 'int', 'value': 16}]",1,1
487.227658,7555,7555,7548,1001,4026531840,tsm,ip-10-100-1-217,42,connect,[],3,-114,"[{'name': 'sockfd', 'type': 'int', 'value': 114}, {'name': 'addr', 'type': 'struct sockaddr*', 'value': ""{'sin_port': '22','sin_addr': '192.168.21.183','sa_family': 'AF_INET'}""}, {'name': 'addrlen', 'type': 'int', 'value': 16}]",1,1
487.227679,7555,7555,7548,1001,4026531840,tsm,ip-10-100-1-217,42,connect,[],3,-114,"[{'name': 'sockfd', 'type': 'int', 'value': 115}, {'name': 'addr', 'type': 'struct sockaddr*', 'value': ""{'sa_family': 'AF_INET','sin_port': '22','sin_addr': '192.168.21.184'}""}, {'name': 'addrlen', 'type': 'int', 'value': 16}]",1,1
487.227701,7555,7555,7548,1001,4026531840,tsm,ip-10-100-1-217,42,connect,[],3,-114,"[{'name': 'sockfd', 'type': 'int', 'value': 116}, {'name': 'addr', 'type': 'struct sockaddr*', 'value': ""{'sin_addr': '192.168.21.185','sa_family': 'AF_INET','sin_port': '22'}""}, {'name': 'addrlen', 'type': 'int', 'value': 16}]",1,1
487.227723,7555,7555,7548,1001,4026531840,tsm,ip-10-100-1-217,42,connect,[],3,-114,"[{'name': 'sockfd', 'type': 'int', 'value': 117}, {'name': 'addr', 'type': 'struct sockaddr*', 'value': ""{'sin_addr': '192.168.21.186','sa_family': 'AF_INET','sin_port': '22'}""}, {'name': 'addrlen', 'type': 'int', 'value': 16}]",1,1
487.227745,7555,7555,7548,1001,4026531840,tsm,ip-10-100-1-217,42,connect,[],3,-114,"[{'name': 'sockfd', 'type': 'int', 'value': 118}, {'name': 'addr', 'type': 'struct sockaddr*', 'value': ""{'sa_family': 'AF_INET','sin_port': '22','sin_addr': '192.168.21.187'}""}, {'name': 'addrlen', 'type': 'int', 'value': 16}]",1,1
487.227768,7555,7555,7548,1001,4026531840,tsm,ip-10-100-1-217,42,connect,[],3,-114,"[{'name': 'sockfd', 'type': 'int', 'value': 119}, {'name': 'addr', 'type': 'struct sockaddr*', 'value': ""{'sa_family': 'AF_INET','sin_port': '22','sin_addr': '192.168.21.188'}""}, {'name': 'addrlen', 'type': 'int', 'value': 16}]",1,1
487.22779,7555,7555,7548,1001,4026531840,tsm,ip-10-100-1-217,42,connect,[],3,-114,"[{'name': 'sockfd', 'type': 'int', 'value': 120}, {'name': 'addr', 'type': 'struct sockaddr*', 'value': ""{'sin_addr': '192.168.21.189','sa_family': 'AF_INET','sin_port': '22'}""}, {'name': 'addrlen', 'type': 'int', 'value': 16}]",1,1
487.227812,7555,7555,7548,1001,4026531840,tsm,ip-10-100-1-217,42,connect,[],3,-114,"[{'name': 'sockfd', 'type': 'int', 'value': 121}, {'name': 'addr', 'type': 'struct sockaddr*', 'value': ""{'sa_family': 'AF_INET','sin_port': '22','sin_addr': '192.168.21.190'}""}, {'name': 'addrlen', 'type': 'int', 'value': 16}]",1,1
487.227834,7555,7555,7548,1001,4026531840,tsm,ip-10-100-1-217,42,connect,[],3,-114,"[{'name': 'sockfd', 'type': 'int', 'value': 122}, {'name': 'addr', 'type': 'struct sockaddr*', 'value': ""{'sa_family': 'AF_INET','sin_port': '22','sin_addr': '192.168.21.191'}""}, {'name': 'addrlen', 'type': 'int', 'value': 16}]",1,1
487.227856,7555,7555,7548,1001,4026531840,tsm,ip-10-100-1-217,42,connect,[],3,-114,"[{'name': 'sockfd', 'type': 'int', 'value': 123}, {'name': 'addr', 'type': 'struct sockaddr*', 'value': ""{'sa_family': 'AF_INET','sin_port': '22','sin_addr': '192.168.21.192'}""}, {'name': 'addrlen', 'type': 'int', 'value': 16}]",1,1
487.227878,7555,7555,7548,1001,4026531840,tsm,ip-10-100-1-217,42,connect,[],3,-114,"[{'name': 'sockfd', 'type': 'int', 'value': 124}, {'name': 'addr', 'type': 'struct sockaddr*', 'value': ""{'sa_family': 'AF_INET','sin_port': '22','sin_addr': '192.168.21.193'}""}, {'name': 'addrlen', 'type': 'int', 'value': 16}]",1,1
487.2279,7555,7555,7548,1001,4026531840,tsm,ip-10-100-1-217,42,connect,[],3,-114,"[{'name': 'sockfd', 'type': 'int', 'value': 125}, {'name': 'addr', 'type': 'struct sockaddr*', 'value': ""{'sa_family': 'AF_INET','sin_port': '22','sin_addr': '192.168.21.194'}""}, {'name': 'addrlen', 'type': 'int', 'value': 16}]",1,1
487.227922,7555,7555,7548,1001,4026531840,tsm,ip-10-100-1-217,42,connect,[],3,-114,"[{'name': 'sockfd', 'type': 'int', 'value': 126}, {'name': 'addr', 'type': 'struct sockaddr*', 'value': ""{'sa_family': 'AF_INET','sin_port': '22','sin_addr': '192.168.21.195'}""}, {'name': 'addrlen', 'type': 'int', 'value': 16}]",1,1
487.227943,7555,7555,7548,1001,4026531840,tsm,ip-10-100-1-217,42,connect,[],3,-114,"[{'name': 'sockfd', 'type': 'int', 'value': 127}, {'name': 'addr', 'type': 'struct sockaddr*', 'value': ""{'sa_family': 'AF_INET','sin_port': '22','sin_addr': '192.168.21.196'}""}, {'name': 'addrlen', 'type': 'int', 'value': 16}]",1,1
487.227966,7555,7555,7548,1001,4026531840,tsm,ip-10-100-1-217,42,connect,[],3,-114,"[{'name': 'sockfd', 'type': 'int', 'value': 128}, {'name': 'addr', 'type': 'struct sockaddr*', 'value': ""{'sin_addr': '192.168.21.197','sa_family': 'AF_INET','sin_port': '22'}""}, {'name': 'addrlen', 'type': 'int', 'value': 16}]",1,1
487.227988,7555,7555,7548,1001,4026531840,tsm,ip-10-100-1-217,42,connect,[],3,-114,"[{'name': 'sockfd', 'type': 'int', 'value': 129}, {'name': 'addr', 'type': 'struct sockaddr*', 'value': ""{'sa_family': 'AF_INET','sin_port': '22','sin_addr': '192.168.21.198'}""}, {'name': 'addrlen', 'type': 'int', 'value': 16}]",1,1
487.22801,7555,7555,7548,1001,4026531840,tsm,ip-10-100-1-217,42,connect,[],3,-114,"[{'name': 'sockfd', 'type': 'int', 'value': 130}, {'name': 'addr', 'type': 'struct sockaddr*', 'value': ""{'sin_addr': '192.168.21.199','sa_family': 'AF_INET','sin_port': '22'}""}, {'name': 'addrlen', 'type': 'int', 'value': 16}]",1,1
487.228032,7555,7555,7548,1001,4026531840,tsm,ip-10-100-1-217,42,connect,[],3,-114,"[{'name': 'sockfd', 'type': 'int', 'value': 131}, {'name': 'addr', 'type': 'struct sockaddr*', 'value': ""{'sa_family': 'AF_INET','sin_port': '22','sin_addr': '192.168.21.200'}""}, {'name': 'addrlen', 'type': 'int', 'value': 16}]",1,1
487.228054,7555,7555,7548,1001,4026531840,tsm,ip-10-100-1-217,42,connect,[],3,-114,"[{'name': 'sockfd', 'type': 'int', 'value': 132}, {'name': 'addr', 'type': 'struct sockaddr*', 'value': ""{'sa_family': 'AF_INET','sin_port': '22','sin_addr': '192.168.21.201'}""}, {'name': 'addrlen', 'type': 'int', 'value': 16}]",1,1
487.228076,7555,7555,7548,1001,4026531840,tsm,ip-10-100-1-217,42,connect,[],3,-114,"[{'name': 'sockfd', 'type': 'int', 'value': 133}, {'name': 'addr', 'type': 'struct sockaddr*', 'value': ""{'sin_port': '22','sin_addr': '192.168.21.202','sa_family': 'AF_INET'}""}, {'name': 'addrlen', 'type': 'int', 'value': 16}]",1,1
487.228098,7555,7555,7548,1001,4026531840,tsm,ip-10-100-1-217,42,connect,[],3,-114,"[{'name': 'sockfd', 'type': 'int', 'value': 134}, {'name': 'addr', 'type': 'struct sockaddr*', 'value': ""{'sa_family': 'AF_INET','sin_port': '22','sin_addr': '192.168.21.203'}""}, {'name': 'addrlen', 'type': 'int', 'value': 16}]",1,1
487.22812,7555,7555,7548,1001,4026531840,tsm,ip-10-100-1-217,42,connect,[],3,-114,"[{'name': 'sockfd', 'type': 'int', 'value': 135}, {'name': 'addr', 'type': 'struct sockaddr*', 'value': ""{'sin_addr': '192.168.21.204','sa_family': 'AF_INET','sin_port': '22'}""}, {'name': 'addrlen', 'type': 'int', 'value': 16}]",1,1
487.228142,7555,7555,7548,1001,4026531840,tsm,ip-10-100-1-217,42,connect,[],3,-114,"[{'name': 'sockfd', 'type': 'int', 'value': 136}, {'name': 'addr', 'type': 'struct sockaddr*', 'value': ""{'sin_port': '22','sin_addr': '192.168.21.205','sa_family': 'AF_INET'}""}, {'name': 'addrlen', 'type': 'int', 'value': 16}]",1,1
487.228164,7555,7555,7548,1001,4026531840,tsm,ip-10-100-1-217,42,connect,[],3,-114,"[{'name': 'sockfd', 'type': 'int', 'value': 137}, {'name': 'addr', 'type': 'struct sockaddr*', 'value': ""{'sin_addr': '192.168.21.206','sa_family': 'AF_INET','sin_port': '22'}""}, {'name': 'addrlen', 'type': 'int', 'value': 16}]",1,1
487.228186,7555,7555,7548,1001,4026531840,tsm,ip-10-100-1-217,42,connect,[],3,-114,"[{'name': 'sockfd', 'type': 'int', 'value': 138}, {'name': 'addr', 'type': 'struct sockaddr*', 'value': ""{'sa_family': 'AF_INET','sin_port': '22','sin_addr': '192.168.21.207'}""}, {'name': 'addrlen', 'type': 'int', 'value': 16}]",1,1
487.228208,7555,7555,7548,1001,4026531840,tsm,ip-10-100-1-217,42,connect,[],3,-114,"[{'name': 'sockfd', 'type': 'int', 'value': 139}, {'name': 'addr', 'type': 'struct sockaddr*', 'value': ""{'sa_family': 'AF_INET','sin_port': '22','sin_addr': '192.168.21.208'}""}, {'name': 'addrlen', 'type': 'int', 'value': 16}]",1,1
487.22823,7555,7555,7548,1001,4026531840,tsm,ip-10-100-1-217,42,connect,[],3,-114,"[{'name': 'sockfd', 'type': 'int', 'value': 140}, {'name': 'addr', 'type': 'struct sockaddr*', 'value': ""{'sin_addr': '192.168.21.209','sa_family': 'AF_INET','sin_port': '22'}""}, {'name': 'addrlen', 'type': 'int', 'value': 16}]",1,1
487.228252,7555,7555,7548,1001,4026531840,tsm,ip-10-100-1-217,42,connect,[],3,-114,"[{'name': 'sockfd', 'type': 'int', 'value': 141}, {'name': 'addr', 'type': 'struct sockaddr*', 'value': ""{'sa_family': 'AF_INET','sin_port': '22','sin_addr': '192.168.21.210'}""}, {'name': 'addrlen', 'type': 'int', 'value': 16}]",1,1
487.228274,7555,7555,7548,1001,4026531840,tsm,ip-10-100-1-217,42,connect,[],3,-114,"[{'name': 'sockfd', 'type': 'int', 'value': 142}, {'name': 'addr', 'type': 'struct sockaddr*', 'value': ""{'sin_addr': '192.168.21.211','sa_family': 'AF_INET','sin_port': '22'}""}, {'name': 'addrlen', 'type': 'int', 'value': 16}]",1,1
487.228296,7555,7555,7548,1001,4026531840,tsm,ip-10-100-1-217,42,connect,[],3,-114,"[{'name': 'sockfd', 'type': 'int', 'value': 143}, {'name': 'addr', 'type': 'struct sockaddr*', 'value': ""{'sa_family': 'AF_INET','sin_port': '22','sin_addr': '192.168.21.212'}""}, {'name': 'addrlen', 'type': 'int', 'value': 16}]",1,1
487.228318,7555,7555,7548,1001,4026531840,tsm,ip-10-100-1-217,42,connect,[],3,-114,"[{'name': 'sockfd', 'type': 'int', 'value': 144}, {'name': 'addr', 'type': 'struct sockaddr*', 'value': ""{'sa_family': 'AF_INET','sin_port': '22','sin_addr': '192.168.21.213'}""}, {'name': 'addrlen', 'type': 'int', 'value': 16}]",1,1
487.22834,7555,7555,7548,1001,4026531840,tsm,ip-10-100-1-217,42,connect,[],3,-114,"[{'name': 'sockfd', 'type': 'int', 'value': 145}, {'name': 'addr', 'type': 'struct sockaddr*', 'value': ""{'sa_family': 'AF_INET','sin_port': '22','sin_addr': '192.168.21.214'}""}, {'name': 'addrlen', 'type': 'int', 'value': 16}]",1,1
487.228362,7555,7555,7548,1001,4026531840,tsm,ip-10-100-1-217,42,connect,[],3,-114,"[{'name': 'sockfd', 'type': 'int', 'value': 146}, {'name': 'addr', 'type': 'struct sockaddr*', 'value': ""{'sa_family': 'AF_INET','sin_port': '22','sin_addr': '192.168.21.215'}""}, {'name': 'addrlen', 'type': 'int', 'value': 16}]",1,1
487.228384,7555,7555,7548,1001,4026531840,tsm,ip-10-100-1-217,42,connect,[],3,-114,"[{'name': 'sockfd', 'type': 'int', 'value': 147}, {'name': 'addr', 'type': 'struct sockaddr*', 'value': ""{'sa_family': 'AF_INET','sin_port': '22','sin_addr': '192.168.21.216'}""}, {'name': 'addrlen', 'type': 'int', 'value': 16}]",1,1
487.228406,7555,7555,7548,1001,4026531840,tsm,ip-10-100-1-217,42,connect,[],3,-114,"[{'name': 'sockfd', 'type': 'int', 'value': 148}, {'name': 'addr', 'type': 'struct sockaddr*', 'value': ""{'sa_family': 'AF_INET','sin_port': '22','sin_addr': '192.168.21.217'}""}, {'name': 'addrlen', 'type': 'int', 'value': 16}]",1,1
487.228428,7555,7555,7548,1001,4026531840,tsm,ip-10-100-1-217,42,connect,[],3,-114,"[{'name': 'sockfd', 'type': 'int', 'value': 149}, {'name': 'addr', 'type': 'struct sockaddr*', 'value': ""{'sa_family': 'AF_INET','sin_port': '22','sin_addr': '192.168.21.218'}""}, {'name': 'addrlen', 'type': 'int', 'value': 16}]",1,1
487.22845,7555,7555,7548,1001,4026531840,tsm,ip-10-100-1-217,42,connect,[],3,-114,"[{'name': 'sockfd', 'type': 'int', 'value': 150}, {'name': 'addr', 'type': 'struct sockaddr*', 'value': ""{'sin_addr': '192.168.21.219','sa_family': 'AF_INET','sin_port': '22'}""}, {'name': 'addrlen', 'type': 'int', 'value': 16}]",1,1
487.228472,7555,7555,7548,1001,4026531840,tsm,ip-10-100-1-217,42,connect,[],3,-114,"[{'name': 'sockfd', 'type': 'int', 'value': 151}, {'name': 'addr', 'type': 'struct sockaddr*', 'value': ""{'sa_family': 'AF_INET','sin_port': '22','sin_addr': '192.168.21.220'}""}, {'name': 'addrlen', 'type': 'int', 'value': 16}]",1,1
487.228494,7555,7555,7548,1001,4026531840,tsm,ip-10-100-1-217,42,connect,[],3,-114,"[{'name': 'sockfd', 'type': 'int', 'value': 152}, {'name': 'addr', 'type': 'struct sockaddr*', 'value': ""{'sin_port': '22','sin_addr': '192.168.21.221','sa_family': 'AF_INET'}""}, {'name': 'addrlen', 'type': 'int', 'value': 16}]",1,1
487.228517,7555,7555,7548,1001,4026531840,tsm,ip-10-100-1-217,42,connect,[],3,-114,"[{'name': 'sockfd', 'type': 'int', 'value': 153}, {'name': 'addr', 'type': 'struct sockaddr*', 'value': ""{'sin_addr': '192.168.21.222','sa_family': 'AF_INET','sin_port': '22'}""}, {'name': 'addrlen', 'type': 'int', 'value': 16}]",1,1
487.228539,7555,7555,7548,1001,4026531840,tsm,ip-10-100-1-217,42,connect,[],3,-114,"[{'name': 'sockfd', 'type': 'int', 'value': 154}, {'name': 'addr', 'type': 'struct sockaddr*', 'value': ""{'sa_family': 'AF_INET','sin_port': '22','sin_addr': '192.168.21.223'}""}, {'name': 'addrlen', 'type': 'int', 'value': 16}]",1,1
487.228561,7555,7555,7548,1001,4026531840,tsm,ip-10-100-1-217,42,connect,[],3,-114,"[{'name': 'sockfd', 'type': 'int', 'value': 155}, {'name': 'addr', 'type': 'struct sockaddr*', 'value': ""{'sin_port': '22','sin_addr': '192.168.21.224','sa_family': 'AF_INET'}""}, {'name': 'addrlen', 'type': 'int', 'value': 16}]",1,1
487.228583,7555,7555,7548,1001,4026531840,tsm,ip-10-100-1-217,42,connect,[],3,-114,"[{'name': 'sockfd', 'type': 'int', 'value': 156}, {'name': 'addr', 'type': 'struct sockaddr*', 'value': ""{'sa_family': 'AF_INET','sin_port': '22','sin_addr': '192.168.21.225'}""}, {'name': 'addrlen', 'type': 'int', 'value': 16}]",1,1
487.228604,7555,7555,7548,1001,4026531840,tsm,ip-10-100-1-217,42,connect,[],3,-114,"[{'name': 'sockfd', 'type': 'int', 'value': 157}, {'name': 'addr', 'type': 'struct sockaddr*', 'value': ""{'sa_family': 'AF_INET','sin_port': '22','sin_addr': '192.168.21.226'}""}, {'name': 'addrlen', 'type': 'int', 'value': 16}]",1,1
487.228626,7555,7555,7548,1001,4026531840,tsm,ip-10-100-1-217,42,connect,[],3,-114,"[{'name': 'sockfd', 'type': 'int', 'value': 158}, {'name': 'addr', 'type': 'struct sockaddr*', 'value': ""{'sa_family': 'AF_INET','sin_port': '22','sin_addr': '192.168.21.227'}""}, {'name': 'addrlen', 'type': 'int', 'value': 16}]",1,1
487.228649,7555,7555,7548,1001,4026531840,tsm,ip-10-100-1-217,42,connect,[],3,-114,"[{'name': 'sockfd', 'type': 'int', 'value': 159}, {'name': 'addr', 'type': 'struct sockaddr*', 'value': ""{'sa_family': 'AF_INET','sin_port': '22','sin_addr': '192.168.21.228'}""}, {'name': 'addrlen', 'type': 'int', 'value': 16}]",1,1
487.228671,7555,7555,7548,1001,4026531840,tsm,ip-10-100-1-217,42,connect,[],3,-114,"[{'name': 'sockfd', 'type': 'int', 'value': 160}, {'name': 'addr', 'type': 'struct sockaddr*', 'value': ""{'sa_family': 'AF_INET','sin_port': '22','sin_addr': '192.168.21.229'}""}, {'name': 'addrlen', 'type': 'int', 'value': 16}]",1,1
487.228693,7555,7555,7548,1001,4026531840,tsm,ip-10-100-1-217,42,connect,[],3,-114,"[{'name': 'sockfd', 'type': 'int', 'value': 161}, {'name': 'addr', 'type': 'struct sockaddr*', 'value': ""{'sa_family': 'AF_INET','sin_port': '22','sin_addr': '192.168.21.230'}""}, {'name': 'addrlen', 'type': 'int', 'value': 16}]",1,1
487.228715,7555,7555,7548,1001,4026531840,tsm,ip-10-100-1-217,42,connect,[],3,-114,"[{'name': 'sockfd', 'type': 'int', 'value': 162}, {'name': 'addr', 'type': 'struct sockaddr*', 'value': ""{'sin_port': '22','sin_addr': '192.168.21.231','sa_family': 'AF_INET'}""}, {'name': 'addrlen', 'type': 'int', 'value': 16}]",1,1
487.228736,7555,7555,7548,1001,4026531840,tsm,ip-10-100-1-217,42,connect,[],3,-114,"[{'name': 'sockfd', 'type': 'int', 'value': 163}, {'name': 'addr', 'type': 'struct sockaddr*', 'value': ""{'sa_family': 'AF_INET','sin_port': '22','sin_addr': '192.168.21.232'}""}, {'name': 'addrlen', 'type': 'int', 'value': 16}]",1,1
487.228758,7555,7555,7548,1001,4026531840,tsm,ip-10-100-1-217,42,connect,[],3,-114,"[{'name': 'sockfd', 'type': 'int', 'value': 164}, {'name': 'addr', 'type': 'struct sockaddr*', 'value': ""{'sin_addr': '192.168.21.233','sa_family': 'AF_INET','sin_port': '22'}""}, {'name': 'addrlen', 'type': 'int', 'value': 16}]",1,1
487.22878,7555,7555,7548,1001,4026531840,tsm,ip-10-100-1-217,42,connect,[],3,-114,"[{'name': 'sockfd', 'type': 'int', 'value': 165}, {'name': 'addr', 'type': 'struct sockaddr*', 'value': ""{'sa_family': 'AF_INET','sin_port': '22','sin_addr': '192.168.21.234'}""}, {'name': 'addrlen', 'type': 'int', 'value': 16}]",1,1
487.228802,7555,7555,7548,1001,4026531840,tsm,ip-10-100-1-217,42,connect,[],3,-114,"[{'name': 'sockfd', 'type': 'int', 'value': 166}, {'name': 'addr', 'type': 'struct sockaddr*', 'value': ""{'sa_family': 'AF_INET','sin_port': '22','sin_addr': '192.168.21.235'}""}, {'name': 'addrlen', 'type': 'int', 'value': 16}]",1,1
487.228824,7555,7555,7548,1001,4026531840,tsm,ip-10-100-1-217,42,connect,[],3,-114,"[{'name': 'sockfd', 'type': 'int', 'value': 167}, {'name': 'addr', 'type': 'struct sockaddr*', 'value': ""{'sa_family': 'AF_INET','sin_port': '22','sin_addr': '192.168.21.236'}""}, {'name': 'addrlen', 'type': 'int', 'value': 16}]",1,1
487.228846,7555,7555,7548,1001,4026531840,tsm,ip-10-100-1-217,42,connect,[],3,-114,"[{'name': 'sockfd', 'type': 'int', 'value': 168}, {'name': 'addr', 'type': 'struct sockaddr*', 'value': ""{'sa_family': 'AF_INET','sin_port': '22','sin_addr': '192.168.21.237'}""}, {'name': 'addrlen', 'type': 'int', 'value': 16}]",1,1
487.228868,7555,7555,7548,1001,4026531840,tsm,ip-10-100-1-217,42,connect,[],3,-114,"[{'name': 'sockfd', 'type': 'int', 'value': 169}, {'name': 'addr', 'type': 'struct sockaddr*', 'value': ""{'sa_family': 'AF_INET','sin_port': '22','sin_addr': '192.168.21.238'}""}, {'name': 'addrlen', 'type': 'int', 'value': 16}]",1,1
487.22889,7555,7555,7548,1001,4026531840,tsm,ip-10-100-1-217,42,connect,[],3,-114,"[{'name': 'sockfd', 'type': 'int', 'value': 170}, {'name': 'addr', 'type': 'struct sockaddr*', 'value': ""{'sin_port': '22','sin_addr': '192.168.21.239','sa_family': 'AF_INET'}""}, {'name': 'addrlen', 'type': 'int', 'value': 16}]",1,1
487.228912,7555,7555,7548,1001,4026531840,tsm,ip-10-100-1-217,42,connect,[],3,-114,"[{'name': 'sockfd', 'type': 'int', 'value': 171}, {'name': 'addr', 'type': 'struct sockaddr*', 'value': ""{'sa_family': 'AF_INET','sin_port': '22','sin_addr': '192.168.21.240'}""}, {'name': 'addrlen', 'type': 'int', 'value': 16}]",1,1
487.228937,7555,7555,7548,1001,4026531840,tsm,ip-10-100-1-217,42,connect,[],3,-114,"[{'name': 'sockfd', 'type': 'int', 'value': 172}, {'name': 'addr', 'type': 'struct sockaddr*', 'value': ""{'sa_family': 'AF_INET','sin_port': '22','sin_addr': '192.168.21.241'}""}, {'name': 'addrlen', 'type': 'int', 'value': 16}]",1,1
487.228959,7555,7555,7548,1001,4026531840,tsm,ip-10-100-1-217,42,connect,[],3,-114,"[{'name': 'sockfd', 'type': 'int', 'value': 173}, {'name': 'addr', 'type': 'struct sockaddr*', 'value': ""{'sa_family': 'AF_INET','sin_port': '22','sin_addr': '192.168.21.242'}""}, {'name': 'addrlen', 'type': 'int', 'value': 16}]",1,1
487.228981,7555,7555,7548,1001,4026531840,tsm,ip-10-100-1-217,42,connect,[],3,-114,"[{'name': 'sockfd', 'type': 'int', 'value': 174}, {'name': 'addr', 'type': 'struct sockaddr*', 'value': ""{'sin_port': '22','sin_addr': '192.168.21.243','sa_family': 'AF_INET'}""}, {'name': 'addrlen', 'type': 'int', 'value': 16}]",1,1
487.229003,7555,7555,7548,1001,4026531840,tsm,ip-10-100-1-217,42,connect,[],3,-114,"[{'name': 'sockfd', 'type': 'int', 'value': 175}, {'name': 'addr', 'type': 'struct sockaddr*', 'value': ""{'sa_family': 'AF_INET','sin_port': '22','sin_addr': '192.168.21.244'}""}, {'name': 'addrlen', 'type': 'int', 'value': 16}]",1,1
487.229025,7555,7555,7548,1001,4026531840,tsm,ip-10-100-1-217,42,connect,[],3,-114,"[{'name': 'sockfd', 'type': 'int', 'value': 176}, {'name': 'addr', 'type': 'struct sockaddr*', 'value': ""{'sin_port': '22','sin_addr': '192.168.21.245','sa_family': 'AF_INET'}""}, {'name': 'addrlen', 'type': 'int', 'value': 16}]",1,1
487.229047,7555,7555,7548,1001,4026531840,tsm,ip-10-100-1-217,42,connect,[],3,-114,"[{'name': 'sockfd', 'type': 'int', 'value': 177}, {'name': 'addr', 'type': 'struct sockaddr*', 'value': ""{'sa_family': 'AF_INET','sin_port': '22','sin_addr': '192.168.18.211'}""}, {'name': 'addrlen', 'type': 'int', 'value': 16}]",1,1
487.229069,7555,7555,7548,1001,4026531840,tsm,ip-10-100-1-217,42,connect,[],3,-114,"[{'name': 'sockfd', 'type': 'int', 'value': 178}, {'name': 'addr', 'type': 'struct sockaddr*', 'value': ""{'sa_family': 'AF_INET','sin_port': '22','sin_addr': '192.168.18.212'}""}, {'name': 'addrlen', 'type': 'int', 'value': 16}]",1,1
487.229091,7555,7555,7548,1001,4026531840,tsm,ip-10-100-1-217,42,connect,[],3,-114,"[{'name': 'sockfd', 'type': 'int', 'value': 179}, {'name': 'addr', 'type': 'struct sockaddr*', 'value': ""{'sa_family': 'AF_INET','sin_port': '22','sin_addr': '192.168.18.213'}""}, {'name': 'addrlen', 'type': 'int', 'value': 16}]",1,1
487.229113,7555,7555,7548,1001,4026531840,tsm,ip-10-100-1-217,42,connect,[],3,-114,"[{'name': 'sockfd', 'type': 'int', 'value': 180}, {'name': 'addr', 'type': 'struct sockaddr*', 'value': ""{'sin_addr': '192.168.18.214','sa_family': 'AF_INET','sin_port': '22'}""}, {'name': 'addrlen', 'type': 'int', 'value': 16}]",1,1
487.229135,7555,7555,7548,1001,4026531840,tsm,ip-10-100-1-217,42,connect,[],3,-114,"[{'name': 'sockfd', 'type': 'int', 'value': 181}, {'name': 'addr', 'type': 'struct sockaddr*', 'value': ""{'sin_port': '22','sin_addr': '192.168.18.215','sa_family': 'AF_INET'}""}, {'name': 'addrlen', 'type': 'int', 'value': 16}]",1,1
487.229157,7555,7555,7548,1001,4026531840,tsm,ip-10-100-1-217,42,connect,[],3,-114,"[{'name': 'sockfd', 'type': 'int', 'value': 182}, {'name': 'addr', 'type': 'struct sockaddr*', 'value': ""{'sa_family': 'AF_INET','sin_port': '22','sin_addr': '192.168.18.216'}""}, {'name': 'addrlen', 'type': 'int', 'value': 16}]",1,1
487.229179,7555,7555,7548,1001,4026531840,tsm,ip-10-100-1-217,42,connect,[],3,-114,"[{'name': 'sockfd', 'type': 'int', 'value': 183}, {'name': 'addr', 'type': 'struct sockaddr*', 'value': ""{'sa_family': 'AF_INET','sin_port': '22','sin_addr': '192.168.18.217'}""}, {'name': 'addrlen', 'type': 'int', 'value': 16}]",1,1
487.229201,7555,7555,7548,1001,4026531840,tsm,ip-10-100-1-217,42,connect,[],3,-114,"[{'name': 'sockfd', 'type': 'int', 'value': 184}, {'name': 'addr', 'type': 'struct sockaddr*', 'value': ""{'sa_family': 'AF_INET','sin_port': '22','sin_addr': '192.168.18.218'}""}, {'name': 'addrlen', 'type': 'int', 'value': 16}]",1,1
487.229223,7555,7555,7548,1001,4026531840,tsm,ip-10-100-1-217,42,connect,[],3,-114,"[{'name': 'sockfd', 'type': 'int', 'value': 185}, {'name': 'addr', 'type': 'struct sockaddr*', 'value': ""{'sin_addr': '192.168.18.219','sa_family': 'AF_INET','sin_port': '22'}""}, {'name': 'addrlen', 'type': 'int', 'value': 16}]",1,1
487.229245,7555,7555,7548,1001,4026531840,tsm,ip-10-100-1-217,42,connect,[],3,-114,"[{'name': 'sockfd', 'type': 'int', 'value': 186}, {'name': 'addr', 'type': 'struct sockaddr*', 'value': ""{'sa_family': 'AF_INET','sin_port': '22','sin_addr': '192.168.18.220'}""}, {'name': 'addrlen', 'type': 'int', 'value': 16}]",1,1
487.229267,7555,7555,7548,1001,4026531840,tsm,ip-10-100-1-217,42,connect,[],3,-114,"[{'name': 'sockfd', 'type': 'int', 'value': 187}, {'name': 'addr', 'type': 'struct sockaddr*', 'value': ""{'sa_family': 'AF_INET','sin_port': '22','sin_addr': '192.168.18.221'}""}, {'name': 'addrlen', 'type': 'int', 'value': 16}]",1,1
487.229289,7555,7555,7548,1001,4026531840,tsm,ip-10-100-1-217,42,connect,[],3,-114,"[{'name': 'sockfd', 'type': 'int', 'value': 188}, {'name': 'addr', 'type': 'struct sockaddr*', 'value': ""{'sa_family': 'AF_INET','sin_port': '22','sin_addr': '192.168.18.222'}""}, {'name': 'addrlen', 'type': 'int', 'value': 16}]",1,1
487.229312,7555,7555,7548,1001,4026531840,tsm,ip-10-100-1-217,42,connect,[],3,-114,"[{'name': 'sockfd', 'type': 'int', 'value': 189}, {'name': 'addr', 'type': 'struct sockaddr*', 'value': ""{'sa_family': 'AF_INET','sin_port': '22','sin_addr': '192.168.18.223'}""}, {'name': 'addrlen', 'type': 'int', 'value': 16}]",1,1
487.229334,7555,7555,7548,1001,4026531840,tsm,ip-10-100-1-217,42,connect,[],3,-114,"[{'name': 'sockfd', 'type': 'int', 'value': 190}, {'name': 'addr', 'type': 'struct sockaddr*', 'value': ""{'sa_family': 'AF_INET','sin_port': '22','sin_addr': '192.168.18.224'}""}, {'name': 'addrlen', 'type': 'int', 'value': 16}]",1,1
487.229356,7555,7555,7548,1001,4026531840,tsm,ip-10-100-1-217,42,connect,[],3,-114,"[{'name': 'sockfd', 'type': 'int', 'value': 191}, {'name': 'addr', 'type': 'struct sockaddr*', 'value': ""{'sin_addr': '192.168.18.225','sa_family': 'AF_INET','sin_port': '22'}""}, {'name': 'addrlen', 'type': 'int', 'value': 16}]",1,1
487.229378,7555,7555,7548,1001,4026531840,tsm,ip-10-100-1-217,42,connect,[],3,-114,"[{'name': 'sockfd', 'type': 'int', 'value': 192}, {'name': 'addr', 'type': 'struct sockaddr*', 'value': ""{'sa_family': 'AF_INET','sin_port': '22','sin_addr': '192.168.18.226'}""}, {'name': 'addrlen', 'type': 'int', 'value': 16}]",1,1
487.2294,7555,7555,7548,1001,4026531840,tsm,ip-10-100-1-217,42,connect,[],3,-114,"[{'name': 'sockfd', 'type': 'int', 'value': 193}, {'name': 'addr', 'type': 'struct sockaddr*', 'value': ""{'sa_family': 'AF_INET','sin_port': '22','sin_addr': '192.168.18.227'}""}, {'name': 'addrlen', 'type': 'int', 'value': 16}]",1,1
487.229422,7555,7555,7548,1001,4026531840,tsm,ip-10-100-1-217,42,connect,[],3,-114,"[{'name': 'sockfd', 'type': 'int', 'value': 194}, {'name': 'addr', 'type': 'struct sockaddr*', 'value': ""{'sa_family': 'AF_INET','sin_port': '22','sin_addr': '192.168.18.228'}""}, {'name': 'addrlen', 'type': 'int', 'value': 16}]",1,1
487.229444,7555,7555,7548,1001,4026531840,tsm,ip-10-100-1-217,42,connect,[],3,-114,"[{'name': 'sockfd', 'type': 'int', 'value': 195}, {'name': 'addr', 'type': 'struct sockaddr*', 'value': ""{'sa_family': 'AF_INET','sin_port': '22','sin_addr': '192.168.18.229'}""}, {'name': 'addrlen', 'type': 'int', 'value': 16}]",1,1
487.229466,7555,7555,7548,1001,4026531840,tsm,ip-10-100-1-217,42,connect,[],3,-114,"[{'name': 'sockfd', 'type': 'int', 'value': 196}, {'name': 'addr', 'type': 'struct sockaddr*', 'value': ""{'sa_family': 'AF_INET','sin_port': '22','sin_addr': '192.168.18.230'}""}, {'name': 'addrlen', 'type': 'int', 'value': 16}]",1,1
487.229488,7555,7555,7548,1001,4026531840,tsm,ip-10-100-1-217,42,connect,[],3,-114,"[{'name': 'sockfd', 'type': 'int', 'value': 197}, {'name': 'addr', 'type': 'struct sockaddr*', 'value': ""{'sa_family': 'AF_INET','sin_port': '22','sin_addr': '192.168.18.231'}""}, {'name': 'addrlen', 'type': 'int', 'value': 16}]",1,1
487.22951,7555,7555,7548,1001,4026531840,tsm,ip-10-100-1-217,42,connect,[],3,-114,"[{'name': 'sockfd', 'type': 'int', 'value': 198}, {'name': 'addr', 'type': 'struct sockaddr*', 'value': ""{'sa_family': 'AF_INET','sin_port': '22','sin_addr': '192.168.18.232'}""}, {'name': 'addrlen', 'type': 'int', 'value': 16}]",1,1
487.229532,7555,7555,7548,1001,4026531840,tsm,ip-10-100-1-217,42,connect,[],3,-114,"[{'name': 'sockfd', 'type': 'int', 'value': 199}, {'name': 'addr', 'type': 'struct sockaddr*', 'value': ""{'sa_family': 'AF_INET','sin_port': '22','sin_addr': '192.168.18.233'}""}, {'name': 'addrlen', 'type': 'int', 'value': 16}]",1,1
487.229554,7555,7555,7548,1001,4026531840,tsm,ip-10-100-1-217,42,connect,[],3,-114,"[{'name': 'sockfd', 'type': 'int', 'value': 200}, {'name': 'addr', 'type': 'struct sockaddr*', 'value': ""{'sa_family': 'AF_INET','sin_port': '22','sin_addr': '192.168.18.234'}""}, {'name': 'addrlen', 'type': 'int', 'value': 16}]",1,1
487.229576,7555,7555,7548,1001,4026531840,tsm,ip-10-100-1-217,42,connect,[],3,-114,"[{'name': 'sockfd', 'type': 'int', 'value': 201}, {'name': 'addr', 'type': 'struct sockaddr*', 'value': ""{'sa_family': 'AF_INET','sin_port': '22','sin_addr': '192.168.18.235'}""}, {'name': 'addrlen', 'type': 'int', 'value': 16}]",1,1
487.229598,7555,7555,7548,1001,4026531840,tsm,ip-10-100-1-217,42,connect,[],3,-114,"[{'name': 'sockfd', 'type': 'int', 'value': 202}, {'name': 'addr', 'type': 'struct sockaddr*', 'value': ""{'sa_family': 'AF_INET','sin_port': '22','sin_addr': '192.168.18.236'}""}, {'name': 'addrlen', 'type': 'int', 'value': 16}]",1,1
487.229621,7555,7555,7548,1001,4026531840,tsm,ip-10-100-1-217,42,connect,[],3,-114,"[{'name': 'sockfd', 'type': 'int', 'value': 203}, {'name': 'addr', 'type': 'struct sockaddr*', 'value': ""{'sin_port': '22','sin_addr': '192.168.18.237','sa_family': 'AF_INET'}""}, {'name': 'addrlen', 'type': 'int', 'value': 16}]",1,1
487.229643,7555,7555,7548,1001,4026531840,tsm,ip-10-100-1-217,42,connect,[],3,-114,"[{'name': 'sockfd', 'type': 'int', 'value': 204}, {'name': 'addr', 'type': 'struct sockaddr*', 'value': ""{'sa_family': 'AF_INET','sin_port': '22','sin_addr': '192.168.18.238'}""}, {'name': 'addrlen', 'type': 'int', 'value': 16}]",1,1
487.229665,7555,7555,7548,1001,4026531840,tsm,ip-10-100-1-217,42,connect,[],3,-114,"[{'name': 'sockfd', 'type': 'int', 'value': 205}, {'name': 'addr', 'type': 'struct sockaddr*', 'value': ""{'sa_family': 'AF_INET','sin_port': '22','sin_addr': '192.168.18.239'}""}, {'name': 'addrlen', 'type': 'int', 'value': 16}]",1,1
487.229686,7555,7555,7548,1001,4026531840,tsm,ip-10-100-1-217,42,connect,[],3,-114,"[{'name': 'sockfd', 'type': 'int', 'value': 206}, {'name': 'addr', 'type': 'struct sockaddr*', 'value': ""{'sa_family': 'AF_INET','sin_port': '22','sin_addr': '192.168.18.240'}""}, {'name': 'addrlen', 'type': 'int', 'value': 16}]",1,1
487.229708,7555,7555,7548,1001,4026531840,tsm,ip-10-100-1-217,42,connect,[],3,-114,"[{'name': 'sockfd', 'type': 'int', 'value': 207}, {'name': 'addr', 'type': 'struct sockaddr*', 'value': ""{'sin_addr': '192.168.18.241','sa_family': 'AF_INET','sin_port': '22'}""}, {'name': 'addrlen', 'type': 'int', 'value': 16}]",1,1
487.22973,7555,7555,7548,1001,4026531840,tsm,ip-10-100-1-217,42,connect,[],3,-114,"[{'name': 'sockfd', 'type': 'int', 'value': 208}, {'name': 'addr', 'type': 'struct sockaddr*', 'value': ""{'sa_family': 'AF_INET','sin_port': '22','sin_addr': '192.168.18.242'}""}, {'name': 'addrlen', 'type': 'int', 'value': 16}]",1,1
487.229752,7555,7555,7548,1001,4026531840,tsm,ip-10-100-1-217,42,connect,[],3,-114,"[{'name': 'sockfd', 'type': 'int', 'value': 209}, {'name': 'addr', 'type': 'struct sockaddr*', 'value': ""{'sa_family': 'AF_INET','sin_port': '22','sin_addr': '192.168.18.243'}""}, {'name': 'addrlen', 'type': 'int', 'value': 16}]",1,1
487.229774,7555,7555,7548,1001,4026531840,tsm,ip-10-100-1-217,42,connect,[],3,-114,"[{'name': 'sockfd', 'type': 'int', 'value': 210}, {'name': 'addr', 'type': 'struct sockaddr*', 'value': ""{'sin_addr': '192.168.18.244','sa_family': 'AF_INET','sin_port': '22'}""}, {'name': 'addrlen', 'type': 'int', 'value': 16}]",1,1
487.229796,7555,7555,7548,1001,4026531840,tsm,ip-10-100-1-217,42,connect,[],3,-114,"[{'name': 'sockfd', 'type': 'int', 'value': 211}, {'name': 'addr', 'type': 'struct sockaddr*', 'value': ""{'sa_family': 'AF_INET','sin_port': '22','sin_addr': '192.168.18.245'}""}, {'name': 'addrlen', 'type': 'int', 'value': 16}]",1,1
487.229818,7555,7555,7548,1001,4026531840,tsm,ip-10-100-1-217,42,connect,[],3,-114,"[{'name': 'sockfd', 'type': 'int', 'value': 212}, {'name': 'addr', 'type': 'struct sockaddr*', 'value': ""{'sa_family': 'AF_INET','sin_port': '22','sin_addr': '192.168.18.246'}""}, {'name': 'addrlen', 'type': 'int', 'value': 16}]",1,1
487.22984,7555,7555,7548,1001,4026531840,tsm,ip-10-100-1-217,42,connect,[],3,-114,"[{'name': 'sockfd', 'type': 'int', 'value': 213}, {'name': 'addr', 'type': 'struct sockaddr*', 'value': ""{'sa_family': 'AF_INET','sin_port': '22','sin_addr': '192.168.18.247'}""}, {'name': 'addrlen', 'type': 'int', 'value': 16}]",1,1
487.229862,7555,7555,7548,1001,4026531840,tsm,ip-10-100-1-217,42,connect,[],3,-114,"[{'name': 'sockfd', 'type': 'int', 'value': 214}, {'name': 'addr', 'type': 'struct sockaddr*', 'value': ""{'sa_family': 'AF_INET','sin_port': '22','sin_addr': '192.168.18.248'}""}, {'name': 'addrlen', 'type': 'int', 'value': 16}]",1,1
487.229884,7555,7555,7548,1001,4026531840,tsm,ip-10-100-1-217,42,connect,[],3,-114,"[{'name': 'sockfd', 'type': 'int', 'value': 215}, {'name': 'addr', 'type': 'struct sockaddr*', 'value': ""{'sa_family': 'AF_INET','sin_port': '22','sin_addr': '192.168.18.249'}""}, {'name': 'addrlen', 'type': 'int', 'value': 16}]",1,1
487.229906,7555,7555,7548,1001,4026531840,tsm,ip-10-100-1-217,42,connect,[],3,-114,"[{'name': 'sockfd', 'type': 'int', 'value': 216}, {'name': 'addr', 'type': 'struct sockaddr*', 'value': ""{'sa_family': 'AF_INET','sin_port': '22','sin_addr': '192.168.18.250'}""}, {'name': 'addrlen', 'type': 'int', 'value': 16}]",1,1
487.229929,7555,7555,7548,1001,4026531840,tsm,ip-10-100-1-217,42,connect,[],3,-114,"[{'name': 'sockfd', 'type': 'int', 'value': 217}, {'name': 'addr', 'type': 'struct sockaddr*', 'value': ""{'sin_addr': '192.168.18.251','sa_family': 'AF_INET','sin_port': '22'}""}, {'name': 'addrlen', 'type': 'int', 'value': 16}]",1,1
487.229951,7555,7555,7548,1001,4026531840,tsm,ip-10-100-1-217,42,connect,[],3,-114,"[{'name': 'sockfd', 'type': 'int', 'value': 218}, {'name': 'addr', 'type': 'struct sockaddr*', 'value': ""{'sa_family': 'AF_INET','sin_port': '22','sin_addr': '192.168.18.252'}""}, {'name': 'addrlen', 'type': 'int', 'value': 16}]",1,1
487.229973,7555,7555,7548,1001,4026531840,tsm,ip-10-100-1-217,42,connect,[],3,-114,"[{'name': 'sockfd', 'type': 'int', 'value': 219}, {'name': 'addr', 'type': 'struct sockaddr*', 'value': ""{'sin_addr': '192.168.18.253','sa_family': 'AF_INET','sin_port': '22'}""}, {'name': 'addrlen', 'type': 'int', 'value': 16}]",1,1
487.229995,7555,7555,7548,1001,4026531840,tsm,ip-10-100-1-217,42,connect,[],3,-114,"[{'name': 'sockfd', 'type': 'int', 'value': 220}, {'name': 'addr', 'type': 'struct sockaddr*', 'value': ""{'sa_family': 'AF_INET','sin_port': '22','sin_addr': '192.168.18.254'}""}, {'name': 'addrlen', 'type': 'int', 'value': 16}]",1,1
487.230017,7555,7555,7548,1001,4026531840,tsm,ip-10-100-1-217,42,connect,[],3,-114,"[{'name': 'sockfd', 'type': 'int', 'value': 221}, {'name': 'addr', 'type': 'struct sockaddr*', 'value': ""{'sa_family': 'AF_INET','sin_port': '22','sin_addr': '192.168.19.0'}""}, {'name': 'addrlen', 'type': 'int', 'value': 16}]",1,1
487.230039,7555,7555,7548,1001,4026531840,tsm,ip-10-100-1-217,42,connect,[],3,-114,"[{'name': 'sockfd', 'type': 'int', 'value': 222}, {'name': 'addr', 'type': 'struct sockaddr*', 'value': ""{'sin_addr': '192.168.19.1','sa_family': 'AF_INET','sin_port': '22'}""}, {'name': 'addrlen', 'type': 'int', 'value': 16}]",1,1
487.230061,7555,7555,7548,1001,4026531840,tsm,ip-10-100-1-217,42,connect,[],3,-114,"[{'name': 'sockfd', 'type': 'int', 'value': 223}, {'name': 'addr', 'type': 'struct sockaddr*', 'value': ""{'sa_family': 'AF_INET','sin_port': '22','sin_addr': '192.168.19.2'}""}, {'name': 'addrlen', 'type': 'int', 'value': 16}]",1,1
487.230083,7555,7555,7548,1001,4026531840,tsm,ip-10-100-1-217,42,connect,[],3,-114,"[{'name': 'sockfd', 'type': 'int', 'value': 224}, {'name': 'addr', 'type': 'struct sockaddr*', 'value': ""{'sin_addr': '192.168.19.3','sa_family': 'AF_INET','sin_port': '22'}""}, {'name': 'addrlen', 'type': 'int', 'value': 16}]",1,1
487.230105,7555,7555,7548,1001,4026531840,tsm,ip-10-100-1-217,42,connect,[],3,-114,"[{'name': 'sockfd', 'type': 'int', 'value': 225}, {'name': 'addr', 'type': 'struct sockaddr*', 'value': ""{'sa_family': 'AF_INET','sin_port': '22','sin_addr': '192.168.19.4'}""}, {'name': 'addrlen', 'type': 'int', 'value': 16}]",1,1
487.230127,7555,7555,7548,1001,4026531840,tsm,ip-10-100-1-217,42,connect,[],3,-114,"[{'name': 'sockfd', 'type': 'int', 'value': 226}, {'name': 'addr', 'type': 'struct sockaddr*', 'value': ""{'sin_port': '22','sin_addr': '192.168.19.5','sa_family': 'AF_INET'}""}, {'name': 'addrlen', 'type': 'int', 'value': 16}]",1,1
487.230149,7555,7555,7548,1001,4026531840,tsm,ip-10-100-1-217,42,connect,[],3,-114,"[{'name': 'sockfd', 'type': 'int', 'value': 227}, {'name': 'addr', 'type': 'struct sockaddr*', 'value': ""{'sa_family': 'AF_INET','sin_port': '22','sin_addr': '192.168.19.6'}""}, {'name': 'addrlen', 'type': 'int', 'value': 16}]",1,1
487.230171,7555,7555,7548,1001,4026531840,tsm,ip-10-100-1-217,42,connect,[],3,-114,"[{'name': 'sockfd', 'type': 'int', 'value': 228}, {'name': 'addr', 'type': 'struct sockaddr*', 'value': ""{'sa_family': 'AF_INET','sin_port': '22','sin_addr': '192.168.19.7'}""}, {'name': 'addrlen', 'type': 'int', 'value': 16}]",1,1
487.230193,7555,7555,7548,1001,4026531840,tsm,ip-10-100-1-217,42,connect,[],3,-114,"[{'name': 'sockfd', 'type': 'int', 'value': 229}, {'name': 'addr', 'type': 'struct sockaddr*', 'value': ""{'sin_addr': '192.168.19.8','sa_family': 'AF_INET','sin_port': '22'}""}, {'name': 'addrlen', 'type': 'int', 'value': 16}]",1,1
487.230215,7555,7555,7548,1001,4026531840,tsm,ip-10-100-1-217,42,connect,[],3,-114,"[{'name': 'sockfd', 'type': 'int', 'value': 230}, {'name': 'addr', 'type': 'struct sockaddr*', 'value': ""{'sa_family': 'AF_INET','sin_port': '22','sin_addr': '192.168.19.9'}""}, {'name': 'addrlen', 'type': 'int', 'value': 16}]",1,1
487.230237,7555,7555,7548,1001,4026531840,tsm,ip-10-100-1-217,42,connect,[],3,-114,"[{'name': 'sockfd', 'type': 'int', 'value': 231}, {'name': 'addr', 'type': 'struct sockaddr*', 'value': ""{'sa_family': 'AF_INET','sin_port': '22','sin_addr': '192.168.19.10'}""}, {'name': 'addrlen', 'type': 'int', 'value': 16}]",1,1
487.23026,7555,7555,7548,1001,4026531840,tsm,ip-10-100-1-217,42,connect,[],3,-114,"[{'name': 'sockfd', 'type': 'int', 'value': 232}, {'name': 'addr', 'type': 'struct sockaddr*', 'value': ""{'sa_family': 'AF_INET','sin_port': '22','sin_addr': '192.168.19.11'}""}, {'name': 'addrlen', 'type': 'int', 'value': 16}]",1,1
487.230282,7555,7555,7548,1001,4026531840,tsm,ip-10-100-1-217,42,connect,[],3,-114,"[{'name': 'sockfd', 'type': 'int', 'value': 233}, {'name': 'addr', 'type': 'struct sockaddr*', 'value': ""{'sin_port': '22','sin_addr': '192.168.19.12','sa_family': 'AF_INET'}""}, {'name': 'addrlen', 'type': 'int', 'value': 16}]",1,1
487.230304,7555,7555,7548,1001,4026531840,tsm,ip-10-100-1-217,42,connect,[],3,-114,"[{'name': 'sockfd', 'type': 'int', 'value': 234}, {'name': 'addr', 'type': 'struct sockaddr*', 'value': ""{'sa_family': 'AF_INET','sin_port': '22','sin_addr': '192.168.19.13'}""}, {'name': 'addrlen', 'type': 'int', 'value': 16}]",1,1
487.23033,7555,7555,7548,1001,4026531840,tsm,ip-10-100-1-217,42,connect,[],3,-114,"[{'name': 'sockfd', 'type': 'int', 'value': 235}, {'name': 'addr', 'type': 'struct sockaddr*', 'value': ""{'sin_addr': '192.168.19.14','sa_family': 'AF_INET','sin_port': '22'}""}, {'name': 'addrlen', 'type': 'int', 'value': 16}]",1,1
487.230352,7555,7555,7548,1001,4026531840,tsm,ip-10-100-1-217,42,connect,[],3,-114,"[{'name': 'sockfd', 'type': 'int', 'value': 236}, {'name': 'addr', 'type': 'struct sockaddr*', 'value': ""{'sin_port': '22','sin_addr': '192.168.19.15','sa_family': 'AF_INET'}""}, {'name': 'addrlen', 'type': 'int', 'value': 16}]",1,1
487.230374,7555,7555,7548,1001,4026531840,tsm,ip-10-100-1-217,42,connect,[],3,-114,"[{'name': 'sockfd', 'type': 'int', 'value': 237}, {'name': 'addr', 'type': 'struct sockaddr*', 'value': ""{'sa_family': 'AF_INET','sin_port': '22','sin_addr': '192.168.19.16'}""}, {'name': 'addrlen', 'type': 'int', 'value': 16}]",1,1
487.230396,7555,7555,7548,1001,4026531840,tsm,ip-10-100-1-217,42,connect,[],3,-114,"[{'name': 'sockfd', 'type': 'int', 'value': 238}, {'name': 'addr', 'type': 'struct sockaddr*', 'value': ""{'sa_family': 'AF_INET','sin_port': '22','sin_addr': '192.168.19.17'}""}, {'name': 'addrlen', 'type': 'int', 'value': 16}]",1,1
487.230418,7555,7555,7548,1001,4026531840,tsm,ip-10-100-1-217,42,connect,[],3,-114,"[{'name': 'sockfd', 'type': 'int', 'value': 239}, {'name': 'addr', 'type': 'struct sockaddr*', 'value': ""{'sin_addr': '192.168.19.18','sa_family': 'AF_INET','sin_port': '22'}""}, {'name': 'addrlen', 'type': 'int', 'value': 16}]",1,1
487.23044,7555,7555,7548,1001,4026531840,tsm,ip-10-100-1-217,42,connect,[],3,-114,"[{'name': 'sockfd', 'type': 'int', 'value': 240}, {'name': 'addr', 'type': 'struct sockaddr*', 'value': ""{'sa_family': 'AF_INET','sin_port': '22','sin_addr': '192.168.19.19'}""}, {'name': 'addrlen', 'type': 'int', 'value': 16}]",1,1
487.23606,7555,7555,7548,1001,4026531840,tsm,ip-10-100-1-217,42,connect,[],3,-114,"[{'name': 'sockfd', 'type': 'int', 'value': 241}, {'name': 'addr', 'type': 'struct sockaddr*', 'value': ""{'sin_port': '22','sin_addr': '192.168.19.20','sa_family': 'AF_INET'}""}, {'name': 'addrlen', 'type': 'int', 'value': 16}]",1,1
487.236088,7555,7555,7548,1001,4026531840,tsm,ip-10-100-1-217,42,connect,[],3,-114,"[{'name': 'sockfd', 'type': 'int', 'value': 242}, {'name': 'addr', 'type': 'struct sockaddr*', 'value': ""{'sa_family': 'AF_INET','sin_port': '22','sin_addr': '192.168.19.21'}""}, {'name': 'addrlen', 'type': 'int', 'value': 16}]",1,1
487.236114,7555,7555,7548,1001,4026531840,tsm,ip-10-100-1-217,42,connect,[],3,-114,"[{'name': 'sockfd', 'type': 'int', 'value': 243}, {'name': 'addr', 'type': 'struct sockaddr*', 'value': ""{'sa_family': 'AF_INET','sin_port': '22','sin_addr': '192.168.19.22'}""}, {'name': 'addrlen', 'type': 'int', 'value': 16}]",1,1
487.236137,7555,7555,7548,1001,4026531840,tsm,ip-10-100-1-217,42,connect,[],3,-114,"[{'name': 'sockfd', 'type': 'int', 'value': 244}, {'name': 'addr', 'type': 'struct sockaddr*', 'value': ""{'sa_family': 'AF_INET','sin_port': '22','sin_addr': '192.168.19.23'}""}, {'name': 'addrlen', 'type': 'int', 'value': 16}]",1,1
487.236159,7555,7555,7548,1001,4026531840,tsm,ip-10-100-1-217,42,connect,[],3,-114,"[{'name': 'sockfd', 'type': 'int', 'value': 245}, {'name': 'addr', 'type': 'struct sockaddr*', 'value': ""{'sa_family': 'AF_INET','sin_port': '22','sin_addr': '192.168.19.24'}""}, {'name': 'addrlen', 'type': 'int', 'value': 16}]",1,1
487.236181,7555,7555,7548,1001,4026531840,tsm,ip-10-100-1-217,42,connect,[],3,-114,"[{'name': 'sockfd', 'type': 'int', 'value': 246}, {'name': 'addr', 'type': 'struct sockaddr*', 'value': ""{'sin_port': '22','sin_addr': '192.168.19.25','sa_family': 'AF_INET'}""}, {'name': 'addrlen', 'type': 'int', 'value': 16}]",1,1
487.236202,7555,7555,7548,1001,4026531840,tsm,ip-10-100-1-217,42,connect,[],3,-114,"[{'name': 'sockfd', 'type': 'int', 'value': 247}, {'name': 'addr', 'type': 'struct sockaddr*', 'value': ""{'sa_family': 'AF_INET','sin_port': '22','sin_addr': '192.168.19.26'}""}, {'name': 'addrlen', 'type': 'int', 'value': 16}]",1,1
487.236225,7555,7555,7548,1001,4026531840,tsm,ip-10-100-1-217,42,connect,[],3,-114,"[{'name': 'sockfd', 'type': 'int', 'value': 248}, {'name': 'addr', 'type': 'struct sockaddr*', 'value': ""{'sin_port': '22','sin_addr': '192.168.19.27','sa_family': 'AF_INET'}""}, {'name': 'addrlen', 'type': 'int', 'value': 16}]",1,1
487.236247,7555,7555,7548,1001,4026531840,tsm,ip-10-100-1-217,42,connect,[],3,-114,"[{'name': 'sockfd', 'type': 'int', 'value': 249}, {'name': 'addr', 'type': 'struct sockaddr*', 'value': ""{'sin_port': '22','sin_addr': '192.168.19.28','sa_family': 'AF_INET'}""}, {'name': 'addrlen', 'type': 'int', 'value': 16}]",1,1
487.236269,7555,7555,7548,1001,4026531840,tsm,ip-10-100-1-217,42,connect,[],3,-114,"[{'name': 'sockfd', 'type': 'int', 'value': 250}, {'name': 'addr', 'type': 'struct sockaddr*', 'value': ""{'sin_port': '22','sin_addr': '192.168.19.29','sa_family': 'AF_INET'}""}, {'name': 'addrlen', 'type': 'int', 'value': 16}]",1,1
487.236304,7555,7555,7548,1001,4026531840,tsm,ip-10-100-1-217,42,connect,[],3,-114,"[{'name': 'sockfd', 'type': 'int', 'value': 251}, {'name': 'addr', 'type': 'struct sockaddr*', 'value': ""{'sa_family': 'AF_INET','sin_port': '22','sin_addr': '192.168.19.30'}""}, {'name': 'addrlen', 'type': 'int', 'value': 16}]",1,1
487.236327,7555,7555,7548,1001,4026531840,tsm,ip-10-100-1-217,42,connect,[],3,-114,"[{'name': 'sockfd', 'type': 'int', 'value': 252}, {'name': 'addr', 'type': 'struct sockaddr*', 'value': ""{'sa_family': 'AF_INET','sin_port': '22','sin_addr': '192.168.19.31'}""}, {'name': 'addrlen', 'type': 'int', 'value': 16}]",1,1
487.236349,7555,7555,7548,1001,4026531840,tsm,ip-10-100-1-217,42,connect,[],3,-114,"[{'name': 'sockfd', 'type': 'int', 'value': 253}, {'name': 'addr', 'type': 'struct sockaddr*', 'value': ""{'sa_family': 'AF_INET','sin_port': '22','sin_addr': '192.168.19.32'}""}, {'name': 'addrlen', 'type': 'int', 'value': 16}]",1,1
487.236371,7555,7555,7548,1001,4026531840,tsm,ip-10-100-1-217,42,connect,[],3,-114,"[{'name': 'sockfd', 'type': 'int', 'value': 254}, {'name': 'addr', 'type': 'struct sockaddr*', 'value': ""{'sin_port': '22','sin_addr': '192.168.19.33','sa_family': 'AF_INET'}""}, {'name': 'addrlen', 'type': 'int', 'value': 16}]",1,1
487.236393,7555,7555,7548,1001,4026531840,tsm,ip-10-100-1-217,42,connect,[],3,-114,"[{'name': 'sockfd', 'type': 'int', 'value': 255}, {'name': 'addr', 'type': 'struct sockaddr*', 'value': ""{'sin_addr': '192.168.19.34','sa_family': 'AF_INET','sin_port': '22'}""}, {'name': 'addrlen', 'type': 'int', 'value': 16}]",1,1
487.236415,7555,7555,7548,1001,4026531840,tsm,ip-10-100-1-217,42,connect,[],3,-114,"[{'name': 'sockfd', 'type': 'int', 'value': 256}, {'name': 'addr', 'type': 'struct sockaddr*', 'value': ""{'sa_family': 'AF_INET','sin_port': '22','sin_addr': '192.168.19.35'}""}, {'name': 'addrlen', 'type': 'int', 'value': 16}]",1,1
487.236437,7555,7555,7548,1001,4026531840,tsm,ip-10-100-1-217,42,connect,[],3,-114,"[{'name': 'sockfd', 'type': 'int', 'value': 257}, {'name': 'addr', 'type': 'struct sockaddr*', 'value': ""{'sin_port': '22','sin_addr': '192.168.19.36','sa_family': 'AF_INET'}""}, {'name': 'addrlen', 'type': 'int', 'value': 16}]",1,1
487.236459,7555,7555,7548,1001,4026531840,tsm,ip-10-100-1-217,42,connect,[],3,-114,"[{'name': 'sockfd', 'type': 'int', 'value': 258}, {'name': 'addr', 'type': 'struct sockaddr*', 'value': ""{'sa_family': 'AF_INET','sin_port': '22','sin_addr': '192.168.19.37'}""}, {'name': 'addrlen', 'type': 'int', 'value': 16}]",1,1
487.236494,7555,7555,7548,1001,4026531840,tsm,ip-10-100-1-217,42,connect,[],3,-114,"[{'name': 'sockfd', 'type': 'int', 'value': 259}, {'name': 'addr', 'type': 'struct sockaddr*', 'value': ""{'sa_family': 'AF_INET','sin_port': '22','sin_addr': '192.168.19.38'}""}, {'name': 'addrlen', 'type': 'int', 'value': 16}]",1,1
487.236516,7555,7555,7548,1001,4026531840,tsm,ip-10-100-1-217,42,connect,[],3,-114,"[{'name': 'sockfd', 'type': 'int', 'value': 260}, {'name': 'addr', 'type': 'struct sockaddr*', 'value': ""{'sa_family': 'AF_INET','sin_port': '22','sin_addr': '192.168.19.39'}""}, {'name': 'addrlen', 'type': 'int', 'value': 16}]",1,1
487.236537,7555,7555,7548,1001,4026531840,tsm,ip-10-100-1-217,42,connect,[],3,-114,"[{'name': 'sockfd', 'type': 'int', 'value': 261}, {'name': 'addr', 'type': 'struct sockaddr*', 'value': ""{'sa_family': 'AF_INET','sin_port': '22','sin_addr': '192.168.19.40'}""}, {'name': 'addrlen', 'type': 'int', 'value': 16}]",1,1
487.236558,7555,7555,7548,1001,4026531840,tsm,ip-10-100-1-217,42,connect,[],3,-114,"[{'name': 'sockfd', 'type': 'int', 'value': 262}, {'name': 'addr', 'type': 'struct sockaddr*', 'value': ""{'sa_family': 'AF_INET','sin_port': '22','sin_addr': '192.168.19.41'}""}, {'name': 'addrlen', 'type': 'int', 'value': 16}]",1,1
487.23658,7555,7555,7548,1001,4026531840,tsm,ip-10-100-1-217,42,connect,[],3,-114,"[{'name': 'sockfd', 'type': 'int', 'value': 263}, {'name': 'addr', 'type': 'struct sockaddr*', 'value': ""{'sa_family': 'AF_INET','sin_port': '22','sin_addr': '192.168.19.42'}""}, {'name': 'addrlen', 'type': 'int', 'value': 16}]",1,1
487.236601,7555,7555,7548,1001,4026531840,tsm,ip-10-100-1-217,42,connect,[],3,-114,"[{'name': 'sockfd', 'type': 'int', 'value': 264}, {'name': 'addr', 'type': 'struct sockaddr*', 'value': ""{'sa_family': 'AF_INET','sin_port': '22','sin_addr': '192.168.19.43'}""}, {'name': 'addrlen', 'type': 'int', 'value': 16}]",1,1
487.236622,7555,7555,7548,1001,4026531840,tsm,ip-10-100-1-217,42,connect,[],3,-114,"[{'name': 'sockfd', 'type': 'int', 'value': 265}, {'name': 'addr', 'type': 'struct sockaddr*', 'value': ""{'sa_family': 'AF_INET','sin_port': '22','sin_addr': '192.168.19.44'}""}, {'name': 'addrlen', 'type': 'int', 'value': 16}]",1,1
487.236644,7555,7555,7548,1001,4026531840,tsm,ip-10-100-1-217,42,connect,[],3,-114,"[{'name': 'sockfd', 'type': 'int', 'value': 266}, {'name': 'addr', 'type': 'struct sockaddr*', 'value': ""{'sa_family': 'AF_INET','sin_port': '22','sin_addr': '192.168.19.45'}""}, {'name': 'addrlen', 'type': 'int', 'value': 16}]",1,1
487.236665,7555,7555,7548,1001,4026531840,tsm,ip-10-100-1-217,42,connect,[],3,-114,"[{'name': 'sockfd', 'type': 'int', 'value': 267}, {'name': 'addr', 'type': 'struct sockaddr*', 'value': ""{'sa_family': 'AF_INET','sin_port': '22','sin_addr': '192.168.19.46'}""}, {'name': 'addrlen', 'type': 'int', 'value': 16}]",1,1
487.236686,7555,7555,7548,1001,4026531840,tsm,ip-10-100-1-217,42,connect,[],3,-114,"[{'name': 'sockfd', 'type': 'int', 'value': 268}, {'name': 'addr', 'type': 'struct sockaddr*', 'value': ""{'sin_port': '22','sin_addr': '192.168.19.47','sa_family': 'AF_INET'}""}, {'name': 'addrlen', 'type': 'int', 'value': 16}]",1,1
487.236719,7555,7555,7548,1001,4026531840,tsm,ip-10-100-1-217,42,connect,[],3,-114,"[{'name': 'sockfd', 'type': 'int', 'value': 269}, {'name': 'addr', 'type': 'struct sockaddr*', 'value': ""{'sa_family': 'AF_INET','sin_port': '22','sin_addr': '192.168.19.48'}""}, {'name': 'addrlen', 'type': 'int', 'value': 16}]",1,1
487.236741,7555,7555,7548,1001,4026531840,tsm,ip-10-100-1-217,42,connect,[],3,-114,"[{'name': 'sockfd', 'type': 'int', 'value': 270}, {'name': 'addr', 'type': 'struct sockaddr*', 'value': ""{'sa_family': 'AF_INET','sin_port': '22','sin_addr': '192.168.19.49'}""}, {'name': 'addrlen', 'type': 'int', 'value': 16}]",1,1
487.236763,7555,7555,7548,1001,4026531840,tsm,ip-10-100-1-217,42,connect,[],3,-114,"[{'name': 'sockfd', 'type': 'int', 'value': 271}, {'name': 'addr', 'type': 'struct sockaddr*', 'value': ""{'sin_addr': '192.168.19.50','sa_family': 'AF_INET','sin_port': '22'}""}, {'name': 'addrlen', 'type': 'int', 'value': 16}]",1,1
487.236785,7555,7555,7548,1001,4026531840,tsm,ip-10-100-1-217,42,connect,[],3,-114,"[{'name': 'sockfd', 'type': 'int', 'value': 272}, {'name': 'addr', 'type': 'struct sockaddr*', 'value': ""{'sin_addr': '192.168.19.51','sa_family': 'AF_INET','sin_port': '22'}""}, {'name': 'addrlen', 'type': 'int', 'value': 16}]",1,1
487.236808,7555,7555,7548,1001,4026531840,tsm,ip-10-100-1-217,42,connect,[],3,-114,"[{'name': 'sockfd', 'type': 'int', 'value': 273}, {'name': 'addr', 'type': 'struct sockaddr*', 'value': ""{'sa_family': 'AF_INET','sin_port': '22','sin_addr': '192.168.19.52'}""}, {'name': 'addrlen', 'type': 'int', 'value': 16}]",1,1
487.23683,7555,7555,7548,1001,4026531840,tsm,ip-10-100-1-217,42,connect,[],3,-114,"[{'name': 'sockfd', 'type': 'int', 'value': 274}, {'name': 'addr', 'type': 'struct sockaddr*', 'value': ""{'sa_family': 'AF_INET','sin_port': '22','sin_addr': '192.168.19.53'}""}, {'name': 'addrlen', 'type': 'int', 'value': 16}]",1,1
487.236852,7555,7555,7548,1001,4026531840,tsm,ip-10-100-1-217,42,connect,[],3,-114,"[{'name': 'sockfd', 'type': 'int', 'value': 275}, {'name': 'addr', 'type': 'struct sockaddr*', 'value': ""{'sin_port': '22','sin_addr': '192.168.19.54','sa_family': 'AF_INET'}""}, {'name': 'addrlen', 'type': 'int', 'value': 16}]",1,1
487.236874,7555,7555,7548,1001,4026531840,tsm,ip-10-100-1-217,42,connect,[],3,-114,"[{'name': 'sockfd', 'type': 'int', 'value': 276}, {'name': 'addr', 'type': 'struct sockaddr*', 'value': ""{'sa_family': 'AF_INET','sin_port': '22','sin_addr': '192.168.19.55'}""}, {'name': 'addrlen', 'type': 'int', 'value': 16}]",1,1
487.236896,7555,7555,7548,1001,4026531840,tsm,ip-10-100-1-217,42,connect,[],3,-114,"[{'name': 'sockfd', 'type': 'int', 'value': 277}, {'name': 'addr', 'type': 'struct sockaddr*', 'value': ""{'sin_addr': '192.168.19.56','sa_family': 'AF_INET','sin_port': '22'}""}, {'name': 'addrlen', 'type': 'int', 'value': 16}]",1,1
487.236918,7555,7555,7548,1001,4026531840,tsm,ip-10-100-1-217,42,connect,[],3,-114,"[{'name': 'sockfd', 'type': 'int', 'value': 278}, {'name': 'addr', 'type': 'struct sockaddr*', 'value': ""{'sa_family': 'AF_INET','sin_port': '22','sin_addr': '192.168.19.57'}""}, {'name': 'addrlen', 'type': 'int', 'value': 16}]",1,1
487.23694,7555,7555,7548,1001,4026531840,tsm,ip-10-100-1-217,42,connect,[],3,-114,"[{'name': 'sockfd', 'type': 'int', 'value': 279}, {'name': 'addr', 'type': 'struct sockaddr*', 'value': ""{'sa_family': 'AF_INET','sin_port': '22','sin_addr': '192.168.19.58'}""}, {'name': 'addrlen', 'type': 'int', 'value': 16}]",1,1
487.236962,7555,7555,7548,1001,4026531840,tsm,ip-10-100-1-217,42,connect,[],3,-114,"[{'name': 'sockfd', 'type': 'int', 'value': 280}, {'name': 'addr', 'type': 'struct sockaddr*', 'value': ""{'sin_port': '22','sin_addr': '192.168.19.59','sa_family': 'AF_INET'}""}, {'name': 'addrlen', 'type': 'int', 'value': 16}]",1,1
487.236984,7555,7555,7548,1001,4026531840,tsm,ip-10-100-1-217,42,connect,[],3,-114,"[{'name': 'sockfd', 'type': 'int', 'value': 281}, {'name': 'addr', 'type': 'struct sockaddr*', 'value': ""{'sin_port': '22','sin_addr': '192.168.19.60','sa_family': 'AF_INET'}""}, {'name': 'addrlen', 'type': 'int', 'value': 16}]",1,1
487.237006,7555,7555,7548,1001,4026531840,tsm,ip-10-100-1-217,42,connect,[],3,-114,"[{'name': 'sockfd', 'type': 'int', 'value': 282}, {'name': 'addr', 'type': 'struct sockaddr*', 'value': ""{'sin_addr': '192.168.19.61','sa_family': 'AF_INET','sin_port': '22'}""}, {'name': 'addrlen', 'type': 'int', 'value': 16}]",1,1
487.237028,7555,7555,7548,1001,4026531840,tsm,ip-10-100-1-217,42,connect,[],3,-114,"[{'name': 'sockfd', 'type': 'int', 'value': 283}, {'name': 'addr', 'type': 'struct sockaddr*', 'value': ""{'sa_family': 'AF_INET','sin_port': '22','sin_addr': '192.168.19.62'}""}, {'name': 'addrlen', 'type': 'int', 'value': 16}]",1,1
487.23705,7555,7555,7548,1001,4026531840,tsm,ip-10-100-1-217,42,connect,[],3,-114,"[{'name': 'sockfd', 'type': 'int', 'value': 284}, {'name': 'addr', 'type': 'struct sockaddr*', 'value': ""{'sa_family': 'AF_INET','sin_port': '22','sin_addr': '192.168.19.63'}""}, {'name': 'addrlen', 'type': 'int', 'value': 16}]",1,1
487.237072,7555,7555,7548,1001,4026531840,tsm,ip-10-100-1-217,42,connect,[],3,-114,"[{'name': 'sockfd', 'type': 'int', 'value': 285}, {'name': 'addr', 'type': 'struct sockaddr*', 'value': ""{'sin_addr': '192.168.19.64','sa_family': 'AF_INET','sin_port': '22'}""}, {'name': 'addrlen', 'type': 'int', 'value': 16}]",1,1
487.237094,7555,7555,7548,1001,4026531840,tsm,ip-10-100-1-217,42,connect,[],3,-114,"[{'name': 'sockfd', 'type': 'int', 'value': 286}, {'name': 'addr', 'type': 'struct sockaddr*', 'value': ""{'sa_family': 'AF_INET','sin_port': '22','sin_addr': '192.168.19.65'}""}, {'name': 'addrlen', 'type': 'int', 'value': 16}]",1,1
487.237116,7555,7555,7548,1001,4026531840,tsm,ip-10-100-1-217,42,connect,[],3,-114,"[{'name': 'sockfd', 'type': 'int', 'value': 287}, {'name': 'addr', 'type': 'struct sockaddr*', 'value': ""{'sa_family': 'AF_INET','sin_port': '22','sin_addr': '192.168.19.66'}""}, {'name': 'addrlen', 'type': 'int', 'value': 16}]",1,1
487.237139,7555,7555,7548,1001,4026531840,tsm,ip-10-100-1-217,42,connect,[],3,-114,"[{'name': 'sockfd', 'type': 'int', 'value': 288}, {'name': 'addr', 'type': 'struct sockaddr*', 'value': ""{'sin_port': '22','sin_addr': '192.168.19.67','sa_family': 'AF_INET'}""}, {'name': 'addrlen', 'type': 'int', 'value': 16}]",1,1
487.237161,7555,7555,7548,1001,4026531840,tsm,ip-10-100-1-217,42,connect,[],3,-114,"[{'name': 'sockfd', 'type': 'int', 'value': 289}, {'name': 'addr', 'type': 'struct sockaddr*', 'value': ""{'sa_family': 'AF_INET','sin_port': '22','sin_addr': '192.168.19.68'}""}, {'name': 'addrlen', 'type': 'int', 'value': 16}]",1,1
487.237183,7555,7555,7548,1001,4026531840,tsm,ip-10-100-1-217,42,connect,[],3,-114,"[{'name': 'sockfd', 'type': 'int', 'value': 290}, {'name': 'addr', 'type': 'struct sockaddr*', 'value': ""{'sa_family': 'AF_INET','sin_port': '22','sin_addr': '192.168.19.69'}""}, {'name': 'addrlen', 'type': 'int', 'value': 16}]",1,1
487.237205,7555,7555,7548,1001,4026531840,tsm,ip-10-100-1-217,42,connect,[],3,-114,"[{'name': 'sockfd', 'type': 'int', 'value': 291}, {'name': 'addr', 'type': 'struct sockaddr*', 'value': ""{'sa_family': 'AF_INET','sin_port': '22','sin_addr': '192.168.19.70'}""}, {'name': 'addrlen', 'type': 'int', 'value': 16}]",1,1
487.237229,7555,7555,7548,1001,4026531840,tsm,ip-10-100-1-217,42,connect,[],3,-114,"[{'name': 'sockfd', 'type': 'int', 'value': 292}, {'name': 'addr', 'type': 'struct sockaddr*', 'value': ""{'sa_family': 'AF_INET','sin_port': '22','sin_addr': '192.168.19.71'}""}, {'name': 'addrlen', 'type': 'int', 'value': 16}]",1,1
487.237251,7555,7555,7548,1001,4026531840,tsm,ip-10-100-1-217,42,connect,[],3,-114,"[{'name': 'sockfd', 'type': 'int', 'value': 293}, {'name': 'addr', 'type': 'struct sockaddr*', 'value': ""{'sa_family': 'AF_INET','sin_port': '22','sin_addr': '192.168.19.72'}""}, {'name': 'addrlen', 'type': 'int', 'value': 16}]",1,1
487.237273,7555,7555,7548,1001,4026531840,tsm,ip-10-100-1-217,42,connect,[],3,-114,"[{'name': 'sockfd', 'type': 'int', 'value': 294}, {'name': 'addr', 'type': 'struct sockaddr*', 'value': ""{'sa_family': 'AF_INET','sin_port': '22','sin_addr': '192.168.19.73'}""}, {'name': 'addrlen', 'type': 'int', 'value': 16}]",1,1
487.237295,7555,7555,7548,1001,4026531840,tsm,ip-10-100-1-217,42,connect,[],3,-114,"[{'name': 'sockfd', 'type': 'int', 'value': 295}, {'name': 'addr', 'type': 'struct sockaddr*', 'value': ""{'sa_family': 'AF_INET','sin_port': '22','sin_addr': '192.168.19.74'}""}, {'name': 'addrlen', 'type': 'int', 'value': 16}]",1,1
487.237317,7555,7555,7548,1001,4026531840,tsm,ip-10-100-1-217,42,connect,[],3,-114,"[{'name': 'sockfd', 'type': 'int', 'value': 296}, {'name': 'addr', 'type': 'struct sockaddr*', 'value': ""{'sa_family': 'AF_INET','sin_port': '22','sin_addr': '192.168.19.75'}""}, {'name': 'addrlen', 'type': 'int', 'value': 16}]",1,1
487.237339,7555,7555,7548,1001,4026531840,tsm,ip-10-100-1-217,42,connect,[],3,-114,"[{'name': 'sockfd', 'type': 'int', 'value': 297}, {'name': 'addr', 'type': 'struct sockaddr*', 'value': ""{'sa_family': 'AF_INET','sin_port': '22','sin_addr': '192.168.19.76'}""}, {'name': 'addrlen', 'type': 'int', 'value': 16}]",1,1
487.237362,7555,7555,7548,1001,4026531840,tsm,ip-10-100-1-217,42,connect,[],3,-114,"[{'name': 'sockfd', 'type': 'int', 'value': 298}, {'name': 'addr', 'type': 'struct sockaddr*', 'value': ""{'sa_family': 'AF_INET','sin_port': '22','sin_addr': '192.168.19.77'}""}, {'name': 'addrlen', 'type': 'int', 'value': 16}]",1,1
487.237384,7555,7555,7548,1001,4026531840,tsm,ip-10-100-1-217,42,connect,[],3,-114,"[{'name': 'sockfd', 'type': 'int', 'value': 299}, {'name': 'addr', 'type': 'struct sockaddr*', 'value': ""{'sa_family': 'AF_INET','sin_port': '22','sin_addr': '192.168.19.78'}""}, {'name': 'addrlen', 'type': 'int', 'value': 16}]",1,1
487.237406,7555,7555,7548,1001,4026531840,tsm,ip-10-100-1-217,42,connect,[],3,-114,"[{'name': 'sockfd', 'type': 'int', 'value': 300}, {'name': 'addr', 'type': 'struct sockaddr*', 'value': ""{'sin_port': '22','sin_addr': '192.168.19.79','sa_family': 'AF_INET'}""}, {'name': 'addrlen', 'type': 'int', 'value': 16}]",1,1
487.237428,7555,7555,7548,1001,4026531840,tsm,ip-10-100-1-217,42,connect,[],3,-114,"[{'name': 'sockfd', 'type': 'int', 'value': 301}, {'name': 'addr', 'type': 'struct sockaddr*', 'value': ""{'sa_family': 'AF_INET','sin_port': '22','sin_addr': '192.168.19.80'}""}, {'name': 'addrlen', 'type': 'int', 'value': 16}]",1,1
487.237449,7555,7555,7548,1001,4026531840,tsm,ip-10-100-1-217,42,connect,[],3,-114,"[{'name': 'sockfd', 'type': 'int', 'value': 302}, {'name': 'addr', 'type': 'struct sockaddr*', 'value': ""{'sin_port': '22','sin_addr': '192.168.19.81','sa_family': 'AF_INET'}""}, {'name': 'addrlen', 'type': 'int', 'value': 16}]",1,1
487.237471,7555,7555,7548,1001,4026531840,tsm,ip-10-100-1-217,42,connect,[],3,-114,"[{'name': 'sockfd', 'type': 'int', 'value': 303}, {'name': 'addr', 'type': 'struct sockaddr*', 'value': ""{'sa_family': 'AF_INET','sin_port': '22','sin_addr': '192.168.19.82'}""}, {'name': 'addrlen', 'type': 'int', 'value': 16}]",1,1
487.237493,7555,7555,7548,1001,4026531840,tsm,ip-10-100-1-217,42,connect,[],3,-114,"[{'name': 'sockfd', 'type': 'int', 'value': 304}, {'name': 'addr', 'type': 'struct sockaddr*', 'value': ""{'sin_port': '22','sin_addr': '192.168.19.83','sa_family': 'AF_INET'}""}, {'name': 'addrlen', 'type': 'int', 'value': 16}]",1,1
487.237515,7555,7555,7548,1001,4026531840,tsm,ip-10-100-1-217,42,connect,[],3,-114,"[{'name': 'sockfd', 'type': 'int', 'value': 305}, {'name': 'addr', 'type': 'struct sockaddr*', 'value': ""{'sa_family': 'AF_INET','sin_port': '22','sin_addr': '192.168.19.84'}""}, {'name': 'addrlen', 'type': 'int', 'value': 16}]",1,1
487.237537,7555,7555,7548,1001,4026531840,tsm,ip-10-100-1-217,42,connect,[],3,-114,"[{'name': 'sockfd', 'type': 'int', 'value': 306}, {'name': 'addr', 'type': 'struct sockaddr*', 'value': ""{'sa_family': 'AF_INET','sin_port': '22','sin_addr': '192.168.19.85'}""}, {'name': 'addrlen', 'type': 'int', 'value': 16}]",1,1
487.237559,7555,7555,7548,1001,4026531840,tsm,ip-10-100-1-217,42,connect,[],3,-114,"[{'name': 'sockfd', 'type': 'int', 'value': 307}, {'name': 'addr', 'type': 'struct sockaddr*', 'value': ""{'sa_family': 'AF_INET','sin_port': '22','sin_addr': '192.168.19.86'}""}, {'name': 'addrlen', 'type': 'int', 'value': 16}]",1,1
487.237581,7555,7555,7548,1001,4026531840,tsm,ip-10-100-1-217,42,connect,[],3,-114,"[{'name': 'sockfd', 'type': 'int', 'value': 308}, {'name': 'addr', 'type': 'struct sockaddr*', 'value': ""{'sa_family': 'AF_INET','sin_port': '22','sin_addr': '192.168.19.87'}""}, {'name': 'addrlen', 'type': 'int', 'value': 16}]",1,1
487.237604,7555,7555,7548,1001,4026531840,tsm,ip-10-100-1-217,42,connect,[],3,-114,"[{'name': 'sockfd', 'type': 'int', 'value': 309}, {'name': 'addr', 'type': 'struct sockaddr*', 'value': ""{'sa_family': 'AF_INET','sin_port': '22','sin_addr': '192.168.19.88'}""}, {'name': 'addrlen', 'type': 'int', 'value': 16}]",1,1
487.237626,7555,7555,7548,1001,4026531840,tsm,ip-10-100-1-217,42,connect,[],3,-114,"[{'name': 'sockfd', 'type': 'int', 'value': 310}, {'name': 'addr', 'type': 'struct sockaddr*', 'value': ""{'sa_family': 'AF_INET','sin_port': '22','sin_addr': '192.168.19.89'}""}, {'name': 'addrlen', 'type': 'int', 'value': 16}]",1,1
487.237647,7555,7555,7548,1001,4026531840,tsm,ip-10-100-1-217,42,connect,[],3,-114,"[{'name': 'sockfd', 'type': 'int', 'value': 311}, {'name': 'addr', 'type': 'struct sockaddr*', 'value': ""{'sa_family': 'AF_INET','sin_port': '22','sin_addr': '192.168.19.90'}""}, {'name': 'addrlen', 'type': 'int', 'value': 16}]",1,1
487.23767,7555,7555,7548,1001,4026531840,tsm,ip-10-100-1-217,42,connect,[],3,-114,"[{'name': 'sockfd', 'type': 'int', 'value': 312}, {'name': 'addr', 'type': 'struct sockaddr*', 'value': ""{'sin_addr': '192.168.19.91','sa_family': 'AF_INET','sin_port': '22'}""}, {'name': 'addrlen', 'type': 'int', 'value': 16}]",1,1
487.237692,7555,7555,7548,1001,4026531840,tsm,ip-10-100-1-217,42,connect,[],3,-114,"[{'name': 'sockfd', 'type': 'int', 'value': 313}, {'name': 'addr', 'type': 'struct sockaddr*', 'value': ""{'sa_family': 'AF_INET','sin_port': '22','sin_addr': '192.168.19.92'}""}, {'name': 'addrlen', 'type': 'int', 'value': 16}]",1,1
487.237713,7555,7555,7548,1001,4026531840,tsm,ip-10-100-1-217,42,connect,[],3,-114,"[{'name': 'sockfd', 'type': 'int', 'value': 314}, {'name': 'addr', 'type': 'struct sockaddr*', 'value': ""{'sa_family': 'AF_INET','sin_port': '22','sin_addr': '192.168.19.93'}""}, {'name': 'addrlen', 'type': 'int', 'value': 16}]",1,1
487.237736,7555,7555,7548,1001,4026531840,tsm,ip-10-100-1-217,42,connect,[],3,-114,"[{'name': 'sockfd', 'type': 'int', 'value': 315}, {'name': 'addr', 'type': 'struct sockaddr*', 'value': ""{'sa_family': 'AF_INET','sin_port': '22','sin_addr': '192.168.19.94'}""}, {'name': 'addrlen', 'type': 'int', 'value': 16}]",1,1
487.237758,7555,7555,7548,1001,4026531840,tsm,ip-10-100-1-217,42,connect,[],3,-114,"[{'name': 'sockfd', 'type': 'int', 'value': 316}, {'name': 'addr', 'type': 'struct sockaddr*', 'value': ""{'sa_family': 'AF_INET','sin_port': '22','sin_addr': '192.168.19.95'}""}, {'name': 'addrlen', 'type': 'int', 'value': 16}]",1,1
487.23778,7555,7555,7548,1001,4026531840,tsm,ip-10-100-1-217,42,connect,[],3,-114,"[{'name': 'sockfd', 'type': 'int', 'value': 317}, {'name': 'addr', 'type': 'struct sockaddr*', 'value': ""{'sin_addr': '192.168.19.96','sa_family': 'AF_INET','sin_port': '22'}""}, {'name': 'addrlen', 'type': 'int', 'value': 16}]",1,1
487.237802,7555,7555,7548,1001,4026531840,tsm,ip-10-100-1-217,42,connect,[],3,-114,"[{'name': 'sockfd', 'type': 'int', 'value': 318}, {'name': 'addr', 'type': 'struct sockaddr*', 'value': ""{'sa_family': 'AF_INET','sin_port': '22','sin_addr': '192.168.19.97'}""}, {'name': 'addrlen', 'type': 'int', 'value': 16}]",1,1
487.237824,7555,7555,7548,1001,4026531840,tsm,ip-10-100-1-217,42,connect,[],3,-114,"[{'name': 'sockfd', 'type': 'int', 'value': 319}, {'name': 'addr', 'type': 'struct sockaddr*', 'value': ""{'sa_family': 'AF_INET','sin_port': '22','sin_addr': '192.168.19.98'}""}, {'name': 'addrlen', 'type': 'int', 'value': 16}]",1,1
487.237846,7555,7555,7548,1001,4026531840,tsm,ip-10-100-1-217,42,connect,[],3,-114,"[{'name': 'sockfd', 'type': 'int', 'value': 320}, {'name': 'addr', 'type': 'struct sockaddr*', 'value': ""{'sa_family': 'AF_INET','sin_port': '22','sin_addr': '192.168.19.99'}""}, {'name': 'addrlen', 'type': 'int', 'value': 16}]",1,1
487.237868,7555,7555,7548,1001,4026531840,tsm,ip-10-100-1-217,42,connect,[],3,-114,"[{'name': 'sockfd', 'type': 'int', 'value': 321}, {'name': 'addr', 'type': 'struct sockaddr*', 'value': ""{'sa_family': 'AF_INET','sin_port': '22','sin_addr': '192.168.19.100'}""}, {'name': 'addrlen', 'type': 'int', 'value': 16}]",1,1
487.23789,7555,7555,7548,1001,4026531840,tsm,ip-10-100-1-217,42,connect,[],3,-114,"[{'name': 'sockfd', 'type': 'int', 'value': 322}, {'name': 'addr', 'type': 'struct sockaddr*', 'value': ""{'sa_family': 'AF_INET','sin_port': '22','sin_addr': '192.168.19.101'}""}, {'name': 'addrlen', 'type': 'int', 'value': 16}]",1,1
487.237912,7555,7555,7548,1001,4026531840,tsm,ip-10-100-1-217,42,connect,[],3,-114,"[{'name': 'sockfd', 'type': 'int', 'value': 323}, {'name': 'addr', 'type': 'struct sockaddr*', 'value': ""{'sa_family': 'AF_INET','sin_port': '22','sin_addr': '192.168.19.102'}""}, {'name': 'addrlen', 'type': 'int', 'value': 16}]",1,1
487.237934,7555,7555,7548,1001,4026531840,tsm,ip-10-100-1-217,42,connect,[],3,-114,"[{'name': 'sockfd', 'type': 'int', 'value': 324}, {'name': 'addr', 'type': 'struct sockaddr*', 'value': ""{'sa_family': 'AF_INET','sin_port': '22','sin_addr': '192.168.19.103'}""}, {'name': 'addrlen', 'type': 'int', 'value': 16}]",1,1
487.237956,7555,7555,7548,1001,4026531840,tsm,ip-10-100-1-217,42,connect,[],3,-114,"[{'name': 'sockfd', 'type': 'int', 'value': 325}, {'name': 'addr', 'type': 'struct sockaddr*', 'value': ""{'sa_family': 'AF_INET','sin_port': '22','sin_addr': '192.168.19.104'}""}, {'name': 'addrlen', 'type': 'int', 'value': 16}]",1,1
487.237978,7555,7555,7548,1001,4026531840,tsm,ip-10-100-1-217,42,connect,[],3,-114,"[{'name': 'sockfd', 'type': 'int', 'value': 326}, {'name': 'addr', 'type': 'struct sockaddr*', 'value': ""{'sa_family': 'AF_INET','sin_port': '22','sin_addr': '192.168.19.105'}""}, {'name': 'addrlen', 'type': 'int', 'value': 16}]",1,1
487.238,7555,7555,7548,1001,4026531840,tsm,ip-10-100-1-217,42,connect,[],3,-114,"[{'name': 'sockfd', 'type': 'int', 'value': 327}, {'name': 'addr', 'type': 'struct sockaddr*', 'value': ""{'sa_family': 'AF_INET','sin_port': '22','sin_addr': '192.168.19.106'}""}, {'name': 'addrlen', 'type': 'int', 'value': 16}]",1,1
487.238022,7555,7555,7548,1001,4026531840,tsm,ip-10-100-1-217,42,connect,[],3,-114,"[{'name': 'sockfd', 'type': 'int', 'value': 328}, {'name': 'addr', 'type': 'struct sockaddr*', 'value': ""{'sa_family': 'AF_INET','sin_port': '22','sin_addr': '192.168.19.107'}""}, {'name': 'addrlen', 'type': 'int', 'value': 16}]",1,1
487.238044,7555,7555,7548,1001,4026531840,tsm,ip-10-100-1-217,42,connect,[],3,-114,"[{'name': 'sockfd', 'type': 'int', 'value': 329}, {'name': 'addr', 'type': 'struct sockaddr*', 'value': ""{'sa_family': 'AF_INET','sin_port': '22','sin_addr': '192.168.19.108'}""}, {'name': 'addrlen', 'type': 'int', 'value': 16}]",1,1
487.238066,7555,7555,7548,1001,4026531840,tsm,ip-10-100-1-217,42,connect,[],3,-114,"[{'name': 'sockfd', 'type': 'int', 'value': 330}, {'name': 'addr', 'type': 'struct sockaddr*', 'value': ""{'sa_family': 'AF_INET','sin_port': '22','sin_addr': '192.168.19.109'}""}, {'name': 'addrlen', 'type': 'int', 'value': 16}]",1,1
487.238088,7555,7555,7548,1001,4026531840,tsm,ip-10-100-1-217,42,connect,[],3,-114,"[{'name': 'sockfd', 'type': 'int', 'value': 331}, {'name': 'addr', 'type': 'struct sockaddr*', 'value': ""{'sa_family': 'AF_INET','sin_port': '22','sin_addr': '192.168.19.110'}""}, {'name': 'addrlen', 'type': 'int', 'value': 16}]",1,1
487.23811,7555,7555,7548,1001,4026531840,tsm,ip-10-100-1-217,42,connect,[],3,-114,"[{'name': 'sockfd', 'type': 'int', 'value': 332}, {'name': 'addr', 'type': 'struct sockaddr*', 'value': ""{'sa_family': 'AF_INET','sin_port': '22','sin_addr': '192.168.19.111'}""}, {'name': 'addrlen', 'type': 'int', 'value': 16}]",1,1
487.238132,7555,7555,7548,1001,4026531840,tsm,ip-10-100-1-217,42,connect,[],3,-114,"[{'name': 'sockfd', 'type': 'int', 'value': 333}, {'name': 'addr', 'type': 'struct sockaddr*', 'value': ""{'sa_family': 'AF_INET','sin_port': '22','sin_addr': '192.168.19.112'}""}, {'name': 'addrlen', 'type': 'int', 'value': 16}]",1,1
487.238154,7555,7555,7548,1001,4026531840,tsm,ip-10-100-1-217,42,connect,[],3,-114,"[{'name': 'sockfd', 'type': 'int', 'value': 334}, {'name': 'addr', 'type': 'struct sockaddr*', 'value': ""{'sa_family': 'AF_INET','sin_port': '22','sin_addr': '192.168.19.113'}""}, {'name': 'addrlen', 'type': 'int', 'value': 16}]",1,1
487.238176,7555,7555,7548,1001,4026531840,tsm,ip-10-100-1-217,42,connect,[],3,-114,"[{'name': 'sockfd', 'type': 'int', 'value': 335}, {'name': 'addr', 'type': 'struct sockaddr*', 'value': ""{'sin_port': '22','sin_addr': '192.168.19.114','sa_family': 'AF_INET'}""}, {'name': 'addrlen', 'type': 'int', 'value': 16}]",1,1
487.238198,7555,7555,7548,1001,4026531840,tsm,ip-10-100-1-217,42,connect,[],3,-114,"[{'name': 'sockfd', 'type': 'int', 'value': 336}, {'name': 'addr', 'type': 'struct sockaddr*', 'value': ""{'sin_port': '22','sin_addr': '192.168.19.115','sa_family': 'AF_INET'}""}, {'name': 'addrlen', 'type': 'int', 'value': 16}]",1,1
487.23822,7555,7555,7548,1001,4026531840,tsm,ip-10-100-1-217,42,connect,[],3,-114,"[{'name': 'sockfd', 'type': 'int', 'value': 337}, {'name': 'addr', 'type': 'struct sockaddr*', 'value': ""{'sa_family': 'AF_INET','sin_port': '22','sin_addr': '192.168.19.116'}""}, {'name': 'addrlen', 'type': 'int', 'value': 16}]",1,1
487.238243,7555,7555,7548,1001,4026531840,tsm,ip-10-100-1-217,42,connect,[],3,-114,"[{'name': 'sockfd', 'type': 'int', 'value': 338}, {'name': 'addr', 'type': 'struct sockaddr*', 'value': ""{'sa_family': 'AF_INET','sin_port': '22','sin_addr': '192.168.19.117'}""}, {'name': 'addrlen', 'type': 'int', 'value': 16}]",1,1
487.238265,7555,7555,7548,1001,4026531840,tsm,ip-10-100-1-217,42,connect,[],3,-114,"[{'name': 'sockfd', 'type': 'int', 'value': 339}, {'name': 'addr', 'type': 'struct sockaddr*', 'value': ""{'sa_family': 'AF_INET','sin_port': '22','sin_addr': '192.168.19.118'}""}, {'name': 'addrlen', 'type': 'int', 'value': 16}]",1,1
487.238287,7555,7555,7548,1001,4026531840,tsm,ip-10-100-1-217,42,connect,[],3,-114,"[{'name': 'sockfd', 'type': 'int', 'value': 340}, {'name': 'addr', 'type': 'struct sockaddr*', 'value': ""{'sa_family': 'AF_INET','sin_port': '22','sin_addr': '192.168.19.119'}""}, {'name': 'addrlen', 'type': 'int', 'value': 16}]",1,1
487.238309,7555,7555,7548,1001,4026531840,tsm,ip-10-100-1-217,42,connect,[],3,-114,"[{'name': 'sockfd', 'type': 'int', 'value': 341}, {'name': 'addr', 'type': 'struct sockaddr*', 'value': ""{'sa_family': 'AF_INET','sin_port': '22','sin_addr': '192.168.19.120'}""}, {'name': 'addrlen', 'type': 'int', 'value': 16}]",1,1
487.238331,7555,7555,7548,1001,4026531840,tsm,ip-10-100-1-217,42,connect,[],3,-114,"[{'name': 'sockfd', 'type': 'int', 'value': 342}, {'name': 'addr', 'type': 'struct sockaddr*', 'value': ""{'sa_family': 'AF_INET','sin_port': '22','sin_addr': '192.168.19.121'}""}, {'name': 'addrlen', 'type': 'int', 'value': 16}]",1,1
487.238353,7555,7555,7548,1001,4026531840,tsm,ip-10-100-1-217,42,connect,[],3,-114,"[{'name': 'sockfd', 'type': 'int', 'value': 343}, {'name': 'addr', 'type': 'struct sockaddr*', 'value': ""{'sa_family': 'AF_INET','sin_port': '22','sin_addr': '192.168.19.122'}""}, {'name': 'addrlen', 'type': 'int', 'value': 16}]",1,1
487.238375,7555,7555,7548,1001,4026531840,tsm,ip-10-100-1-217,42,connect,[],3,-114,"[{'name': 'sockfd', 'type': 'int', 'value': 344}, {'name': 'addr', 'type': 'struct sockaddr*', 'value': ""{'sa_family': 'AF_INET','sin_port': '22','sin_addr': '192.168.19.123'}""}, {'name': 'addrlen', 'type': 'int', 'value': 16}]",1,1
487.238397,7555,7555,7548,1001,4026531840,tsm,ip-10-100-1-217,42,connect,[],3,-114,"[{'name': 'sockfd', 'type': 'int', 'value': 345}, {'name': 'addr', 'type': 'struct sockaddr*', 'value': ""{'sa_family': 'AF_INET','sin_port': '22','sin_addr': '192.168.19.124'}""}, {'name': 'addrlen', 'type': 'int', 'value': 16}]",1,1
487.238419,7555,7555,7548,1001,4026531840,tsm,ip-10-100-1-217,42,connect,[],3,-114,"[{'name': 'sockfd', 'type': 'int', 'value': 346}, {'name': 'addr', 'type': 'struct sockaddr*', 'value': ""{'sa_family': 'AF_INET','sin_port': '22','sin_addr': '192.168.19.125'}""}, {'name': 'addrlen', 'type': 'int', 'value': 16}]",1,1
487.238441,7555,7555,7548,1001,4026531840,tsm,ip-10-100-1-217,42,connect,[],3,-114,"[{'name': 'sockfd', 'type': 'int', 'value': 347}, {'name': 'addr', 'type': 'struct sockaddr*', 'value': ""{'sa_family': 'AF_INET','sin_port': '22','sin_addr': '192.168.19.126'}""}, {'name': 'addrlen', 'type': 'int', 'value': 16}]",1,1
487.240882,7555,7555,7548,1001,4026531840,tsm,ip-10-100-1-217,42,connect,[],3,-114,"[{'name': 'sockfd', 'type': 'int', 'value': 348}, {'name': 'addr', 'type': 'struct sockaddr*', 'value': ""{'sa_family': 'AF_INET','sin_port': '22','sin_addr': '192.168.19.127'}""}, {'name': 'addrlen', 'type': 'int', 'value': 16}]",1,1
487.240911,7555,7555,7548,1001,4026531840,tsm,ip-10-100-1-217,42,connect,[],3,-114,"[{'name': 'sockfd', 'type': 'int', 'value': 349}, {'name': 'addr', 'type': 'struct sockaddr*', 'value': ""{'sa_family': 'AF_INET','sin_port': '22','sin_addr': '192.168.19.128'}""}, {'name': 'addrlen', 'type': 'int', 'value': 16}]",1,1
487.240934,7555,7555,7548,1001,4026531840,tsm,ip-10-100-1-217,42,connect,[],3,-114,"[{'name': 'sockfd', 'type': 'int', 'value': 350}, {'name': 'addr', 'type': 'struct sockaddr*', 'value': ""{'sa_family': 'AF_INET','sin_port': '22','sin_addr': '192.168.19.129'}""}, {'name': 'addrlen', 'type': 'int', 'value': 16}]",1,1
487.240956,7555,7555,7548,1001,4026531840,tsm,ip-10-100-1-217,42,connect,[],3,-114,"[{'name': 'sockfd', 'type': 'int', 'value': 351}, {'name': 'addr', 'type': 'struct sockaddr*', 'value': ""{'sa_family': 'AF_INET','sin_port': '22','sin_addr': '192.168.19.130'}""}, {'name': 'addrlen', 'type': 'int', 'value': 16}]",1,1
487.240977,7555,7555,7548,1001,4026531840,tsm,ip-10-100-1-217,42,connect,[],3,-114,"[{'name': 'sockfd', 'type': 'int', 'value': 352}, {'name': 'addr', 'type': 'struct sockaddr*', 'value': ""{'sa_family': 'AF_INET','sin_port': '22','sin_addr': '192.168.19.131'}""}, {'name': 'addrlen', 'type': 'int', 'value': 16}]",1,1
487.241022,7555,7555,7548,1001,4026531840,tsm,ip-10-100-1-217,42,connect,[],3,-114,"[{'name': 'sockfd', 'type': 'int', 'value': 353}, {'name': 'addr', 'type': 'struct sockaddr*', 'value': ""{'sin_addr': '192.168.19.132','sa_family': 'AF_INET','sin_port': '22'}""}, {'name': 'addrlen', 'type': 'int', 'value': 16}]",1,1
487.241051,7555,7555,7548,1001,4026531840,tsm,ip-10-100-1-217,42,connect,[],3,-114,"[{'name': 'sockfd', 'type': 'int', 'value': 354}, {'name': 'addr', 'type': 'struct sockaddr*', 'value': ""{'sa_family': 'AF_INET','sin_port': '22','sin_addr': '192.168.19.133'}""}, {'name': 'addrlen', 'type': 'int', 'value': 16}]",1,1
487.241074,7555,7555,7548,1001,4026531840,tsm,ip-10-100-1-217,42,connect,[],3,-114,"[{'name': 'sockfd', 'type': 'int', 'value': 355}, {'name': 'addr', 'type': 'struct sockaddr*', 'value': ""{'sa_family': 'AF_INET','sin_port': '22','sin_addr': '192.168.19.134'}""}, {'name': 'addrlen', 'type': 'int', 'value': 16}]",1,1
487.241096,7555,7555,7548,1001,4026531840,tsm,ip-10-100-1-217,42,connect,[],3,-114,"[{'name': 'sockfd', 'type': 'int', 'value': 356}, {'name': 'addr', 'type': 'struct sockaddr*', 'value': ""{'sa_family': 'AF_INET','sin_port': '22','sin_addr': '192.168.19.135'}""}, {'name': 'addrlen', 'type': 'int', 'value': 16}]",1,1
487.241122,7555,7555,7548,1001,4026531840,tsm,ip-10-100-1-217,42,connect,[],3,-114,"[{'name': 'sockfd', 'type': 'int', 'value': 357}, {'name': 'addr', 'type': 'struct sockaddr*', 'value': ""{'sa_family': 'AF_INET','sin_port': '22','sin_addr': '192.168.19.136'}""}, {'name': 'addrlen', 'type': 'int', 'value': 16}]",1,1
487.241144,7555,7555,7548,1001,4026531840,tsm,ip-10-100-1-217,42,connect,[],3,-114,"[{'name': 'sockfd', 'type': 'int', 'value': 358}, {'name': 'addr', 'type': 'struct sockaddr*', 'value': ""{'sa_family': 'AF_INET','sin_port': '22','sin_addr': '192.168.19.137'}""}, {'name': 'addrlen', 'type': 'int', 'value': 16}]",1,1
487.241166,7555,7555,7548,1001,4026531840,tsm,ip-10-100-1-217,42,connect,[],3,-114,"[{'name': 'sockfd', 'type': 'int', 'value': 359}, {'name': 'addr', 'type': 'struct sockaddr*', 'value': ""{'sa_family': 'AF_INET','sin_port': '22','sin_addr': '192.168.19.138'}""}, {'name': 'addrlen', 'type': 'int', 'value': 16}]",1,1
487.241188,7555,7555,7548,1001,4026531840,tsm,ip-10-100-1-217,42,connect,[],3,-114,"[{'name': 'sockfd', 'type': 'int', 'value': 360}, {'name': 'addr', 'type': 'struct sockaddr*', 'value': ""{'sa_family': 'AF_INET','sin_port': '22','sin_addr': '192.168.19.139'}""}, {'name': 'addrlen', 'type': 'int', 'value': 16}]",1,1
487.24121,7555,7555,7548,1001,4026531840,tsm,ip-10-100-1-217,42,connect,[],3,-114,"[{'name': 'sockfd', 'type': 'int', 'value': 361}, {'name': 'addr', 'type': 'struct sockaddr*', 'value': ""{'sa_family': 'AF_INET','sin_port': '22','sin_addr': '192.168.19.140'}""}, {'name': 'addrlen', 'type': 'int', 'value': 16}]",1,1
487.241232,7555,7555,7548,1001,4026531840,tsm,ip-10-100-1-217,42,connect,[],3,-114,"[{'name': 'sockfd', 'type': 'int', 'value': 362}, {'name': 'addr', 'type': 'struct sockaddr*', 'value': ""{'sa_family': 'AF_INET','sin_port': '22','sin_addr': '192.168.19.141'}""}, {'name': 'addrlen', 'type': 'int', 'value': 16}]",1,1
487.241254,7555,7555,7548,1001,4026531840,tsm,ip-10-100-1-217,42,connect,[],3,-114,"[{'name': 'sockfd', 'type': 'int', 'value': 363}, {'name': 'addr', 'type': 'struct sockaddr*', 'value': ""{'sa_family': 'AF_INET','sin_port': '22','sin_addr': '192.168.19.142'}""}, {'name': 'addrlen', 'type': 'int', 'value': 16}]",1,1
487.241276,7555,7555,7548,1001,4026531840,tsm,ip-10-100-1-217,42,connect,[],3,-114,"[{'name': 'sockfd', 'type': 'int', 'value': 364}, {'name': 'addr', 'type': 'struct sockaddr*', 'value': ""{'sa_family': 'AF_INET','sin_port': '22','sin_addr': '192.168.19.143'}""}, {'name': 'addrlen', 'type': 'int', 'value': 16}]",1,1
487.241298,7555,7555,7548,1001,4026531840,tsm,ip-10-100-1-217,42,connect,[],3,-114,"[{'name': 'sockfd', 'type': 'int', 'value': 365}, {'name': 'addr', 'type': 'struct sockaddr*', 'value': ""{'sa_family': 'AF_INET','sin_port': '22','sin_addr': '192.168.19.144'}""}, {'name': 'addrlen', 'type': 'int', 'value': 16}]",1,1
487.24132,7555,7555,7548,1001,4026531840,tsm,ip-10-100-1-217,42,connect,[],3,-114,"[{'name': 'sockfd', 'type': 'int', 'value': 366}, {'name': 'addr', 'type': 'struct sockaddr*', 'value': ""{'sin_addr': '192.168.19.145','sa_family': 'AF_INET','sin_port': '22'}""}, {'name': 'addrlen', 'type': 'int', 'value': 16}]",1,1
487.241342,7555,7555,7548,1001,4026531840,tsm,ip-10-100-1-217,42,connect,[],3,-114,"[{'name': 'sockfd', 'type': 'int', 'value': 367}, {'name': 'addr', 'type': 'struct sockaddr*', 'value': ""{'sa_family': 'AF_INET','sin_port': '22','sin_addr': '192.168.19.146'}""}, {'name': 'addrlen', 'type': 'int', 'value': 16}]",1,1
487.241365,7555,7555,7548,1001,4026531840,tsm,ip-10-100-1-217,42,connect,[],3,-114,"[{'name': 'sockfd', 'type': 'int', 'value': 368}, {'name': 'addr', 'type': 'struct sockaddr*', 'value': ""{'sin_port': '22','sin_addr': '192.168.19.147','sa_family': 'AF_INET'}""}, {'name': 'addrlen', 'type': 'int', 'value': 16}]",1,1
487.241389,7555,7555,7548,1001,4026531840,tsm,ip-10-100-1-217,42,connect,[],3,-114,"[{'name': 'sockfd', 'type': 'int', 'value': 369}, {'name': 'addr', 'type': 'struct sockaddr*', 'value': ""{'sa_family': 'AF_INET','sin_port': '22','sin_addr': '192.168.19.148'}""}, {'name': 'addrlen', 'type': 'int', 'value': 16}]",1,1
487.241411,7555,7555,7548,1001,4026531840,tsm,ip-10-100-1-217,42,connect,[],3,-114,"[{'name': 'sockfd', 'type': 'int', 'value': 370}, {'name': 'addr', 'type': 'struct sockaddr*', 'value': ""{'sa_family': 'AF_INET','sin_port': '22','sin_addr': '192.168.19.149'}""}, {'name': 'addrlen', 'type': 'int', 'value': 16}]",1,1
487.241433,7555,7555,7548,1001,4026531840,tsm,ip-10-100-1-217,42,connect,[],3,-114,"[{'name': 'sockfd', 'type': 'int', 'value': 371}, {'name': 'addr', 'type': 'struct sockaddr*', 'value': ""{'sa_family': 'AF_INET','sin_port': '22','sin_addr': '192.168.19.150'}""}, {'name': 'addrlen', 'type': 'int', 'value': 16}]",1,1
487.241455,7555,7555,7548,1001,4026531840,tsm,ip-10-100-1-217,42,connect,[],3,-114,"[{'name': 'sockfd', 'type': 'int', 'value': 372}, {'name': 'addr', 'type': 'struct sockaddr*', 'value': ""{'sa_family': 'AF_INET','sin_port': '22','sin_addr': '192.168.19.151'}""}, {'name': 'addrlen', 'type': 'int', 'value': 16}]",1,1
487.241477,7555,7555,7548,1001,4026531840,tsm,ip-10-100-1-217,42,connect,[],3,-114,"[{'name': 'sockfd', 'type': 'int', 'value': 373}, {'name': 'addr', 'type': 'struct sockaddr*', 'value': ""{'sa_family': 'AF_INET','sin_port': '22','sin_addr': '192.168.19.152'}""}, {'name': 'addrlen', 'type': 'int', 'value': 16}]",1,1
487.241499,7555,7555,7548,1001,4026531840,tsm,ip-10-100-1-217,42,connect,[],3,-114,"[{'name': 'sockfd', 'type': 'int', 'value': 374}, {'name': 'addr', 'type': 'struct sockaddr*', 'value': ""{'sa_family': 'AF_INET','sin_port': '22','sin_addr': '192.168.19.153'}""}, {'name': 'addrlen', 'type': 'int', 'value': 16}]",1,1
487.241521,7555,7555,7548,1001,4026531840,tsm,ip-10-100-1-217,42,connect,[],3,-114,"[{'name': 'sockfd', 'type': 'int', 'value': 375}, {'name': 'addr', 'type': 'struct sockaddr*', 'value': ""{'sa_family': 'AF_INET','sin_port': '22','sin_addr': '192.168.19.154'}""}, {'name': 'addrlen', 'type': 'int', 'value': 16}]",1,1
487.241544,7555,7555,7548,1001,4026531840,tsm,ip-10-100-1-217,42,connect,[],3,-114,"[{'name': 'sockfd', 'type': 'int', 'value': 376}, {'name': 'addr', 'type': 'struct sockaddr*', 'value': ""{'sa_family': 'AF_INET','sin_port': '22','sin_addr': '192.168.19.155'}""}, {'name': 'addrlen', 'type': 'int', 'value': 16}]",1,1
487.241566,7555,7555,7548,1001,4026531840,tsm,ip-10-100-1-217,42,connect,[],3,-114,"[{'name': 'sockfd', 'type': 'int', 'value': 377}, {'name': 'addr', 'type': 'struct sockaddr*', 'value': ""{'sa_family': 'AF_INET','sin_port': '22','sin_addr': '192.168.19.156'}""}, {'name': 'addrlen', 'type': 'int', 'value': 16}]",1,1
487.241588,7555,7555,7548,1001,4026531840,tsm,ip-10-100-1-217,42,connect,[],3,-114,"[{'name': 'sockfd', 'type': 'int', 'value': 378}, {'name': 'addr', 'type': 'struct sockaddr*', 'value': ""{'sin_addr': '192.168.19.157','sa_family': 'AF_INET','sin_port': '22'}""}, {'name': 'addrlen', 'type': 'int', 'value': 16}]",1,1
487.24161,7555,7555,7548,1001,4026531840,tsm,ip-10-100-1-217,42,connect,[],3,-114,"[{'name': 'sockfd', 'type': 'int', 'value': 379}, {'name': 'addr', 'type': 'struct sockaddr*', 'value': ""{'sa_family': 'AF_INET','sin_port': '22','sin_addr': '192.168.19.158'}""}, {'name': 'addrlen', 'type': 'int', 'value': 16}]",1,1
487.241632,7555,7555,7548,1001,4026531840,tsm,ip-10-100-1-217,42,connect,[],3,-114,"[{'name': 'sockfd', 'type': 'int', 'value': 380}, {'name': 'addr', 'type': 'struct sockaddr*', 'value': ""{'sa_family': 'AF_INET','sin_port': '22','sin_addr': '192.168.19.159'}""}, {'name': 'addrlen', 'type': 'int', 'value': 16}]",1,1
487.241654,7555,7555,7548,1001,4026531840,tsm,ip-10-100-1-217,42,connect,[],3,-114,"[{'name': 'sockfd', 'type': 'int', 'value': 381}, {'name': 'addr', 'type': 'struct sockaddr*', 'value': ""{'sin_addr': '192.168.19.160','sa_family': 'AF_INET','sin_port': '22'}""}, {'name': 'addrlen', 'type': 'int', 'value': 16}]",1,1
487.241676,7555,7555,7548,1001,4026531840,tsm,ip-10-100-1-217,42,connect,[],3,-114,"[{'name': 'sockfd', 'type': 'int', 'value': 382}, {'name': 'addr', 'type': 'struct sockaddr*', 'value': ""{'sa_family': 'AF_INET','sin_port': '22','sin_addr': '192.168.19.161'}""}, {'name': 'addrlen', 'type': 'int', 'value': 16}]",1,1
487.241698,7555,7555,7548,1001,4026531840,tsm,ip-10-100-1-217,42,connect,[],3,-114,"[{'name': 'sockfd', 'type': 'int', 'value': 383}, {'name': 'addr', 'type': 'struct sockaddr*', 'value': ""{'sa_family': 'AF_INET','sin_port': '22','sin_addr': '192.168.19.162'}""}, {'name': 'addrlen', 'type': 'int', 'value': 16}]",1,1
487.24172,7555,7555,7548,1001,4026531840,tsm,ip-10-100-1-217,42,connect,[],3,-114,"[{'name': 'sockfd', 'type': 'int', 'value': 384}, {'name': 'addr', 'type': 'struct sockaddr*', 'value': ""{'sa_family': 'AF_INET','sin_port': '22','sin_addr': '192.168.19.163'}""}, {'name': 'addrlen', 'type': 'int', 'value': 16}]",1,1
487.241742,7555,7555,7548,1001,4026531840,tsm,ip-10-100-1-217,42,connect,[],3,-114,"[{'name': 'sockfd', 'type': 'int', 'value': 385}, {'name': 'addr', 'type': 'struct sockaddr*', 'value': ""{'sa_family': 'AF_INET','sin_port': '22','sin_addr': '192.168.19.164'}""}, {'name': 'addrlen', 'type': 'int', 'value': 16}]",1,1
487.241764,7555,7555,7548,1001,4026531840,tsm,ip-10-100-1-217,42,connect,[],3,-114,"[{'name': 'sockfd', 'type': 'int', 'value': 386}, {'name': 'addr', 'type': 'struct sockaddr*', 'value': ""{'sin_addr': '192.168.19.165','sa_family': 'AF_INET','sin_port': '22'}""}, {'name': 'addrlen', 'type': 'int', 'value': 16}]",1,1
487.241786,7555,7555,7548,1001,4026531840,tsm,ip-10-100-1-217,42,connect,[],3,-114,"[{'name': 'sockfd', 'type': 'int', 'value': 387}, {'name': 'addr', 'type': 'struct sockaddr*', 'value': ""{'sa_family': 'AF_INET','sin_port': '22','sin_addr': '192.168.19.166'}""}, {'name': 'addrlen', 'type': 'int', 'value': 16}]",1,1
487.241808,7555,7555,7548,1001,4026531840,tsm,ip-10-100-1-217,42,connect,[],3,-114,"[{'name': 'sockfd', 'type': 'int', 'value': 388}, {'name': 'addr', 'type': 'struct sockaddr*', 'value': ""{'sa_family': 'AF_INET','sin_port': '22','sin_addr': '192.168.19.167'}""}, {'name': 'addrlen', 'type': 'int', 'value': 16}]",1,1
487.24183,7555,7555,7548,1001,4026531840,tsm,ip-10-100-1-217,42,connect,[],3,-114,"[{'name': 'sockfd', 'type': 'int', 'value': 389}, {'name': 'addr', 'type': 'struct sockaddr*', 'value': ""{'sa_family': 'AF_INET','sin_port': '22','sin_addr': '192.168.19.168'}""}, {'name': 'addrlen', 'type': 'int', 'value': 16}]",1,1
487.241853,7555,7555,7548,1001,4026531840,tsm,ip-10-100-1-217,42,connect,[],3,-114,"[{'name': 'sockfd', 'type': 'int', 'value': 390}, {'name': 'addr', 'type': 'struct sockaddr*', 'value': ""{'sa_family': 'AF_INET','sin_port': '22','sin_addr': '192.168.19.169'}""}, {'name': 'addrlen', 'type': 'int', 'value': 16}]",1,1
487.241875,7555,7555,7548,1001,4026531840,tsm,ip-10-100-1-217,42,connect,[],3,-114,"[{'name': 'sockfd', 'type': 'int', 'value': 391}, {'name': 'addr', 'type': 'struct sockaddr*', 'value': ""{'sa_family': 'AF_INET','sin_port': '22','sin_addr': '192.168.19.170'}""}, {'name': 'addrlen', 'type': 'int', 'value': 16}]",1,1
487.241897,7555,7555,7548,1001,4026531840,tsm,ip-10-100-1-217,42,connect,[],3,-114,"[{'name': 'sockfd', 'type': 'int', 'value': 392}, {'name': 'addr', 'type': 'struct sockaddr*', 'value': ""{'sa_family': 'AF_INET','sin_port': '22','sin_addr': '192.168.19.171'}""}, {'name': 'addrlen', 'type': 'int', 'value': 16}]",1,1
487.241919,7555,7555,7548,1001,4026531840,tsm,ip-10-100-1-217,42,connect,[],3,-114,"[{'name': 'sockfd', 'type': 'int', 'value': 393}, {'name': 'addr', 'type': 'struct sockaddr*', 'value': ""{'sa_family': 'AF_INET','sin_port': '22','sin_addr': '192.168.19.172'}""}, {'name': 'addrlen', 'type': 'int', 'value': 16}]",1,1
487.241941,7555,7555,7548,1001,4026531840,tsm,ip-10-100-1-217,42,connect,[],3,-114,"[{'name': 'sockfd', 'type': 'int', 'value': 394}, {'name': 'addr', 'type': 'struct sockaddr*', 'value': ""{'sa_family': 'AF_INET','sin_port': '22','sin_addr': '192.168.19.173'}""}, {'name': 'addrlen', 'type': 'int', 'value': 16}]",1,1
487.241963,7555,7555,7548,1001,4026531840,tsm,ip-10-100-1-217,42,connect,[],3,-114,"[{'name': 'sockfd', 'type': 'int', 'value': 395}, {'name': 'addr', 'type': 'struct sockaddr*', 'value': ""{'sa_family': 'AF_INET','sin_port': '22','sin_addr': '192.168.19.174'}""}, {'name': 'addrlen', 'type': 'int', 'value': 16}]",1,1
487.241985,7555,7555,7548,1001,4026531840,tsm,ip-10-100-1-217,42,connect,[],3,-114,"[{'name': 'sockfd', 'type': 'int', 'value': 396}, {'name': 'addr', 'type': 'struct sockaddr*', 'value': ""{'sin_addr': '192.168.19.175','sa_family': 'AF_INET','sin_port': '22'}""}, {'name': 'addrlen', 'type': 'int', 'value': 16}]",1,1
487.242007,7555,7555,7548,1001,4026531840,tsm,ip-10-100-1-217,42,connect,[],3,-114,"[{'name': 'sockfd', 'type': 'int', 'value': 397}, {'name': 'addr', 'type': 'struct sockaddr*', 'value': ""{'sin_addr': '192.168.19.176','sa_family': 'AF_INET','sin_port': '22'}""}, {'name': 'addrlen', 'type': 'int', 'value': 16}]",1,1
487.242029,7555,7555,7548,1001,4026531840,tsm,ip-10-100-1-217,42,connect,[],3,-114,"[{'name': 'sockfd', 'type': 'int', 'value': 398}, {'name': 'addr', 'type': 'struct sockaddr*', 'value': ""{'sin_addr': '192.168.19.177','sa_family': 'AF_INET','sin_port': '22'}""}, {'name': 'addrlen', 'type': 'int', 'value': 16}]",1,1
487.242051,7555,7555,7548,1001,4026531840,tsm,ip-10-100-1-217,42,connect,[],3,-114,"[{'name': 'sockfd', 'type': 'int', 'value': 399}, {'name': 'addr', 'type': 'struct sockaddr*', 'value': ""{'sa_family': 'AF_INET','sin_port': '22','sin_addr': '192.168.19.178'}""}, {'name': 'addrlen', 'type': 'int', 'value': 16}]",1,1
487.242074,7555,7555,7548,1001,4026531840,tsm,ip-10-100-1-217,42,connect,[],3,-114,"[{'name': 'sockfd', 'type': 'int', 'value': 400}, {'name': 'addr', 'type': 'struct sockaddr*', 'value': ""{'sa_family': 'AF_INET','sin_port': '22','sin_addr': '192.168.19.179'}""}, {'name': 'addrlen', 'type': 'int', 'value': 16}]",1,1
487.242096,7555,7555,7548,1001,4026531840,tsm,ip-10-100-1-217,42,connect,[],3,-114,"[{'name': 'sockfd', 'type': 'int', 'value': 401}, {'name': 'addr', 'type': 'struct sockaddr*', 'value': ""{'sa_family': 'AF_INET','sin_port': '22','sin_addr': '192.168.19.180'}""}, {'name': 'addrlen', 'type': 'int', 'value': 16}]",1,1
487.242118,7555,7555,7548,1001,4026531840,tsm,ip-10-100-1-217,42,connect,[],3,-114,"[{'name': 'sockfd', 'type': 'int', 'value': 402}, {'name': 'addr', 'type': 'struct sockaddr*', 'value': ""{'sa_family': 'AF_INET','sin_port': '22','sin_addr': '192.168.19.181'}""}, {'name': 'addrlen', 'type': 'int', 'value': 16}]",1,1
487.24214,7555,7555,7548,1001,4026531840,tsm,ip-10-100-1-217,42,connect,[],3,-114,"[{'name': 'sockfd', 'type': 'int', 'value': 403}, {'name': 'addr', 'type': 'struct sockaddr*', 'value': ""{'sa_family': 'AF_INET','sin_port': '22','sin_addr': '192.168.19.182'}""}, {'name': 'addrlen', 'type': 'int', 'value': 16}]",1,1
487.242162,7555,7555,7548,1001,4026531840,tsm,ip-10-100-1-217,42,connect,[],3,-114,"[{'name': 'sockfd', 'type': 'int', 'value': 404}, {'name': 'addr', 'type': 'struct sockaddr*', 'value': ""{'sa_family': 'AF_INET','sin_port': '22','sin_addr': '192.168.19.183'}""}, {'name': 'addrlen', 'type': 'int', 'value': 16}]",1,1
487.242184,7555,7555,7548,1001,4026531840,tsm,ip-10-100-1-217,42,connect,[],3,-114,"[{'name': 'sockfd', 'type': 'int', 'value': 405}, {'name': 'addr', 'type': 'struct sockaddr*', 'value': ""{'sa_family': 'AF_INET','sin_port': '22','sin_addr': '192.168.19.184'}""}, {'name': 'addrlen', 'type': 'int', 'value': 16}]",1,1
487.242206,7555,7555,7548,1001,4026531840,tsm,ip-10-100-1-217,42,connect,[],3,-114,"[{'name': 'sockfd', 'type': 'int', 'value': 406}, {'name': 'addr', 'type': 'struct sockaddr*', 'value': ""{'sa_family': 'AF_INET','sin_port': '22','sin_addr': '192.168.19.185'}""}, {'name': 'addrlen', 'type': 'int', 'value': 16}]",1,1
487.242228,7555,7555,7548,1001,4026531840,tsm,ip-10-100-1-217,42,connect,[],3,-114,"[{'name': 'sockfd', 'type': 'int', 'value': 407}, {'name': 'addr', 'type': 'struct sockaddr*', 'value': ""{'sa_family': 'AF_INET','sin_port': '22','sin_addr': '192.168.19.186'}""}, {'name': 'addrlen', 'type': 'int', 'value': 16}]",1,1
487.24225,7555,7555,7548,1001,4026531840,tsm,ip-10-100-1-217,42,connect,[],3,-114,"[{'name': 'sockfd', 'type': 'int', 'value': 408}, {'name': 'addr', 'type': 'struct sockaddr*', 'value': ""{'sin_addr': '192.168.19.187','sa_family': 'AF_INET','sin_port': '22'}""}, {'name': 'addrlen', 'type': 'int', 'value': 16}]",1,1
487.242272,7555,7555,7548,1001,4026531840,tsm,ip-10-100-1-217,42,connect,[],3,-114,"[{'name': 'sockfd', 'type': 'int', 'value': 409}, {'name': 'addr', 'type': 'struct sockaddr*', 'value': ""{'sin_port': '22','sin_addr': '192.168.19.188','sa_family': 'AF_INET'}""}, {'name': 'addrlen', 'type': 'int', 'value': 16}]",1,1
487.242294,7555,7555,7548,1001,4026531840,tsm,ip-10-100-1-217,42,connect,[],3,-114,"[{'name': 'sockfd', 'type': 'int', 'value': 410}, {'name': 'addr', 'type': 'struct sockaddr*', 'value': ""{'sa_family': 'AF_INET','sin_port': '22','sin_addr': '192.168.19.189'}""}, {'name': 'addrlen', 'type': 'int', 'value': 16}]",1,1
487.242316,7555,7555,7548,1001,4026531840,tsm,ip-10-100-1-217,42,connect,[],3,-114,"[{'name': 'sockfd', 'type': 'int', 'value': 411}, {'name': 'addr', 'type': 'struct sockaddr*', 'value': ""{'sa_family': 'AF_INET','sin_port': '22','sin_addr': '192.168.19.190'}""}, {'name': 'addrlen', 'type': 'int', 'value': 16}]",1,1
487.242339,7555,7555,7548,1001,4026531840,tsm,ip-10-100-1-217,42,connect,[],3,-114,"[{'name': 'sockfd', 'type': 'int', 'value': 412}, {'name': 'addr', 'type': 'struct sockaddr*', 'value': ""{'sa_family': 'AF_INET','sin_port': '22','sin_addr': '192.168.19.191'}""}, {'name': 'addrlen', 'type': 'int', 'value': 16}]",1,1
487.242361,7555,7555,7548,1001,4026531840,tsm,ip-10-100-1-217,42,connect,[],3,-114,"[{'name': 'sockfd', 'type': 'int', 'value': 413}, {'name': 'addr', 'type': 'struct sockaddr*', 'value': ""{'sa_family': 'AF_INET','sin_port': '22','sin_addr': '192.168.19.192'}""}, {'name': 'addrlen', 'type': 'int', 'value': 16}]",1,1
487.242383,7555,7555,7548,1001,4026531840,tsm,ip-10-100-1-217,42,connect,[],3,-114,"[{'name': 'sockfd', 'type': 'int', 'value': 414}, {'name': 'addr', 'type': 'struct sockaddr*', 'value': ""{'sin_addr': '192.168.19.193','sa_family': 'AF_INET','sin_port': '22'}""}, {'name': 'addrlen', 'type': 'int', 'value': 16}]",1,1
487.242405,7555,7555,7548,1001,4026531840,tsm,ip-10-100-1-217,42,connect,[],3,-114,"[{'name': 'sockfd', 'type': 'int', 'value': 415}, {'name': 'addr', 'type': 'struct sockaddr*', 'value': ""{'sa_family': 'AF_INET','sin_port': '22','sin_addr': '192.168.19.194'}""}, {'name': 'addrlen', 'type': 'int', 'value': 16}]",1,1
487.242427,7555,7555,7548,1001,4026531840,tsm,ip-10-100-1-217,42,connect,[],3,-114,"[{'name': 'sockfd', 'type': 'int', 'value': 416}, {'name': 'addr', 'type': 'struct sockaddr*', 'value': ""{'sa_family': 'AF_INET','sin_port': '22','sin_addr': '192.168.19.195'}""}, {'name': 'addrlen', 'type': 'int', 'value': 16}]",1,1
487.242449,7555,7555,7548,1001,4026531840,tsm,ip-10-100-1-217,42,connect,[],3,-114,"[{'name': 'sockfd', 'type': 'int', 'value': 417}, {'name': 'addr', 'type': 'struct sockaddr*', 'value': ""{'sa_family': 'AF_INET','sin_port': '22','sin_addr': '192.168.19.196'}""}, {'name': 'addrlen', 'type': 'int', 'value': 16}]",1,1
487.242482,7555,7555,7548,1001,4026531840,tsm,ip-10-100-1-217,42,connect,[],3,-114,"[{'name': 'sockfd', 'type': 'int', 'value': 418}, {'name': 'addr', 'type': 'struct sockaddr*', 'value': ""{'sa_family': 'AF_INET','sin_port': '22','sin_addr': '192.168.19.197'}""}, {'name': 'addrlen', 'type': 'int', 'value': 16}]",1,1
487.242504,7555,7555,7548,1001,4026531840,tsm,ip-10-100-1-217,42,connect,[],3,-114,"[{'name': 'sockfd', 'type': 'int', 'value': 419}, {'name': 'addr', 'type': 'struct sockaddr*', 'value': ""{'sa_family': 'AF_INET','sin_port': '22','sin_addr': '192.168.19.198'}""}, {'name': 'addrlen', 'type': 'int', 'value': 16}]",1,1
487.242526,7555,7555,7548,1001,4026531840,tsm,ip-10-100-1-217,42,connect,[],3,-114,"[{'name': 'sockfd', 'type': 'int', 'value': 420}, {'name': 'addr', 'type': 'struct sockaddr*', 'value': ""{'sin_addr': '192.168.19.199','sa_family': 'AF_INET','sin_port': '22'}""}, {'name': 'addrlen', 'type': 'int', 'value': 16}]",1,1
487.242548,7555,7555,7548,1001,4026531840,tsm,ip-10-100-1-217,42,connect,[],3,-114,"[{'name': 'sockfd', 'type': 'int', 'value': 421}, {'name': 'addr', 'type': 'struct sockaddr*', 'value': ""{'sa_family': 'AF_INET','sin_port': '22','sin_addr': '192.168.19.200'}""}, {'name': 'addrlen', 'type': 'int', 'value': 16}]",1,1
487.24257,7555,7555,7548,1001,4026531840,tsm,ip-10-100-1-217,42,connect,[],3,-114,"[{'name': 'sockfd', 'type': 'int', 'value': 422}, {'name': 'addr', 'type': 'struct sockaddr*', 'value': ""{'sa_family': 'AF_INET','sin_port': '22','sin_addr': '192.168.19.201'}""}, {'name': 'addrlen', 'type': 'int', 'value': 16}]",1,1
487.242593,7555,7555,7548,1001,4026531840,tsm,ip-10-100-1-217,42,connect,[],3,-114,"[{'name': 'sockfd', 'type': 'int', 'value': 423}, {'name': 'addr', 'type': 'struct sockaddr*', 'value': ""{'sa_family': 'AF_INET','sin_port': '22','sin_addr': '192.168.19.202'}""}, {'name': 'addrlen', 'type': 'int', 'value': 16}]",1,1
487.242615,7555,7555,7548,1001,4026531840,tsm,ip-10-100-1-217,42,connect,[],3,-114,"[{'name': 'sockfd', 'type': 'int', 'value': 424}, {'name': 'addr', 'type': 'struct sockaddr*', 'value': ""{'sin_port': '22','sin_addr': '192.168.19.203','sa_family': 'AF_INET'}""}, {'name': 'addrlen', 'type': 'int', 'value': 16}]",1,1
487.242637,7555,7555,7548,1001,4026531840,tsm,ip-10-100-1-217,42,connect,[],3,-114,"[{'name': 'sockfd', 'type': 'int', 'value': 425}, {'name': 'addr', 'type': 'struct sockaddr*', 'value': ""{'sa_family': 'AF_INET','sin_port': '22','sin_addr': '192.168.19.204'}""}, {'name': 'addrlen', 'type': 'int', 'value': 16}]",1,1
487.242659,7555,7555,7548,1001,4026531840,tsm,ip-10-100-1-217,42,connect,[],3,-114,"[{'name': 'sockfd', 'type': 'int', 'value': 426}, {'name': 'addr', 'type': 'struct sockaddr*', 'value': ""{'sa_family': 'AF_INET','sin_port': '22','sin_addr': '192.168.19.205'}""}, {'name': 'addrlen', 'type': 'int', 'value': 16}]",1,1
487.242681,7555,7555,7548,1001,4026531840,tsm,ip-10-100-1-217,42,connect,[],3,-114,"[{'name': 'sockfd', 'type': 'int', 'value': 427}, {'name': 'addr', 'type': 'struct sockaddr*', 'value': ""{'sin_port': '22','sin_addr': '192.168.19.206','sa_family': 'AF_INET'}""}, {'name': 'addrlen', 'type': 'int', 'value': 16}]",1,1
487.242703,7555,7555,7548,1001,4026531840,tsm,ip-10-100-1-217,42,connect,[],3,-114,"[{'name': 'sockfd', 'type': 'int', 'value': 428}, {'name': 'addr', 'type': 'struct sockaddr*', 'value': ""{'sa_family': 'AF_INET','sin_port': '22','sin_addr': '192.168.19.207'}""}, {'name': 'addrlen', 'type': 'int', 'value': 16}]",1,1
487.242725,7555,7555,7548,1001,4026531840,tsm,ip-10-100-1-217,42,connect,[],3,-114,"[{'name': 'sockfd', 'type': 'int', 'value': 429}, {'name': 'addr', 'type': 'struct sockaddr*', 'value': ""{'sin_addr': '192.168.19.208','sa_family': 'AF_INET','sin_port': '22'}""}, {'name': 'addrlen', 'type': 'int', 'value': 16}]",1,1
487.242747,7555,7555,7548,1001,4026531840,tsm,ip-10-100-1-217,42,connect,[],3,-114,"[{'name': 'sockfd', 'type': 'int', 'value': 430}, {'name': 'addr', 'type': 'struct sockaddr*', 'value': ""{'sa_family': 'AF_INET','sin_port': '22','sin_addr': '192.168.19.209'}""}, {'name': 'addrlen', 'type': 'int', 'value': 16}]",1,1
487.242771,7555,7555,7548,1001,4026531840,tsm,ip-10-100-1-217,42,connect,[],3,-114,"[{'name': 'sockfd', 'type': 'int', 'value': 431}, {'name': 'addr', 'type': 'struct sockaddr*', 'value': ""{'sin_port': '22','sin_addr': '192.168.19.210','sa_family': 'AF_INET'}""}, {'name': 'addrlen', 'type': 'int', 'value': 16}]",1,1
487.242794,7555,7555,7548,1001,4026531840,tsm,ip-10-100-1-217,42,connect,[],3,-114,"[{'name': 'sockfd', 'type': 'int', 'value': 432}, {'name': 'addr', 'type': 'struct sockaddr*', 'value': ""{'sa_family': 'AF_INET','sin_port': '22','sin_addr': '192.168.19.211'}""}, {'name': 'addrlen', 'type': 'int', 'value': 16}]",1,1
487.242816,7555,7555,7548,1001,4026531840,tsm,ip-10-100-1-217,42,connect,[],3,-114,"[{'name': 'sockfd', 'type': 'int', 'value': 433}, {'name': 'addr', 'type': 'struct sockaddr*', 'value': ""{'sa_family': 'AF_INET','sin_port': '22','sin_addr': '192.168.19.212'}""}, {'name': 'addrlen', 'type': 'int', 'value': 16}]",1,1
487.242838,7555,7555,7548,1001,4026531840,tsm,ip-10-100-1-217,42,connect,[],3,-114,"[{'name': 'sockfd', 'type': 'int', 'value': 434}, {'name': 'addr', 'type': 'struct sockaddr*', 'value': ""{'sa_family': 'AF_INET','sin_port': '22','sin_addr': '192.168.19.213'}""}, {'name': 'addrlen', 'type': 'int', 'value': 16}]",1,1
487.24286,7555,7555,7548,1001,4026531840,tsm,ip-10-100-1-217,42,connect,[],3,-114,"[{'name': 'sockfd', 'type': 'int', 'value': 435}, {'name': 'addr', 'type': 'struct sockaddr*', 'value': ""{'sa_family': 'AF_INET','sin_port': '22','sin_addr': '192.168.19.214'}""}, {'name': 'addrlen', 'type': 'int', 'value': 16}]",1,1
487.242882,7555,7555,7548,1001,4026531840,tsm,ip-10-100-1-217,42,connect,[],3,-114,"[{'name': 'sockfd', 'type': 'int', 'value': 436}, {'name': 'addr', 'type': 'struct sockaddr*', 'value': ""{'sa_family': 'AF_INET','sin_port': '22','sin_addr': '192.168.19.215'}""}, {'name': 'addrlen', 'type': 'int', 'value': 16}]",1,1
487.242904,7555,7555,7548,1001,4026531840,tsm,ip-10-100-1-217,42,connect,[],3,-114,"[{'name': 'sockfd', 'type': 'int', 'value': 437}, {'name': 'addr', 'type': 'struct sockaddr*', 'value': ""{'sa_family': 'AF_INET','sin_port': '22','sin_addr': '192.168.19.216'}""}, {'name': 'addrlen', 'type': 'int', 'value': 16}]",1,1
487.242927,7555,7555,7548,1001,4026531840,tsm,ip-10-100-1-217,42,connect,[],3,-114,"[{'name': 'sockfd', 'type': 'int', 'value': 438}, {'name': 'addr', 'type': 'struct sockaddr*', 'value': ""{'sa_family': 'AF_INET','sin_port': '22','sin_addr': '192.168.19.217'}""}, {'name': 'addrlen', 'type': 'int', 'value': 16}]",1,1
487.242949,7555,7555,7548,1001,4026531840,tsm,ip-10-100-1-217,42,connect,[],3,-114,"[{'name': 'sockfd', 'type': 'int', 'value': 439}, {'name': 'addr', 'type': 'struct sockaddr*', 'value': ""{'sa_family': 'AF_INET','sin_port': '22','sin_addr': '192.168.19.218'}""}, {'name': 'addrlen', 'type': 'int', 'value': 16}]",1,1
487.242971,7555,7555,7548,1001,4026531840,tsm,ip-10-100-1-217,42,connect,[],3,-114,"[{'name': 'sockfd', 'type': 'int', 'value': 440}, {'name': 'addr', 'type': 'struct sockaddr*', 'value': ""{'sa_family': 'AF_INET','sin_port': '22','sin_addr': '192.168.19.219'}""}, {'name': 'addrlen', 'type': 'int', 'value': 16}]",1,1
487.242993,7555,7555,7548,1001,4026531840,tsm,ip-10-100-1-217,42,connect,[],3,-114,"[{'name': 'sockfd', 'type': 'int', 'value': 441}, {'name': 'addr', 'type': 'struct sockaddr*', 'value': ""{'sa_family': 'AF_INET','sin_port': '22','sin_addr': '192.168.19.220'}""}, {'name': 'addrlen', 'type': 'int', 'value': 16}]",1,1
487.243015,7555,7555,7548,1001,4026531840,tsm,ip-10-100-1-217,42,connect,[],3,-114,"[{'name': 'sockfd', 'type': 'int', 'value': 442}, {'name': 'addr', 'type': 'struct sockaddr*', 'value': ""{'sin_port': '22','sin_addr': '192.168.19.221','sa_family': 'AF_INET'}""}, {'name': 'addrlen', 'type': 'int', 'value': 16}]",1,1
487.243037,7555,7555,7548,1001,4026531840,tsm,ip-10-100-1-217,42,connect,[],3,-114,"[{'name': 'sockfd', 'type': 'int', 'value': 443}, {'name': 'addr', 'type': 'struct sockaddr*', 'value': ""{'sa_family': 'AF_INET','sin_port': '22','sin_addr': '192.168.19.222'}""}, {'name': 'addrlen', 'type': 'int', 'value': 16}]",1,1
487.243059,7555,7555,7548,1001,4026531840,tsm,ip-10-100-1-217,42,connect,[],3,-114,"[{'name': 'sockfd', 'type': 'int', 'value': 444}, {'name': 'addr', 'type': 'struct sockaddr*', 'value': ""{'sa_family': 'AF_INET','sin_port': '22','sin_addr': '192.168.19.223'}""}, {'name': 'addrlen', 'type': 'int', 'value': 16}]",1,1
487.243081,7555,7555,7548,1001,4026531840,tsm,ip-10-100-1-217,42,connect,[],3,-114,"[{'name': 'sockfd', 'type': 'int', 'value': 445}, {'name': 'addr', 'type': 'struct sockaddr*', 'value': ""{'sin_addr': '192.168.19.224','sa_family': 'AF_INET','sin_port': '22'}""}, {'name': 'addrlen', 'type': 'int', 'value': 16}]",1,1
487.243103,7555,7555,7548,1001,4026531840,tsm,ip-10-100-1-217,42,connect,[],3,-114,"[{'name': 'sockfd', 'type': 'int', 'value': 446}, {'name': 'addr', 'type': 'struct sockaddr*', 'value': ""{'sa_family': 'AF_INET','sin_port': '22','sin_addr': '192.168.19.225'}""}, {'name': 'addrlen', 'type': 'int', 'value': 16}]",1,1
487.243125,7555,7555,7548,1001,4026531840,tsm,ip-10-100-1-217,42,connect,[],3,-114,"[{'name': 'sockfd', 'type': 'int', 'value': 447}, {'name': 'addr', 'type': 'struct sockaddr*', 'value': ""{'sa_family': 'AF_INET','sin_port': '22','sin_addr': '192.168.19.226'}""}, {'name': 'addrlen', 'type': 'int', 'value': 16}]",1,1
487.243147,7555,7555,7548,1001,4026531840,tsm,ip-10-100-1-217,42,connect,[],3,-114,"[{'name': 'sockfd', 'type': 'int', 'value': 448}, {'name': 'addr', 'type': 'struct sockaddr*', 'value': ""{'sin_addr': '192.168.19.227','sa_family': 'AF_INET','sin_port': '22'}""}, {'name': 'addrlen', 'type': 'int', 'value': 16}]",1,1
487.24317,7555,7555,7548,1001,4026531840,tsm,ip-10-100-1-217,42,connect,[],3,-114,"[{'name': 'sockfd', 'type': 'int', 'value': 449}, {'name': 'addr', 'type': 'struct sockaddr*', 'value': ""{'sa_family': 'AF_INET','sin_port': '22','sin_addr': '192.168.19.228'}""}, {'name': 'addrlen', 'type': 'int', 'value': 16}]",1,1
487.243191,7555,7555,7548,1001,4026531840,tsm,ip-10-100-1-217,42,connect,[],3,-114,"[{'name': 'sockfd', 'type': 'int', 'value': 450}, {'name': 'addr', 'type': 'struct sockaddr*', 'value': ""{'sa_family': 'AF_INET','sin_port': '22','sin_addr': '192.168.19.229'}""}, {'name': 'addrlen', 'type': 'int', 'value': 16}]",1,1
487.243213,7555,7555,7548,1001,4026531840,tsm,ip-10-100-1-217,42,connect,[],3,-114,"[{'name': 'sockfd', 'type': 'int', 'value': 451}, {'name': 'addr', 'type': 'struct sockaddr*', 'value': ""{'sin_addr': '192.168.19.230','sa_family': 'AF_INET','sin_port': '22'}""}, {'name': 'addrlen', 'type': 'int', 'value': 16}]",1,1
487.243235,7555,7555,7548,1001,4026531840,tsm,ip-10-100-1-217,42,connect,[],3,-114,"[{'name': 'sockfd', 'type': 'int', 'value': 452}, {'name': 'addr', 'type': 'struct sockaddr*', 'value': ""{'sa_family': 'AF_INET','sin_port': '22','sin_addr': '192.168.19.231'}""}, {'name': 'addrlen', 'type': 'int', 'value': 16}]",1,1
487.243258,7555,7555,7548,1001,4026531840,tsm,ip-10-100-1-217,42,connect,[],3,-114,"[{'name': 'sockfd', 'type': 'int', 'value': 453}, {'name': 'addr', 'type': 'struct sockaddr*', 'value': ""{'sa_family': 'AF_INET','sin_port': '22','sin_addr': '192.168.19.232'}""}, {'name': 'addrlen', 'type': 'int', 'value': 16}]",1,1
487.24328,7555,7555,7548,1001,4026531840,tsm,ip-10-100-1-217,42,connect,[],3,-114,"[{'name': 'sockfd', 'type': 'int', 'value': 454}, {'name': 'addr', 'type': 'struct sockaddr*', 'value': ""{'sa_family': 'AF_INET','sin_port': '22','sin_addr': '192.168.19.233'}""}, {'name': 'addrlen', 'type': 'int', 'value': 16}]",1,1
487.243302,7555,7555,7548,1001,4026531840,tsm,ip-10-100-1-217,42,connect,[],3,-114,"[{'name': 'sockfd', 'type': 'int', 'value': 455}, {'name': 'addr', 'type': 'struct sockaddr*', 'value': ""{'sin_port': '22','sin_addr': '192.168.19.234','sa_family': 'AF_INET'}""}, {'name': 'addrlen', 'type': 'int', 'value': 16}]",1,1
487.243324,7555,7555,7548,1001,4026531840,tsm,ip-10-100-1-217,42,connect,[],3,-114,"[{'name': 'sockfd', 'type': 'int', 'value': 456}, {'name': 'addr', 'type': 'struct sockaddr*', 'value': ""{'sa_family': 'AF_INET','sin_port': '22','sin_addr': '192.168.19.235'}""}, {'name': 'addrlen', 'type': 'int', 'value': 16}]",1,1
487.243346,7555,7555,7548,1001,4026531840,tsm,ip-10-100-1-217,42,connect,[],3,-114,"[{'name': 'sockfd', 'type': 'int', 'value': 457}, {'name': 'addr', 'type': 'struct sockaddr*', 'value': ""{'sa_family': 'AF_INET','sin_port': '22','sin_addr': '192.168.19.236'}""}, {'name': 'addrlen', 'type': 'int', 'value': 16}]",1,1
487.243368,7555,7555,7548,1001,4026531840,tsm,ip-10-100-1-217,42,connect,[],3,-114,"[{'name': 'sockfd', 'type': 'int', 'value': 458}, {'name': 'addr', 'type': 'struct sockaddr*', 'value': ""{'sa_family': 'AF_INET','sin_port': '22','sin_addr': '192.168.19.237'}""}, {'name': 'addrlen', 'type': 'int', 'value': 16}]",1,1
487.24339,7555,7555,7548,1001,4026531840,tsm,ip-10-100-1-217,42,connect,[],3,-114,"[{'name': 'sockfd', 'type': 'int', 'value': 459}, {'name': 'addr', 'type': 'struct sockaddr*', 'value': ""{'sin_port': '22','sin_addr': '192.168.19.238','sa_family': 'AF_INET'}""}, {'name': 'addrlen', 'type': 'int', 'value': 16}]",1,1
487.243412,7555,7555,7548,1001,4026531840,tsm,ip-10-100-1-217,42,connect,[],3,-114,"[{'name': 'sockfd', 'type': 'int', 'value': 460}, {'name': 'addr', 'type': 'struct sockaddr*', 'value': ""{'sa_family': 'AF_INET','sin_port': '22','sin_addr': '192.168.19.239'}""}, {'name': 'addrlen', 'type': 'int', 'value': 16}]",1,1
487.243434,7555,7555,7548,1001,4026531840,tsm,ip-10-100-1-217,42,connect,[],3,-114,"[{'name': 'sockfd', 'type': 'int', 'value': 461}, {'name': 'addr', 'type': 'struct sockaddr*', 'value': ""{'sa_family': 'AF_INET','sin_port': '22','sin_addr': '192.168.19.240'}""}, {'name': 'addrlen', 'type': 'int', 'value': 16}]",1,1
487.243456,7555,7555,7548,1001,4026531840,tsm,ip-10-100-1-217,42,connect,[],3,-114,"[{'name': 'sockfd', 'type': 'int', 'value': 462}, {'name': 'addr', 'type': 'struct sockaddr*', 'value': ""{'sa_family': 'AF_INET','sin_port': '22','sin_addr': '192.168.19.241'}""}, {'name': 'addrlen', 'type': 'int', 'value': 16}]",1,1
487.243478,7555,7555,7548,1001,4026531840,tsm,ip-10-100-1-217,42,connect,[],3,-114,"[{'name': 'sockfd', 'type': 'int', 'value': 463}, {'name': 'addr', 'type': 'struct sockaddr*', 'value': ""{'sa_family': 'AF_INET','sin_port': '22','sin_addr': '192.168.19.242'}""}, {'name': 'addrlen', 'type': 'int', 'value': 16}]",1,1
487.2435,7555,7555,7548,1001,4026531840,tsm,ip-10-100-1-217,42,connect,[],3,-114,"[{'name': 'sockfd', 'type': 'int', 'value': 464}, {'name': 'addr', 'type': 'struct sockaddr*', 'value': ""{'sa_family': 'AF_INET','sin_port': '22','sin_addr': '192.168.19.243'}""}, {'name': 'addrlen', 'type': 'int', 'value': 16}]",1,1
487.243522,7555,7555,7548,1001,4026531840,tsm,ip-10-100-1-217,42,connect,[],3,-114,"[{'name': 'sockfd', 'type': 'int', 'value': 465}, {'name': 'addr', 'type': 'struct sockaddr*', 'value': ""{'sa_family': 'AF_INET','sin_port': '22','sin_addr': '192.168.19.244'}""}, {'name': 'addrlen', 'type': 'int', 'value': 16}]",1,1
487.243544,7555,7555,7548,1001,4026531840,tsm,ip-10-100-1-217,42,connect,[],3,-114,"[{'name': 'sockfd', 'type': 'int', 'value': 466}, {'name': 'addr', 'type': 'struct sockaddr*', 'value': ""{'sa_family': 'AF_INET','sin_port': '22','sin_addr': '192.168.19.245'}""}, {'name': 'addrlen', 'type': 'int', 'value': 16}]",1,1
487.243566,7555,7555,7548,1001,4026531840,tsm,ip-10-100-1-217,42,connect,[],3,-114,"[{'name': 'sockfd', 'type': 'int', 'value': 467}, {'name': 'addr', 'type': 'struct sockaddr*', 'value': ""{'sin_addr': '192.168.19.246','sa_family': 'AF_INET','sin_port': '22'}""}, {'name': 'addrlen', 'type': 'int', 'value': 16}]",1,1
487.243588,7555,7555,7548,1001,4026531840,tsm,ip-10-100-1-217,42,connect,[],3,-114,"[{'name': 'sockfd', 'type': 'int', 'value': 468}, {'name': 'addr', 'type': 'struct sockaddr*', 'value': ""{'sa_family': 'AF_INET','sin_port': '22','sin_addr': '192.168.19.247'}""}, {'name': 'addrlen', 'type': 'int', 'value': 16}]",1,1
487.243613,7555,7555,7548,1001,4026531840,tsm,ip-10-100-1-217,42,connect,[],3,-114,"[{'name': 'sockfd', 'type': 'int', 'value': 469}, {'name': 'addr', 'type': 'struct sockaddr*', 'value': ""{'sa_family': 'AF_INET','sin_port': '22','sin_addr': '192.168.19.248'}""}, {'name': 'addrlen', 'type': 'int', 'value': 16}]",1,1
487.243636,7555,7555,7548,1001,4026531840,tsm,ip-10-100-1-217,42,connect,[],3,-114,"[{'name': 'sockfd', 'type': 'int', 'value': 470}, {'name': 'addr', 'type': 'struct sockaddr*', 'value': ""{'sa_family': 'AF_INET','sin_port': '22','sin_addr': '192.168.19.249'}""}, {'name': 'addrlen', 'type': 'int', 'value': 16}]",1,1
487.243658,7555,7555,7548,1001,4026531840,tsm,ip-10-100-1-217,42,connect,[],3,-114,"[{'name': 'sockfd', 'type': 'int', 'value': 471}, {'name': 'addr', 'type': 'struct sockaddr*', 'value': ""{'sa_family': 'AF_INET','sin_port': '22','sin_addr': '192.168.19.250'}""}, {'name': 'addrlen', 'type': 'int', 'value': 16}]",1,1
487.24368,7555,7555,7548,1001,4026531840,tsm,ip-10-100-1-217,42,connect,[],3,-114,"[{'name': 'sockfd', 'type': 'int', 'value': 472}, {'name': 'addr', 'type': 'struct sockaddr*', 'value': ""{'sa_family': 'AF_INET','sin_port': '22','sin_addr': '192.168.19.251'}""}, {'name': 'addrlen', 'type': 'int', 'value': 16}]",1,1
487.243702,7555,7555,7548,1001,4026531840,tsm,ip-10-100-1-217,42,connect,[],3,-114,"[{'name': 'sockfd', 'type': 'int', 'value': 473}, {'name': 'addr', 'type': 'struct sockaddr*', 'value': ""{'sa_family': 'AF_INET','sin_port': '22','sin_addr': '192.168.19.252'}""}, {'name': 'addrlen', 'type': 'int', 'value': 16}]",1,1
487.243724,7555,7555,7548,1001,4026531840,tsm,ip-10-100-1-217,42,connect,[],3,-114,"[{'name': 'sockfd', 'type': 'int', 'value': 474}, {'name': 'addr', 'type': 'struct sockaddr*', 'value': ""{'sa_family': 'AF_INET','sin_port': '22','sin_addr': '192.168.19.253'}""}, {'name': 'addrlen', 'type': 'int', 'value': 16}]",1,1
487.243746,7555,7555,7548,1001,4026531840,tsm,ip-10-100-1-217,42,connect,[],3,-114,"[{'name': 'sockfd', 'type': 'int', 'value': 475}, {'name': 'addr', 'type': 'struct sockaddr*', 'value': ""{'sa_family': 'AF_INET','sin_port': '22','sin_addr': '192.168.19.254'}""}, {'name': 'addrlen', 'type': 'int', 'value': 16}]",1,1
487.243768,7555,7555,7548,1001,4026531840,tsm,ip-10-100-1-217,42,connect,[],3,-114,"[{'name': 'sockfd', 'type': 'int', 'value': 476}, {'name': 'addr', 'type': 'struct sockaddr*', 'value': ""{'sin_port': '22','sin_addr': '192.168.20.0','sa_family': 'AF_INET'}""}, {'name': 'addrlen', 'type': 'int', 'value': 16}]",1,1
487.24379,7555,7555,7548,1001,4026531840,tsm,ip-10-100-1-217,42,connect,[],3,-114,"[{'name': 'sockfd', 'type': 'int', 'value': 477}, {'name': 'addr', 'type': 'struct sockaddr*', 'value': ""{'sa_family': 'AF_INET','sin_port': '22','sin_addr': '192.168.20.1'}""}, {'name': 'addrlen', 'type': 'int', 'value': 16}]",1,1
487.243812,7555,7555,7548,1001,4026531840,tsm,ip-10-100-1-217,42,connect,[],3,-114,"[{'name': 'sockfd', 'type': 'int', 'value': 478}, {'name': 'addr', 'type': 'struct sockaddr*', 'value': ""{'sa_family': 'AF_INET','sin_port': '22','sin_addr': '192.168.20.2'}""}, {'name': 'addrlen', 'type': 'int', 'value': 16}]",1,1
487.243834,7555,7555,7548,1001,4026531840,tsm,ip-10-100-1-217,42,connect,[],3,-114,"[{'name': 'sockfd', 'type': 'int', 'value': 479}, {'name': 'addr', 'type': 'struct sockaddr*', 'value': ""{'sin_port': '22','sin_addr': '192.168.20.3','sa_family': 'AF_INET'}""}, {'name': 'addrlen', 'type': 'int', 'value': 16}]",1,1
487.243856,7555,7555,7548,1001,4026531840,tsm,ip-10-100-1-217,42,connect,[],3,-114,"[{'name': 'sockfd', 'type': 'int', 'value': 480}, {'name': 'addr', 'type': 'struct sockaddr*', 'value': ""{'sa_family': 'AF_INET','sin_port': '22','sin_addr': '192.168.20.4'}""}, {'name': 'addrlen', 'type': 'int', 'value': 16}]",1,1
487.243878,7555,7555,7548,1001,4026531840,tsm,ip-10-100-1-217,42,connect,[],3,-114,"[{'name': 'sockfd', 'type': 'int', 'value': 481}, {'name': 'addr', 'type': 'struct sockaddr*', 'value': ""{'sin_addr': '192.168.20.5','sa_family': 'AF_INET','sin_port': '22'}""}, {'name': 'addrlen', 'type': 'int', 'value': 16}]",1,1
487.2439,7555,7555,7548,1001,4026531840,tsm,ip-10-100-1-217,42,connect,[],3,-114,"[{'name': 'sockfd', 'type': 'int', 'value': 482}, {'name': 'addr', 'type': 'struct sockaddr*', 'value': ""{'sa_family': 'AF_INET','sin_port': '22','sin_addr': '192.168.20.6'}""}, {'name': 'addrlen', 'type': 'int', 'value': 16}]",1,1
487.243922,7555,7555,7548,1001,4026531840,tsm,ip-10-100-1-217,42,connect,[],3,-114,"[{'name': 'sockfd', 'type': 'int', 'value': 483}, {'name': 'addr', 'type': 'struct sockaddr*', 'value': ""{'sa_family': 'AF_INET','sin_port': '22','sin_addr': '192.168.20.7'}""}, {'name': 'addrlen', 'type': 'int', 'value': 16}]",1,1
487.243944,7555,7555,7548,1001,4026531840,tsm,ip-10-100-1-217,42,connect,[],3,-114,"[{'name': 'sockfd', 'type': 'int', 'value': 484}, {'name': 'addr', 'type': 'struct sockaddr*', 'value': ""{'sa_family': 'AF_INET','sin_port': '22','sin_addr': '192.168.20.8'}""}, {'name': 'addrlen', 'type': 'int', 'value': 16}]",1,1
487.243966,7555,7555,7548,1001,4026531840,tsm,ip-10-100-1-217,42,connect,[],3,-114,"[{'name': 'sockfd', 'type': 'int', 'value': 485}, {'name': 'addr', 'type': 'struct sockaddr*', 'value': ""{'sa_family': 'AF_INET','sin_port': '22','sin_addr': '192.168.20.9'}""}, {'name': 'addrlen', 'type': 'int', 'value': 16}]",1,1
487.243988,7555,7555,7548,1001,4026531840,tsm,ip-10-100-1-217,42,connect,[],3,-114,"[{'name': 'sockfd', 'type': 'int', 'value': 486}, {'name': 'addr', 'type': 'struct sockaddr*', 'value': ""{'sa_family': 'AF_INET','sin_port': '22','sin_addr': '192.168.20.10'}""}, {'name': 'addrlen', 'type': 'int', 'value': 16}]",1,1
487.24401,7555,7555,7548,1001,4026531840,tsm,ip-10-100-1-217,42,connect,[],3,-114,"[{'name': 'sockfd', 'type': 'int', 'value': 487}, {'name': 'addr', 'type': 'struct sockaddr*', 'value': ""{'sa_family': 'AF_INET','sin_port': '22','sin_addr': '192.168.20.11'}""}, {'name': 'addrlen', 'type': 'int', 'value': 16}]",1,1
487.244032,7555,7555,7548,1001,4026531840,tsm,ip-10-100-1-217,42,connect,[],3,-114,"[{'name': 'sockfd', 'type': 'int', 'value': 488}, {'name': 'addr', 'type': 'struct sockaddr*', 'value': ""{'sa_family': 'AF_INET','sin_port': '22','sin_addr': '192.168.20.12'}""}, {'name': 'addrlen', 'type': 'int', 'value': 16}]",1,1
487.244055,7555,7555,7548,1001,4026531840,tsm,ip-10-100-1-217,42,connect,[],3,-114,"[{'name': 'sockfd', 'type': 'int', 'value': 489}, {'name': 'addr', 'type': 'struct sockaddr*', 'value': ""{'sa_family': 'AF_INET','sin_port': '22','sin_addr': '192.168.20.13'}""}, {'name': 'addrlen', 'type': 'int', 'value': 16}]",1,1
487.244077,7555,7555,7548,1001,4026531840,tsm,ip-10-100-1-217,42,connect,[],3,-114,"[{'name': 'sockfd', 'type': 'int', 'value': 490}, {'name': 'addr', 'type': 'struct sockaddr*', 'value': ""{'sin_port': '22','sin_addr': '192.168.20.14','sa_family': 'AF_INET'}""}, {'name': 'addrlen', 'type': 'int', 'value': 16}]",1,1
487.244099,7555,7555,7548,1001,4026531840,tsm,ip-10-100-1-217,42,connect,[],3,-114,"[{'name': 'sockfd', 'type': 'int', 'value': 491}, {'name': 'addr', 'type': 'struct sockaddr*', 'value': ""{'sin_addr': '192.168.20.15','sa_family': 'AF_INET','sin_port': '22'}""}, {'name': 'addrlen', 'type': 'int', 'value': 16}]",1,1
487.244121,7555,7555,7548,1001,4026531840,tsm,ip-10-100-1-217,42,connect,[],3,-114,"[{'name': 'sockfd', 'type': 'int', 'value': 492}, {'name': 'addr', 'type': 'struct sockaddr*', 'value': ""{'sa_family': 'AF_INET','sin_port': '22','sin_addr': '192.168.20.16'}""}, {'name': 'addrlen', 'type': 'int', 'value': 16}]",1,1
487.244143,7555,7555,7548,1001,4026531840,tsm,ip-10-100-1-217,42,connect,[],3,-114,"[{'name': 'sockfd', 'type': 'int', 'value': 493}, {'name': 'addr', 'type': 'struct sockaddr*', 'value': ""{'sa_family': 'AF_INET','sin_port': '22','sin_addr': '192.168.20.17'}""}, {'name': 'addrlen', 'type': 'int', 'value': 16}]",1,1
487.244167,7555,7555,7548,1001,4026531840,tsm,ip-10-100-1-217,42,connect,[],3,-114,"[{'name': 'sockfd', 'type': 'int', 'value': 494}, {'name': 'addr', 'type': 'struct sockaddr*', 'value': ""{'sa_family': 'AF_INET','sin_port': '22','sin_addr': '192.168.20.18'}""}, {'name': 'addrlen', 'type': 'int', 'value': 16}]",1,1
487.244189,7555,7555,7548,1001,4026531840,tsm,ip-10-100-1-217,42,connect,[],3,-114,"[{'name': 'sockfd', 'type': 'int', 'value': 495}, {'name': 'addr', 'type': 'struct sockaddr*', 'value': ""{'sin_port': '22','sin_addr': '192.168.20.19','sa_family': 'AF_INET'}""}, {'name': 'addrlen', 'type': 'int', 'value': 16}]",1,1
487.244211,7555,7555,7548,1001,4026531840,tsm,ip-10-100-1-217,42,connect,[],3,-114,"[{'name': 'sockfd', 'type': 'int', 'value': 496}, {'name': 'addr', 'type': 'struct sockaddr*', 'value': ""{'sin_port': '22','sin_addr': '192.168.20.20','sa_family': 'AF_INET'}""}, {'name': 'addrlen', 'type': 'int', 'value': 16}]",1,1
487.244233,7555,7555,7548,1001,4026531840,tsm,ip-10-100-1-217,42,connect,[],3,-114,"[{'name': 'sockfd', 'type': 'int', 'value': 497}, {'name': 'addr', 'type': 'struct sockaddr*', 'value': ""{'sa_family': 'AF_INET','sin_port': '22','sin_addr': '192.168.20.21'}""}, {'name': 'addrlen', 'type': 'int', 'value': 16}]",1,1
487.244255,7555,7555,7548,1001,4026531840,tsm,ip-10-100-1-217,42,connect,[],3,-114,"[{'name': 'sockfd', 'type': 'int', 'value': 498}, {'name': 'addr', 'type': 'struct sockaddr*', 'value': ""{'sa_family': 'AF_INET','sin_port': '22','sin_addr': '192.168.20.22'}""}, {'name': 'addrlen', 'type': 'int', 'value': 16}]",1,1
487.244277,7555,7555,7548,1001,4026531840,tsm,ip-10-100-1-217,42,connect,[],3,-114,"[{'name': 'sockfd', 'type': 'int', 'value': 499}, {'name': 'addr', 'type': 'struct sockaddr*', 'value': ""{'sa_family': 'AF_INET','sin_port': '22','sin_addr': '192.168.20.23'}""}, {'name': 'addrlen', 'type': 'int', 'value': 16}]",1,1
487.244299,7555,7555,7548,1001,4026531840,tsm,ip-10-100-1-217,42,connect,[],3,-114,"[{'name': 'sockfd', 'type': 'int', 'value': 500}, {'name': 'addr', 'type': 'struct sockaddr*', 'value': ""{'sa_family': 'AF_INET','sin_port': '22','sin_addr': '192.168.20.24'}""}, {'name': 'addrlen', 'type': 'int', 'value': 16}]",1,1
487.244322,7555,7555,7548,1001,4026531840,tsm,ip-10-100-1-217,42,connect,[],3,-114,"[{'name': 'sockfd', 'type': 'int', 'value': 501}, {'name': 'addr', 'type': 'struct sockaddr*', 'value': ""{'sin_addr': '192.168.20.25','sa_family': 'AF_INET','sin_port': '22'}""}, {'name': 'addrlen', 'type': 'int', 'value': 16}]",1,1
487.244344,7555,7555,7548,1001,4026531840,tsm,ip-10-100-1-217,42,connect,[],3,-114,"[{'name': 'sockfd', 'type': 'int', 'value': 502}, {'name': 'addr', 'type': 'struct sockaddr*', 'value': ""{'sa_family': 'AF_INET','sin_port': '22','sin_addr': '192.168.20.26'}""}, {'name': 'addrlen', 'type': 'int', 'value': 16}]",1,1
487.244366,7555,7555,7548,1001,4026531840,tsm,ip-10-100-1-217,42,connect,[],3,-114,"[{'name': 'sockfd', 'type': 'int', 'value': 503}, {'name': 'addr', 'type': 'struct sockaddr*', 'value': ""{'sa_family': 'AF_INET','sin_port': '22','sin_addr': '192.168.20.27'}""}, {'name': 'addrlen', 'type': 'int', 'value': 16}]",1,1
487.244388,7555,7555,7548,1001,4026531840,tsm,ip-10-100-1-217,42,connect,[],3,-114,"[{'name': 'sockfd', 'type': 'int', 'value': 504}, {'name': 'addr', 'type': 'struct sockaddr*', 'value': ""{'sa_family': 'AF_INET','sin_port': '22','sin_addr': '192.168.20.28'}""}, {'name': 'addrlen', 'type': 'int', 'value': 16}]",1,1
487.24441,7555,7555,7548,1001,4026531840,tsm,ip-10-100-1-217,42,connect,[],3,-114,"[{'name': 'sockfd', 'type': 'int', 'value': 505}, {'name': 'addr', 'type': 'struct sockaddr*', 'value': ""{'sa_family': 'AF_INET','sin_port': '22','sin_addr': '192.168.20.29'}""}, {'name': 'addrlen', 'type': 'int', 'value': 16}]",1,1
487.244432,7555,7555,7548,1001,4026531840,tsm,ip-10-100-1-217,42,connect,[],3,-114,"[{'name': 'sockfd', 'type': 'int', 'value': 506}, {'name': 'addr', 'type': 'struct sockaddr*', 'value': ""{'sa_family': 'AF_INET','sin_port': '22','sin_addr': '192.168.20.30'}""}, {'name': 'addrlen', 'type': 'int', 'value': 16}]",1,1
487.244454,7555,7555,7548,1001,4026531840,tsm,ip-10-100-1-217,42,connect,[],3,-114,"[{'name': 'sockfd', 'type': 'int', 'value': 507}, {'name': 'addr', 'type': 'struct sockaddr*', 'value': ""{'sa_family': 'AF_INET','sin_port': '22','sin_addr': '192.168.20.31'}""}, {'name': 'addrlen', 'type': 'int', 'value': 16}]",1,1
487.244476,7555,7555,7548,1001,4026531840,tsm,ip-10-100-1-217,42,connect,[],3,-114,"[{'name': 'sockfd', 'type': 'int', 'value': 508}, {'name': 'addr', 'type': 'struct sockaddr*', 'value': ""{'sin_port': '22','sin_addr': '192.168.20.32','sa_family': 'AF_INET'}""}, {'name': 'addrlen', 'type': 'int', 'value': 16}]",1,1
487.244498,7555,7555,7548,1001,4026531840,tsm,ip-10-100-1-217,42,connect,[],3,-114,"[{'name': 'sockfd', 'type': 'int', 'value': 509}, {'name': 'addr', 'type': 'struct sockaddr*', 'value': ""{'sa_family': 'AF_INET','sin_port': '22','sin_addr': '192.168.20.33'}""}, {'name': 'addrlen', 'type': 'int', 'value': 16}]",1,1
487.24452,7555,7555,7548,1001,4026531840,tsm,ip-10-100-1-217,42,connect,[],3,-114,"[{'name': 'sockfd', 'type': 'int', 'value': 510}, {'name': 'addr', 'type': 'struct sockaddr*', 'value': ""{'sa_family': 'AF_INET','sin_port': '22','sin_addr': '192.168.20.34'}""}, {'name': 'addrlen', 'type': 'int', 'value': 16}]",1,1
487.244543,7555,7555,7548,1001,4026531840,tsm,ip-10-100-1-217,42,connect,[],3,-114,"[{'name': 'sockfd', 'type': 'int', 'value': 511}, {'name': 'addr', 'type': 'struct sockaddr*', 'value': ""{'sa_family': 'AF_INET','sin_port': '22','sin_addr': '192.168.20.35'}""}, {'name': 'addrlen', 'type': 'int', 'value': 16}]",1,1
487.244565,7555,7555,7548,1001,4026531840,tsm,ip-10-100-1-217,42,connect,[],3,-114,"[{'name': 'sockfd', 'type': 'int', 'value': 512}, {'name': 'addr', 'type': 'struct sockaddr*', 'value': ""{'sa_family': 'AF_INET','sin_port': '22','sin_addr': '192.168.20.36'}""}, {'name': 'addrlen', 'type': 'int', 'value': 16}]",1,1
487.244587,7555,7555,7548,1001,4026531840,tsm,ip-10-100-1-217,42,connect,[],3,-114,"[{'name': 'sockfd', 'type': 'int', 'value': 513}, {'name': 'addr', 'type': 'struct sockaddr*', 'value': ""{'sa_family': 'AF_INET','sin_port': '22','sin_addr': '192.168.20.37'}""}, {'name': 'addrlen', 'type': 'int', 'value': 16}]",1,1
487.244609,7555,7555,7548,1001,4026531840,tsm,ip-10-100-1-217,42,connect,[],3,-114,"[{'name': 'sockfd', 'type': 'int', 'value': 514}, {'name': 'addr', 'type': 'struct sockaddr*', 'value': ""{'sa_family': 'AF_INET','sin_port': '22','sin_addr': '192.168.20.38'}""}, {'name': 'addrlen', 'type': 'int', 'value': 16}]",1,1
487.244631,7555,7555,7548,1001,4026531840,tsm,ip-10-100-1-217,42,connect,[],3,-114,"[{'name': 'sockfd', 'type': 'int', 'value': 515}, {'name': 'addr', 'type': 'struct sockaddr*', 'value': ""{'sa_family': 'AF_INET','sin_port': '22','sin_addr': '192.168.20.39'}""}, {'name': 'addrlen', 'type': 'int', 'value': 16}]",1,1
487.244653,7555,7555,7548,1001,4026531840,tsm,ip-10-100-1-217,42,connect,[],3,-114,"[{'name': 'sockfd', 'type': 'int', 'value': 516}, {'name': 'addr', 'type': 'struct sockaddr*', 'value': ""{'sa_family': 'AF_INET','sin_port': '22','sin_addr': '192.168.20.40'}""}, {'name': 'addrlen', 'type': 'int', 'value': 16}]",1,1
487.244675,7555,7555,7548,1001,4026531840,tsm,ip-10-100-1-217,42,connect,[],3,-114,"[{'name': 'sockfd', 'type': 'int', 'value': 517}, {'name': 'addr', 'type': 'struct sockaddr*', 'value': ""{'sa_family': 'AF_INET','sin_port': '22','sin_addr': '192.168.20.41'}""}, {'name': 'addrlen', 'type': 'int', 'value': 16}]",1,1
487.244697,7555,7555,7548,1001,4026531840,tsm,ip-10-100-1-217,42,connect,[],3,-114,"[{'name': 'sockfd', 'type': 'int', 'value': 518}, {'name': 'addr', 'type': 'struct sockaddr*', 'value': ""{'sa_family': 'AF_INET','sin_port': '22','sin_addr': '192.168.20.42'}""}, {'name': 'addrlen', 'type': 'int', 'value': 16}]",1,1
487.244719,7555,7555,7548,1001,4026531840,tsm,ip-10-100-1-217,42,connect,[],3,-114,"[{'name': 'sockfd', 'type': 'int', 'value': 519}, {'name': 'addr', 'type': 'struct sockaddr*', 'value': ""{'sa_family': 'AF_INET','sin_port': '22','sin_addr': '192.168.20.43'}""}, {'name': 'addrlen', 'type': 'int', 'value': 16}]",1,1
487.244741,7555,7555,7548,1001,4026531840,tsm,ip-10-100-1-217,42,connect,[],3,-114,"[{'name': 'sockfd', 'type': 'int', 'value': 520}, {'name': 'addr', 'type': 'struct sockaddr*', 'value': ""{'sa_family': 'AF_INET','sin_port': '22','sin_addr': '192.168.20.44'}""}, {'name': 'addrlen', 'type': 'int', 'value': 16}]",1,1
487.244764,7555,7555,7548,1001,4026531840,tsm,ip-10-100-1-217,42,connect,[],3,-114,"[{'name': 'sockfd', 'type': 'int', 'value': 521}, {'name': 'addr', 'type': 'struct sockaddr*', 'value': ""{'sin_port': '22','sin_addr': '192.168.20.45','sa_family': 'AF_INET'}""}, {'name': 'addrlen', 'type': 'int', 'value': 16}]",1,1
487.244786,7555,7555,7548,1001,4026531840,tsm,ip-10-100-1-217,42,connect,[],3,-114,"[{'name': 'sockfd', 'type': 'int', 'value': 522}, {'name': 'addr', 'type': 'struct sockaddr*', 'value': ""{'sa_family': 'AF_INET','sin_port': '22','sin_addr': '192.168.20.46'}""}, {'name': 'addrlen', 'type': 'int', 'value': 16}]",1,1
487.244808,7555,7555,7548,1001,4026531840,tsm,ip-10-100-1-217,42,connect,[],3,-114,"[{'name': 'sockfd', 'type': 'int', 'value': 523}, {'name': 'addr', 'type': 'struct sockaddr*', 'value': ""{'sa_family': 'AF_INET','sin_port': '22','sin_addr': '192.168.20.47'}""}, {'name': 'addrlen', 'type': 'int', 'value': 16}]",1,1
487.24483,7555,7555,7548,1001,4026531840,tsm,ip-10-100-1-217,42,connect,[],3,-114,"[{'name': 'sockfd', 'type': 'int', 'value': 524}, {'name': 'addr', 'type': 'struct sockaddr*', 'value': ""{'sa_family': 'AF_INET','sin_port': '22','sin_addr': '192.168.20.48'}""}, {'name': 'addrlen', 'type': 'int', 'value': 16}]",1,1
487.244852,7555,7555,7548,1001,4026531840,tsm,ip-10-100-1-217,42,connect,[],3,-114,"[{'name': 'sockfd', 'type': 'int', 'value': 525}, {'name': 'addr', 'type': 'struct sockaddr*', 'value': ""{'sa_family': 'AF_INET','sin_port': '22','sin_addr': '192.168.20.49'}""}, {'name': 'addrlen', 'type': 'int', 'value': 16}]",1,1
487.244874,7555,7555,7548,1001,4026531840,tsm,ip-10-100-1-217,42,connect,[],3,-114,"[{'name': 'sockfd', 'type': 'int', 'value': 526}, {'name': 'addr', 'type': 'struct sockaddr*', 'value': ""{'sa_family': 'AF_INET','sin_port': '22','sin_addr': '192.168.20.50'}""}, {'name': 'addrlen', 'type': 'int', 'value': 16}]",1,1
487.244896,7555,7555,7548,1001,4026531840,tsm,ip-10-100-1-217,42,connect,[],3,-114,"[{'name': 'sockfd', 'type': 'int', 'value': 527}, {'name': 'addr', 'type': 'struct sockaddr*', 'value': ""{'sin_addr': '192.168.20.51','sa_family': 'AF_INET','sin_port': '22'}""}, {'name': 'addrlen', 'type': 'int', 'value': 16}]",1,1
487.244918,7555,7555,7548,1001,4026531840,tsm,ip-10-100-1-217,42,connect,[],3,-114,"[{'name': 'sockfd', 'type': 'int', 'value': 528}, {'name': 'addr', 'type': 'struct sockaddr*', 'value': ""{'sin_port': '22','sin_addr': '192.168.20.52','sa_family': 'AF_INET'}""}, {'name': 'addrlen', 'type': 'int', 'value': 16}]",1,1
487.24494,7555,7555,7548,1001,4026531840,tsm,ip-10-100-1-217,42,connect,[],3,-114,"[{'name': 'sockfd', 'type': 'int', 'value': 529}, {'name': 'addr', 'type': 'struct sockaddr*', 'value': ""{'sin_addr': '192.168.20.53','sa_family': 'AF_INET','sin_port': '22'}""}, {'name': 'addrlen', 'type': 'int', 'value': 16}]",1,1
487.244962,7555,7555,7548,1001,4026531840,tsm,ip-10-100-1-217,42,connect,[],3,-114,"[{'name': 'sockfd', 'type': 'int', 'value': 530}, {'name': 'addr', 'type': 'struct sockaddr*', 'value': ""{'sa_family': 'AF_INET','sin_port': '22','sin_addr': '192.168.20.54'}""}, {'name': 'addrlen', 'type': 'int', 'value': 16}]",1,1
487.244984,7555,7555,7548,1001,4026531840,tsm,ip-10-100-1-217,42,connect,[],3,-114,"[{'name': 'sockfd', 'type': 'int', 'value': 531}, {'name': 'addr', 'type': 'struct sockaddr*', 'value': ""{'sa_family': 'AF_INET','sin_port': '22','sin_addr': '192.168.20.55'}""}, {'name': 'addrlen', 'type': 'int', 'value': 16}]",1,1
487.245007,7555,7555,7548,1001,4026531840,tsm,ip-10-100-1-217,42,connect,[],3,-114,"[{'name': 'sockfd', 'type': 'int', 'value': 532}, {'name': 'addr', 'type': 'struct sockaddr*', 'value': ""{'sa_family': 'AF_INET','sin_port': '22','sin_addr': '192.168.20.56'}""}, {'name': 'addrlen', 'type': 'int', 'value': 16}]",1,1
487.245029,7555,7555,7548,1001,4026531840,tsm,ip-10-100-1-217,42,connect,[],3,-114,"[{'name': 'sockfd', 'type': 'int', 'value': 533}, {'name': 'addr', 'type': 'struct sockaddr*', 'value': ""{'sin_addr': '192.168.20.57','sa_family': 'AF_INET','sin_port': '22'}""}, {'name': 'addrlen', 'type': 'int', 'value': 16}]",1,1
487.245051,7555,7555,7548,1001,4026531840,tsm,ip-10-100-1-217,42,connect,[],3,-114,"[{'name': 'sockfd', 'type': 'int', 'value': 534}, {'name': 'addr', 'type': 'struct sockaddr*', 'value': ""{'sa_family': 'AF_INET','sin_port': '22','sin_addr': '192.168.20.58'}""}, {'name': 'addrlen', 'type': 'int', 'value': 16}]",1,1
487.245073,7555,7555,7548,1001,4026531840,tsm,ip-10-100-1-217,42,connect,[],3,-114,"[{'name': 'sockfd', 'type': 'int', 'value': 535}, {'name': 'addr', 'type': 'struct sockaddr*', 'value': ""{'sa_family': 'AF_INET','sin_port': '22','sin_addr': '192.168.20.59'}""}, {'name': 'addrlen', 'type': 'int', 'value': 16}]",1,1
487.245095,7555,7555,7548,1001,4026531840,tsm,ip-10-100-1-217,42,connect,[],3,-114,"[{'name': 'sockfd', 'type': 'int', 'value': 536}, {'name': 'addr', 'type': 'struct sockaddr*', 'value': ""{'sa_family': 'AF_INET','sin_port': '22','sin_addr': '192.168.20.60'}""}, {'name': 'addrlen', 'type': 'int', 'value': 16}]",1,1
487.245117,7555,7555,7548,1001,4026531840,tsm,ip-10-100-1-217,42,connect,[],3,-114,"[{'name': 'sockfd', 'type': 'int', 'value': 537}, {'name': 'addr', 'type': 'struct sockaddr*', 'value': ""{'sa_family': 'AF_INET','sin_port': '22','sin_addr': '192.168.20.61'}""}, {'name': 'addrlen', 'type': 'int', 'value': 16}]",1,1
487.245139,7555,7555,7548,1001,4026531840,tsm,ip-10-100-1-217,42,connect,[],3,-114,"[{'name': 'sockfd', 'type': 'int', 'value': 538}, {'name': 'addr', 'type': 'struct sockaddr*', 'value': ""{'sa_family': 'AF_INET','sin_port': '22','sin_addr': '192.168.20.62'}""}, {'name': 'addrlen', 'type': 'int', 'value': 16}]",1,1
487.245161,7555,7555,7548,1001,4026531840,tsm,ip-10-100-1-217,42,connect,[],3,-114,"[{'name': 'sockfd', 'type': 'int', 'value': 539}, {'name': 'addr', 'type': 'struct sockaddr*', 'value': ""{'sa_family': 'AF_INET','sin_port': '22','sin_addr': '192.168.20.63'}""}, {'name': 'addrlen', 'type': 'int', 'value': 16}]",1,1
487.245183,7555,7555,7548,1001,4026531840,tsm,ip-10-100-1-217,42,connect,[],3,-114,"[{'name': 'sockfd', 'type': 'int', 'value': 540}, {'name': 'addr', 'type': 'struct sockaddr*', 'value': ""{'sa_family': 'AF_INET','sin_port': '22','sin_addr': '192.168.20.64'}""}, {'name': 'addrlen', 'type': 'int', 'value': 16}]",1,1
487.245205,7555,7555,7548,1001,4026531840,tsm,ip-10-100-1-217,42,connect,[],3,-114,"[{'name': 'sockfd', 'type': 'int', 'value': 541}, {'name': 'addr', 'type': 'struct sockaddr*', 'value': ""{'sa_family': 'AF_INET','sin_port': '22','sin_addr': '192.168.20.65'}""}, {'name': 'addrlen', 'type': 'int', 'value': 16}]",1,1
487.245227,7555,7555,7548,1001,4026531840,tsm,ip-10-100-1-217,42,connect,[],3,-114,"[{'name': 'sockfd', 'type': 'int', 'value': 542}, {'name': 'addr', 'type': 'struct sockaddr*', 'value': ""{'sin_addr': '192.168.20.66','sa_family': 'AF_INET','sin_port': '22'}""}, {'name': 'addrlen', 'type': 'int', 'value': 16}]",1,1
487.245259,7555,7555,7548,1001,4026531840,tsm,ip-10-100-1-217,42,connect,[],3,-114,"[{'name': 'sockfd', 'type': 'int', 'value': 543}, {'name': 'addr', 'type': 'struct sockaddr*', 'value': ""{'sa_family': 'AF_INET','sin_port': '22','sin_addr': '192.168.20.67'}""}, {'name': 'addrlen', 'type': 'int', 'value': 16}]",1,1
487.249664,7555,7555,7548,1001,4026531840,tsm,ip-10-100-1-217,42,connect,[],3,-114,"[{'name': 'sockfd', 'type': 'int', 'value': 544}, {'name': 'addr', 'type': 'struct sockaddr*', 'value': ""{'sin_port': '22','sin_addr': '192.168.20.68','sa_family': 'AF_INET'}""}, {'name': 'addrlen', 'type': 'int', 'value': 16}]",1,1
487.249697,7555,7555,7548,1001,4026531840,tsm,ip-10-100-1-217,42,connect,[],3,-114,"[{'name': 'sockfd', 'type': 'int', 'value': 545}, {'name': 'addr', 'type': 'struct sockaddr*', 'value': ""{'sa_family': 'AF_INET','sin_port': '22','sin_addr': '192.168.20.69'}""}, {'name': 'addrlen', 'type': 'int', 'value': 16}]",1,1
487.249739,7555,7555,7548,1001,4026531840,tsm,ip-10-100-1-217,42,connect,[],3,-114,"[{'name': 'sockfd', 'type': 'int', 'value': 546}, {'name': 'addr', 'type': 'struct sockaddr*', 'value': ""{'sin_addr': '192.168.20.70','sa_family': 'AF_INET','sin_port': '22'}""}, {'name': 'addrlen', 'type': 'int', 'value': 16}]",1,1
487.249768,7555,7555,7548,1001,4026531840,tsm,ip-10-100-1-217,42,connect,[],3,-114,"[{'name': 'sockfd', 'type': 'int', 'value': 547}, {'name': 'addr', 'type': 'struct sockaddr*', 'value': ""{'sa_family': 'AF_INET','sin_port': '22','sin_addr': '192.168.20.71'}""}, {'name': 'addrlen', 'type': 'int', 'value': 16}]",1,1
487.24979,7555,7555,7548,1001,4026531840,tsm,ip-10-100-1-217,42,connect,[],3,-114,"[{'name': 'sockfd', 'type': 'int', 'value': 548}, {'name': 'addr', 'type': 'struct sockaddr*', 'value': ""{'sin_addr': '192.168.20.72','sa_family': 'AF_INET','sin_port': '22'}""}, {'name': 'addrlen', 'type': 'int', 'value': 16}]",1,1
487.249816,7555,7555,7548,1001,4026531840,tsm,ip-10-100-1-217,42,connect,[],3,-114,"[{'name': 'sockfd', 'type': 'int', 'value': 549}, {'name': 'addr', 'type': 'struct sockaddr*', 'value': ""{'sa_family': 'AF_INET','sin_port': '22','sin_addr': '192.168.20.73'}""}, {'name': 'addrlen', 'type': 'int', 'value': 16}]",1,1
487.249838,7555,7555,7548,1001,4026531840,tsm,ip-10-100-1-217,42,connect,[],3,-114,"[{'name': 'sockfd', 'type': 'int', 'value': 550}, {'name': 'addr', 'type': 'struct sockaddr*', 'value': ""{'sa_family': 'AF_INET','sin_port': '22','sin_addr': '192.168.20.74'}""}, {'name': 'addrlen', 'type': 'int', 'value': 16}]",1,1
487.24986,7555,7555,7548,1001,4026531840,tsm,ip-10-100-1-217,42,connect,[],3,-114,"[{'name': 'sockfd', 'type': 'int', 'value': 551}, {'name': 'addr', 'type': 'struct sockaddr*', 'value': ""{'sa_family': 'AF_INET','sin_port': '22','sin_addr': '192.168.20.75'}""}, {'name': 'addrlen', 'type': 'int', 'value': 16}]",1,1
487.249882,7555,7555,7548,1001,4026531840,tsm,ip-10-100-1-217,42,connect,[],3,-114,"[{'name': 'sockfd', 'type': 'int', 'value': 552}, {'name': 'addr', 'type': 'struct sockaddr*', 'value': ""{'sa_family': 'AF_INET','sin_port': '22','sin_addr': '192.168.20.76'}""}, {'name': 'addrlen', 'type': 'int', 'value': 16}]",1,1
487.249904,7555,7555,7548,1001,4026531840,tsm,ip-10-100-1-217,42,connect,[],3,-114,"[{'name': 'sockfd', 'type': 'int', 'value': 553}, {'name': 'addr', 'type': 'struct sockaddr*', 'value': ""{'sa_family': 'AF_INET','sin_port': '22','sin_addr': '192.168.20.77'}""}, {'name': 'addrlen', 'type': 'int', 'value': 16}]",1,1
487.249927,7555,7555,7548,1001,4026531840,tsm,ip-10-100-1-217,42,connect,[],3,-114,"[{'name': 'sockfd', 'type': 'int', 'value': 554}, {'name': 'addr', 'type': 'struct sockaddr*', 'value': ""{'sa_family': 'AF_INET','sin_port': '22','sin_addr': '192.168.20.78'}""}, {'name': 'addrlen', 'type': 'int', 'value': 16}]",1,1
487.249949,7555,7555,7548,1001,4026531840,tsm,ip-10-100-1-217,42,connect,[],3,-114,"[{'name': 'sockfd', 'type': 'int', 'value': 555}, {'name': 'addr', 'type': 'struct sockaddr*', 'value': ""{'sa_family': 'AF_INET','sin_port': '22','sin_addr': '192.168.20.79'}""}, {'name': 'addrlen', 'type': 'int', 'value': 16}]",1,1
487.249971,7555,7555,7548,1001,4026531840,tsm,ip-10-100-1-217,42,connect,[],3,-114,"[{'name': 'sockfd', 'type': 'int', 'value': 556}, {'name': 'addr', 'type': 'struct sockaddr*', 'value': ""{'sin_addr': '192.168.20.80','sa_family': 'AF_INET','sin_port': '22'}""}, {'name': 'addrlen', 'type': 'int', 'value': 16}]",1,1
487.250017,7555,7555,7548,1001,4026531840,tsm,ip-10-100-1-217,42,connect,[],3,-114,"[{'name': 'sockfd', 'type': 'int', 'value': 557}, {'name': 'addr', 'type': 'struct sockaddr*', 'value': ""{'sa_family': 'AF_INET','sin_port': '22','sin_addr': '192.168.20.81'}""}, {'name': 'addrlen', 'type': 'int', 'value': 16}]",1,1
487.250038,7555,7555,7548,1001,4026531840,tsm,ip-10-100-1-217,42,connect,[],3,-114,"[{'name': 'sockfd', 'type': 'int', 'value': 558}, {'name': 'addr', 'type': 'struct sockaddr*', 'value': ""{'sa_family': 'AF_INET','sin_port': '22','sin_addr': '192.168.20.82'}""}, {'name': 'addrlen', 'type': 'int', 'value': 16}]",1,1
487.25006,7555,7555,7548,1001,4026531840,tsm,ip-10-100-1-217,42,connect,[],3,-114,"[{'name': 'sockfd', 'type': 'int', 'value': 559}, {'name': 'addr', 'type': 'struct sockaddr*', 'value': ""{'sa_family': 'AF_INET','sin_port': '22','sin_addr': '192.168.20.83'}""}, {'name': 'addrlen', 'type': 'int', 'value': 16}]",1,1
487.250081,7555,7555,7548,1001,4026531840,tsm,ip-10-100-1-217,42,connect,[],3,-114,"[{'name': 'sockfd', 'type': 'int', 'value': 560}, {'name': 'addr', 'type': 'struct sockaddr*', 'value': ""{'sa_family': 'AF_INET','sin_port': '22','sin_addr': '192.168.20.84'}""}, {'name': 'addrlen', 'type': 'int', 'value': 16}]",1,1
487.250102,7555,7555,7548,1001,4026531840,tsm,ip-10-100-1-217,42,connect,[],3,-114,"[{'name': 'sockfd', 'type': 'int', 'value': 561}, {'name': 'addr', 'type': 'struct sockaddr*', 'value': ""{'sa_family': 'AF_INET','sin_port': '22','sin_addr': '192.168.20.85'}""}, {'name': 'addrlen', 'type': 'int', 'value': 16}]",1,1
487.250124,7555,7555,7548,1001,4026531840,tsm,ip-10-100-1-217,42,connect,[],3,-114,"[{'name': 'sockfd', 'type': 'int', 'value': 562}, {'name': 'addr', 'type': 'struct sockaddr*', 'value': ""{'sa_family': 'AF_INET','sin_port': '22','sin_addr': '192.168.20.86'}""}, {'name': 'addrlen', 'type': 'int', 'value': 16}]",1,1
487.250145,7555,7555,7548,1001,4026531840,tsm,ip-10-100-1-217,42,connect,[],3,-114,"[{'name': 'sockfd', 'type': 'int', 'value': 563}, {'name': 'addr', 'type': 'struct sockaddr*', 'value': ""{'sa_family': 'AF_INET','sin_port': '22','sin_addr': '192.168.20.87'}""}, {'name': 'addrlen', 'type': 'int', 'value': 16}]",1,1
487.250167,7555,7555,7548,1001,4026531840,tsm,ip-10-100-1-217,42,connect,[],3,-114,"[{'name': 'sockfd', 'type': 'int', 'value': 564}, {'name': 'addr', 'type': 'struct sockaddr*', 'value': ""{'sin_addr': '192.168.20.88','sa_family': 'AF_INET','sin_port': '22'}""}, {'name': 'addrlen', 'type': 'int', 'value': 16}]",1,1
487.250188,7555,7555,7548,1001,4026531840,tsm,ip-10-100-1-217,42,connect,[],3,-114,"[{'name': 'sockfd', 'type': 'int', 'value': 565}, {'name': 'addr', 'type': 'struct sockaddr*', 'value': ""{'sin_port': '22','sin_addr': '192.168.20.89','sa_family': 'AF_INET'}""}, {'name': 'addrlen', 'type': 'int', 'value': 16}]",1,1
487.250209,7555,7555,7548,1001,4026531840,tsm,ip-10-100-1-217,42,connect,[],3,-114,"[{'name': 'sockfd', 'type': 'int', 'value': 566}, {'name': 'addr', 'type': 'struct sockaddr*', 'value': ""{'sa_family': 'AF_INET','sin_port': '22','sin_addr': '192.168.20.90'}""}, {'name': 'addrlen', 'type': 'int', 'value': 16}]",1,1
487.250231,7555,7555,7548,1001,4026531840,tsm,ip-10-100-1-217,42,connect,[],3,-114,"[{'name': 'sockfd', 'type': 'int', 'value': 567}, {'name': 'addr', 'type': 'struct sockaddr*', 'value': ""{'sa_family': 'AF_INET','sin_port': '22','sin_addr': '192.168.20.91'}""}, {'name': 'addrlen', 'type': 'int', 'value': 16}]",1,1
487.250252,7555,7555,7548,1001,4026531840,tsm,ip-10-100-1-217,42,connect,[],3,-114,"[{'name': 'sockfd', 'type': 'int', 'value': 568}, {'name': 'addr', 'type': 'struct sockaddr*', 'value': ""{'sa_family': 'AF_INET','sin_port': '22','sin_addr': '192.168.20.92'}""}, {'name': 'addrlen', 'type': 'int', 'value': 16}]",1,1
487.250273,7555,7555,7548,1001,4026531840,tsm,ip-10-100-1-217,42,connect,[],3,-114,"[{'name': 'sockfd', 'type': 'int', 'value': 569}, {'name': 'addr', 'type': 'struct sockaddr*', 'value': ""{'sa_family': 'AF_INET','sin_port': '22','sin_addr': '192.168.20.93'}""}, {'name': 'addrlen', 'type': 'int', 'value': 16}]",1,1
487.250294,7555,7555,7548,1001,4026531840,tsm,ip-10-100-1-217,42,connect,[],3,-114,"[{'name': 'sockfd', 'type': 'int', 'value': 570}, {'name': 'addr', 'type': 'struct sockaddr*', 'value': ""{'sa_family': 'AF_INET','sin_port': '22','sin_addr': '192.168.20.94'}""}, {'name': 'addrlen', 'type': 'int', 'value': 16}]",1,1
487.250316,7555,7555,7548,1001,4026531840,tsm,ip-10-100-1-217,42,connect,[],3,-114,"[{'name': 'sockfd', 'type': 'int', 'value': 571}, {'name': 'addr', 'type': 'struct sockaddr*', 'value': ""{'sa_family': 'AF_INET','sin_port': '22','sin_addr': '192.168.20.95'}""}, {'name': 'addrlen', 'type': 'int', 'value': 16}]",1,1
487.250337,7555,7555,7548,1001,4026531840,tsm,ip-10-100-1-217,42,connect,[],3,-114,"[{'name': 'sockfd', 'type': 'int', 'value': 572}, {'name': 'addr', 'type': 'struct sockaddr*', 'value': ""{'sin_addr': '192.168.20.96','sa_family': 'AF_INET','sin_port': '22'}""}, {'name': 'addrlen', 'type': 'int', 'value': 16}]",1,1
487.250358,7555,7555,7548,1001,4026531840,tsm,ip-10-100-1-217,42,connect,[],3,-114,"[{'name': 'sockfd', 'type': 'int', 'value': 573}, {'name': 'addr', 'type': 'struct sockaddr*', 'value': ""{'sin_port': '22','sin_addr': '192.168.20.97','sa_family': 'AF_INET'}""}, {'name': 'addrlen', 'type': 'int', 'value': 16}]",1,1
487.250379,7555,7555,7548,1001,4026531840,tsm,ip-10-100-1-217,42,connect,[],3,-114,"[{'name': 'sockfd', 'type': 'int', 'value': 574}, {'name': 'addr', 'type': 'struct sockaddr*', 'value': ""{'sa_family': 'AF_INET','sin_port': '22','sin_addr': '192.168.20.98'}""}, {'name': 'addrlen', 'type': 'int', 'value': 16}]",1,1
487.2504,7555,7555,7548,1001,4026531840,tsm,ip-10-100-1-217,42,connect,[],3,-114,"[{'name': 'sockfd', 'type': 'int', 'value': 575}, {'name': 'addr', 'type': 'struct sockaddr*', 'value': ""{'sa_family': 'AF_INET','sin_port': '22','sin_addr': '192.168.20.99'}""}, {'name': 'addrlen', 'type': 'int', 'value': 16}]",1,1
487.250422,7555,7555,7548,1001,4026531840,tsm,ip-10-100-1-217,42,connect,[],3,-114,"[{'name': 'sockfd', 'type': 'int', 'value': 576}, {'name': 'addr', 'type': 'struct sockaddr*', 'value': ""{'sa_family': 'AF_INET','sin_port': '22','sin_addr': '192.168.20.100'}""}, {'name': 'addrlen', 'type': 'int', 'value': 16}]",1,1
487.250443,7555,7555,7548,1001,4026531840,tsm,ip-10-100-1-217,42,connect,[],3,-114,"[{'name': 'sockfd', 'type': 'int', 'value': 577}, {'name': 'addr', 'type': 'struct sockaddr*', 'value': ""{'sa_family': 'AF_INET','sin_port': '22','sin_addr': '192.168.20.101'}""}, {'name': 'addrlen', 'type': 'int', 'value': 16}]",1,1
487.250476,7555,7555,7548,1001,4026531840,tsm,ip-10-100-1-217,42,connect,[],3,-114,"[{'name': 'sockfd', 'type': 'int', 'value': 578}, {'name': 'addr', 'type': 'struct sockaddr*', 'value': ""{'sa_family': 'AF_INET','sin_port': '22','sin_addr': '192.168.20.102'}""}, {'name': 'addrlen', 'type': 'int', 'value': 16}]",1,1
487.250498,7555,7555,7548,1001,4026531840,tsm,ip-10-100-1-217,42,connect,[],3,-114,"[{'name': 'sockfd', 'type': 'int', 'value': 579}, {'name': 'addr', 'type': 'struct sockaddr*', 'value': ""{'sa_family': 'AF_INET','sin_port': '22','sin_addr': '192.168.20.103'}""}, {'name': 'addrlen', 'type': 'int', 'value': 16}]",1,1
487.250519,7555,7555,7548,1001,4026531840,tsm,ip-10-100-1-217,42,connect,[],3,-114,"[{'name': 'sockfd', 'type': 'int', 'value': 580}, {'name': 'addr', 'type': 'struct sockaddr*', 'value': ""{'sa_family': 'AF_INET','sin_port': '22','sin_addr': '192.168.20.104'}""}, {'name': 'addrlen', 'type': 'int', 'value': 16}]",1,1
487.250541,7555,7555,7548,1001,4026531840,tsm,ip-10-100-1-217,42,connect,[],3,-114,"[{'name': 'sockfd', 'type': 'int', 'value': 581}, {'name': 'addr', 'type': 'struct sockaddr*', 'value': ""{'sa_family': 'AF_INET','sin_port': '22','sin_addr': '192.168.20.105'}""}, {'name': 'addrlen', 'type': 'int', 'value': 16}]",1,1
487.250562,7555,7555,7548,1001,4026531840,tsm,ip-10-100-1-217,42,connect,[],3,-114,"[{'name': 'sockfd', 'type': 'int', 'value': 582}, {'name': 'addr', 'type': 'struct sockaddr*', 'value': ""{'sa_family': 'AF_INET','sin_port': '22','sin_addr': '192.168.20.106'}""}, {'name': 'addrlen', 'type': 'int', 'value': 16}]",1,1
487.250583,7555,7555,7548,1001,4026531840,tsm,ip-10-100-1-217,42,connect,[],3,-114,"[{'name': 'sockfd', 'type': 'int', 'value': 583}, {'name': 'addr', 'type': 'struct sockaddr*', 'value': ""{'sa_family': 'AF_INET','sin_port': '22','sin_addr': '192.168.20.107'}""}, {'name': 'addrlen', 'type': 'int', 'value': 16}]",1,1
487.250604,7555,7555,7548,1001,4026531840,tsm,ip-10-100-1-217,42,connect,[],3,-114,"[{'name': 'sockfd', 'type': 'int', 'value': 584}, {'name': 'addr', 'type': 'struct sockaddr*', 'value': ""{'sin_port': '22','sin_addr': '192.168.20.108','sa_family': 'AF_INET'}""}, {'name': 'addrlen', 'type': 'int', 'value': 16}]",1,1
487.250625,7555,7555,7548,1001,4026531840,tsm,ip-10-100-1-217,42,connect,[],3,-114,"[{'name': 'sockfd', 'type': 'int', 'value': 585}, {'name': 'addr', 'type': 'struct sockaddr*', 'value': ""{'sa_family': 'AF_INET','sin_port': '22','sin_addr': '192.168.20.109'}""}, {'name': 'addrlen', 'type': 'int', 'value': 16}]",1,1
487.250647,7555,7555,7548,1001,4026531840,tsm,ip-10-100-1-217,42,connect,[],3,-114,"[{'name': 'sockfd', 'type': 'int', 'value': 586}, {'name': 'addr', 'type': 'struct sockaddr*', 'value': ""{'sin_port': '22','sin_addr': '192.168.20.110','sa_family': 'AF_INET'}""}, {'name': 'addrlen', 'type': 'int', 'value': 16}]",1,1
487.250668,7555,7555,7548,1001,4026531840,tsm,ip-10-100-1-217,42,connect,[],3,-114,"[{'name': 'sockfd', 'type': 'int', 'value': 587}, {'name': 'addr', 'type': 'struct sockaddr*', 'value': ""{'sa_family': 'AF_INET','sin_port': '22','sin_addr': '192.168.20.111'}""}, {'name': 'addrlen', 'type': 'int', 'value': 16}]",1,1
487.250689,7555,7555,7548,1001,4026531840,tsm,ip-10-100-1-217,42,connect,[],3,-114,"[{'name': 'sockfd', 'type': 'int', 'value': 588}, {'name': 'addr', 'type': 'struct sockaddr*', 'value': ""{'sin_addr': '192.168.20.112','sa_family': 'AF_INET','sin_port': '22'}""}, {'name': 'addrlen', 'type': 'int', 'value': 16}]",1,1
487.250722,7555,7555,7548,1001,4026531840,tsm,ip-10-100-1-217,42,connect,[],3,-114,"[{'name': 'sockfd', 'type': 'int', 'value': 589}, {'name': 'addr', 'type': 'struct sockaddr*', 'value': ""{'sa_family': 'AF_INET','sin_port': '22','sin_addr': '192.168.20.113'}""}, {'name': 'addrlen', 'type': 'int', 'value': 16}]",1,1
487.250744,7555,7555,7548,1001,4026531840,tsm,ip-10-100-1-217,42,connect,[],3,-114,"[{'name': 'sockfd', 'type': 'int', 'value': 590}, {'name': 'addr', 'type': 'struct sockaddr*', 'value': ""{'sa_family': 'AF_INET','sin_port': '22','sin_addr': '192.168.20.114'}""}, {'name': 'addrlen', 'type': 'int', 'value': 16}]",1,1
487.250766,7555,7555,7548,1001,4026531840,tsm,ip-10-100-1-217,42,connect,[],3,-114,"[{'name': 'sockfd', 'type': 'int', 'value': 591}, {'name': 'addr', 'type': 'struct sockaddr*', 'value': ""{'sa_family': 'AF_INET','sin_port': '22','sin_addr': '192.168.20.115'}""}, {'name': 'addrlen', 'type': 'int', 'value': 16}]",1,1
487.250788,7555,7555,7548,1001,4026531840,tsm,ip-10-100-1-217,42,connect,[],3,-114,"[{'name': 'sockfd', 'type': 'int', 'value': 592}, {'name': 'addr', 'type': 'struct sockaddr*', 'value': ""{'sa_family': 'AF_INET','sin_port': '22','sin_addr': '192.168.20.116'}""}, {'name': 'addrlen', 'type': 'int', 'value': 16}]",1,1
487.250811,7555,7555,7548,1001,4026531840,tsm,ip-10-100-1-217,42,connect,[],3,-114,"[{'name': 'sockfd', 'type': 'int', 'value': 593}, {'name': 'addr', 'type': 'struct sockaddr*', 'value': ""{'sin_addr': '192.168.20.117','sa_family': 'AF_INET','sin_port': '22'}""}, {'name': 'addrlen', 'type': 'int', 'value': 16}]",1,1
487.250833,7555,7555,7548,1001,4026531840,tsm,ip-10-100-1-217,42,connect,[],3,-114,"[{'name': 'sockfd', 'type': 'int', 'value': 594}, {'name': 'addr', 'type': 'struct sockaddr*', 'value': ""{'sa_family': 'AF_INET','sin_port': '22','sin_addr': '192.168.20.118'}""}, {'name': 'addrlen', 'type': 'int', 'value': 16}]",1,1
487.250855,7555,7555,7548,1001,4026531840,tsm,ip-10-100-1-217,42,connect,[],3,-114,"[{'name': 'sockfd', 'type': 'int', 'value': 595}, {'name': 'addr', 'type': 'struct sockaddr*', 'value': ""{'sa_family': 'AF_INET','sin_port': '22','sin_addr': '192.168.20.119'}""}, {'name': 'addrlen', 'type': 'int', 'value': 16}]",1,1
487.250877,7555,7555,7548,1001,4026531840,tsm,ip-10-100-1-217,42,connect,[],3,-114,"[{'name': 'sockfd', 'type': 'int', 'value': 596}, {'name': 'addr', 'type': 'struct sockaddr*', 'value': ""{'sa_family': 'AF_INET','sin_port': '22','sin_addr': '192.168.20.120'}""}, {'name': 'addrlen', 'type': 'int', 'value': 16}]",1,1
487.250899,7555,7555,7548,1001,4026531840,tsm,ip-10-100-1-217,42,connect,[],3,-114,"[{'name': 'sockfd', 'type': 'int', 'value': 597}, {'name': 'addr', 'type': 'struct sockaddr*', 'value': ""{'sa_family': 'AF_INET','sin_port': '22','sin_addr': '192.168.20.121'}""}, {'name': 'addrlen', 'type': 'int', 'value': 16}]",1,1
487.250921,7555,7555,7548,1001,4026531840,tsm,ip-10-100-1-217,42,connect,[],3,-114,"[{'name': 'sockfd', 'type': 'int', 'value': 598}, {'name': 'addr', 'type': 'struct sockaddr*', 'value': ""{'sa_family': 'AF_INET','sin_port': '22','sin_addr': '192.168.20.122'}""}, {'name': 'addrlen', 'type': 'int', 'value': 16}]",1,1
487.250943,7555,7555,7548,1001,4026531840,tsm,ip-10-100-1-217,42,connect,[],3,-114,"[{'name': 'sockfd', 'type': 'int', 'value': 599}, {'name': 'addr', 'type': 'struct sockaddr*', 'value': ""{'sa_family': 'AF_INET','sin_port': '22','sin_addr': '192.168.20.123'}""}, {'name': 'addrlen', 'type': 'int', 'value': 16}]",1,1
487.250965,7555,7555,7548,1001,4026531840,tsm,ip-10-100-1-217,42,connect,[],3,-114,"[{'name': 'sockfd', 'type': 'int', 'value': 600}, {'name': 'addr', 'type': 'struct sockaddr*', 'value': ""{'sa_family': 'AF_INET','sin_port': '22','sin_addr': '192.168.20.124'}""}, {'name': 'addrlen', 'type': 'int', 'value': 16}]",1,1
487.250987,7555,7555,7548,1001,4026531840,tsm,ip-10-100-1-217,42,connect,[],3,-114,"[{'name': 'sockfd', 'type': 'int', 'value': 601}, {'name': 'addr', 'type': 'struct sockaddr*', 'value': ""{'sa_family': 'AF_INET','sin_port': '22','sin_addr': '192.168.20.125'}""}, {'name': 'addrlen', 'type': 'int', 'value': 16}]",1,1
487.25101,7555,7555,7548,1001,4026531840,tsm,ip-10-100-1-217,42,connect,[],3,-114,"[{'name': 'sockfd', 'type': 'int', 'value': 602}, {'name': 'addr', 'type': 'struct sockaddr*', 'value': ""{'sin_addr': '192.168.20.126','sa_family': 'AF_INET','sin_port': '22'}""}, {'name': 'addrlen', 'type': 'int', 'value': 16}]",1,1
487.251032,7555,7555,7548,1001,4026531840,tsm,ip-10-100-1-217,42,connect,[],3,-114,"[{'name': 'sockfd', 'type': 'int', 'value': 603}, {'name': 'addr', 'type': 'struct sockaddr*', 'value': ""{'sa_family': 'AF_INET','sin_port': '22','sin_addr': '192.168.20.127'}""}, {'name': 'addrlen', 'type': 'int', 'value': 16}]",1,1
487.251056,7555,7555,7548,1001,4026531840,tsm,ip-10-100-1-217,42,connect,[],3,-114,"[{'name': 'sockfd', 'type': 'int', 'value': 604}, {'name': 'addr', 'type': 'struct sockaddr*', 'value': ""{'sa_family': 'AF_INET','sin_port': '22','sin_addr': '192.168.20.128'}""}, {'name': 'addrlen', 'type': 'int', 'value': 16}]",1,1
487.251078,7555,7555,7548,1001,4026531840,tsm,ip-10-100-1-217,42,connect,[],3,-114,"[{'name': 'sockfd', 'type': 'int', 'value': 605}, {'name': 'addr', 'type': 'struct sockaddr*', 'value': ""{'sin_port': '22','sin_addr': '192.168.20.129','sa_family': 'AF_INET'}""}, {'name': 'addrlen', 'type': 'int', 'value': 16}]",1,1
487.2511,7555,7555,7548,1001,4026531840,tsm,ip-10-100-1-217,42,connect,[],3,-114,"[{'name': 'sockfd', 'type': 'int', 'value': 606}, {'name': 'addr', 'type': 'struct sockaddr*', 'value': ""{'sa_family': 'AF_INET','sin_port': '22','sin_addr': '192.168.20.130'}""}, {'name': 'addrlen', 'type': 'int', 'value': 16}]",1,1
487.251123,7555,7555,7548,1001,4026531840,tsm,ip-10-100-1-217,42,connect,[],3,-114,"[{'name': 'sockfd', 'type': 'int', 'value': 607}, {'name': 'addr', 'type': 'struct sockaddr*', 'value': ""{'sa_family': 'AF_INET','sin_port': '22','sin_addr': '192.168.20.131'}""}, {'name': 'addrlen', 'type': 'int', 'value': 16}]",1,1
487.251145,7555,7555,7548,1001,4026531840,tsm,ip-10-100-1-217,42,connect,[],3,-114,"[{'name': 'sockfd', 'type': 'int', 'value': 608}, {'name': 'addr', 'type': 'struct sockaddr*', 'value': ""{'sin_port': '22','sin_addr': '192.168.20.132','sa_family': 'AF_INET'}""}, {'name': 'addrlen', 'type': 'int', 'value': 16}]",1,1
487.251167,7555,7555,7548,1001,4026531840,tsm,ip-10-100-1-217,42,connect,[],3,-114,"[{'name': 'sockfd', 'type': 'int', 'value': 609}, {'name': 'addr', 'type': 'struct sockaddr*', 'value': ""{'sin_port': '22','sin_addr': '192.168.20.133','sa_family': 'AF_INET'}""}, {'name': 'addrlen', 'type': 'int', 'value': 16}]",1,1
487.251189,7555,7555,7548,1001,4026531840,tsm,ip-10-100-1-217,42,connect,[],3,-114,"[{'name': 'sockfd', 'type': 'int', 'value': 610}, {'name': 'addr', 'type': 'struct sockaddr*', 'value': ""{'sa_family': 'AF_INET','sin_port': '22','sin_addr': '192.168.20.134'}""}, {'name': 'addrlen', 'type': 'int', 'value': 16}]",1,1
487.251211,7555,7555,7548,1001,4026531840,tsm,ip-10-100-1-217,42,connect,[],3,-114,"[{'name': 'sockfd', 'type': 'int', 'value': 611}, {'name': 'addr', 'type': 'struct sockaddr*', 'value': ""{'sa_family': 'AF_INET','sin_port': '22','sin_addr': '192.168.20.135'}""}, {'name': 'addrlen', 'type': 'int', 'value': 16}]",1,1
487.251233,7555,7555,7548,1001,4026531840,tsm,ip-10-100-1-217,42,connect,[],3,-114,"[{'name': 'sockfd', 'type': 'int', 'value': 612}, {'name': 'addr', 'type': 'struct sockaddr*', 'value': ""{'sa_family': 'AF_INET','sin_port': '22','sin_addr': '192.168.20.136'}""}, {'name': 'addrlen', 'type': 'int', 'value': 16}]",1,1
487.251255,7555,7555,7548,1001,4026531840,tsm,ip-10-100-1-217,42,connect,[],3,-114,"[{'name': 'sockfd', 'type': 'int', 'value': 613}, {'name': 'addr', 'type': 'struct sockaddr*', 'value': ""{'sa_family': 'AF_INET','sin_port': '22','sin_addr': '192.168.20.137'}""}, {'name': 'addrlen', 'type': 'int', 'value': 16}]",1,1
487.25129,7555,7555,7548,1001,4026531840,tsm,ip-10-100-1-217,42,connect,[],3,-114,"[{'name': 'sockfd', 'type': 'int', 'value': 614}, {'name': 'addr', 'type': 'struct sockaddr*', 'value': ""{'sa_family': 'AF_INET','sin_port': '22','sin_addr': '192.168.20.138'}""}, {'name': 'addrlen', 'type': 'int', 'value': 16}]",1,1
487.251311,7555,7555,7548,1001,4026531840,tsm,ip-10-100-1-217,42,connect,[],3,-114,"[{'name': 'sockfd', 'type': 'int', 'value': 615}, {'name': 'addr', 'type': 'struct sockaddr*', 'value': ""{'sin_port': '22','sin_addr': '192.168.20.139','sa_family': 'AF_INET'}""}, {'name': 'addrlen', 'type': 'int', 'value': 16}]",1,1
487.251332,7555,7555,7548,1001,4026531840,tsm,ip-10-100-1-217,42,connect,[],3,-114,"[{'name': 'sockfd', 'type': 'int', 'value': 616}, {'name': 'addr', 'type': 'struct sockaddr*', 'value': ""{'sin_addr': '192.168.20.140','sa_family': 'AF_INET','sin_port': '22'}""}, {'name': 'addrlen', 'type': 'int', 'value': 16}]",1,1
487.251354,7555,7555,7548,1001,4026531840,tsm,ip-10-100-1-217,42,connect,[],3,-114,"[{'name': 'sockfd', 'type': 'int', 'value': 617}, {'name': 'addr', 'type': 'struct sockaddr*', 'value': ""{'sa_family': 'AF_INET','sin_port': '22','sin_addr': '192.168.20.141'}""}, {'name': 'addrlen', 'type': 'int', 'value': 16}]",1,1
487.251375,7555,7555,7548,1001,4026531840,tsm,ip-10-100-1-217,42,connect,[],3,-114,"[{'name': 'sockfd', 'type': 'int', 'value': 618}, {'name': 'addr', 'type': 'struct sockaddr*', 'value': ""{'sin_port': '22','sin_addr': '192.168.20.142','sa_family': 'AF_INET'}""}, {'name': 'addrlen', 'type': 'int', 'value': 16}]",1,1
487.251396,7555,7555,7548,1001,4026531840,tsm,ip-10-100-1-217,42,connect,[],3,-114,"[{'name': 'sockfd', 'type': 'int', 'value': 619}, {'name': 'addr', 'type': 'struct sockaddr*', 'value': ""{'sa_family': 'AF_INET','sin_port': '22','sin_addr': '192.168.20.143'}""}, {'name': 'addrlen', 'type': 'int', 'value': 16}]",1,1
487.251418,7555,7555,7548,1001,4026531840,tsm,ip-10-100-1-217,42,connect,[],3,-114,"[{'name': 'sockfd', 'type': 'int', 'value': 620}, {'name': 'addr', 'type': 'struct sockaddr*', 'value': ""{'sa_family': 'AF_INET','sin_port': '22','sin_addr': '192.168.20.144'}""}, {'name': 'addrlen', 'type': 'int', 'value': 16}]",1,1
487.251439,7555,7555,7548,1001,4026531840,tsm,ip-10-100-1-217,42,connect,[],3,-114,"[{'name': 'sockfd', 'type': 'int', 'value': 621}, {'name': 'addr', 'type': 'struct sockaddr*', 'value': ""{'sa_family': 'AF_INET','sin_port': '22','sin_addr': '192.168.20.145'}""}, {'name': 'addrlen', 'type': 'int', 'value': 16}]",1,1
487.25146,7555,7555,7548,1001,4026531840,tsm,ip-10-100-1-217,42,connect,[],3,-114,"[{'name': 'sockfd', 'type': 'int', 'value': 622}, {'name': 'addr', 'type': 'struct sockaddr*', 'value': ""{'sa_family': 'AF_INET','sin_port': '22','sin_addr': '192.168.20.146'}""}, {'name': 'addrlen', 'type': 'int', 'value': 16}]",1,1
487.251482,7555,7555,7548,1001,4026531840,tsm,ip-10-100-1-217,42,connect,[],3,-114,"[{'name': 'sockfd', 'type': 'int', 'value': 623}, {'name': 'addr', 'type': 'struct sockaddr*', 'value': ""{'sa_family': 'AF_INET','sin_port': '22','sin_addr': '192.168.20.147'}""}, {'name': 'addrlen', 'type': 'int', 'value': 16}]",1,1
487.251503,7555,7555,7548,1001,4026531840,tsm,ip-10-100-1-217,42,connect,[],3,-114,"[{'name': 'sockfd', 'type': 'int', 'value': 624}, {'name': 'addr', 'type': 'struct sockaddr*', 'value': ""{'sa_family': 'AF_INET','sin_port': '22','sin_addr': '192.168.20.148'}""}, {'name': 'addrlen', 'type': 'int', 'value': 16}]",1,1
487.251524,7555,7555,7548,1001,4026531840,tsm,ip-10-100-1-217,42,connect,[],3,-114,"[{'name': 'sockfd', 'type': 'int', 'value': 625}, {'name': 'addr', 'type': 'struct sockaddr*', 'value': ""{'sa_family': 'AF_INET','sin_port': '22','sin_addr': '192.168.20.149'}""}, {'name': 'addrlen', 'type': 'int', 'value': 16}]",1,1
487.251546,7555,7555,7548,1001,4026531840,tsm,ip-10-100-1-217,42,connect,[],3,-114,"[{'name': 'sockfd', 'type': 'int', 'value': 626}, {'name': 'addr', 'type': 'struct sockaddr*', 'value': ""{'sa_family': 'AF_INET','sin_port': '22','sin_addr': '192.168.20.150'}""}, {'name': 'addrlen', 'type': 'int', 'value': 16}]",1,1
487.251567,7555,7555,7548,1001,4026531840,tsm,ip-10-100-1-217,42,connect,[],3,-114,"[{'name': 'sockfd', 'type': 'int', 'value': 627}, {'name': 'addr', 'type': 'struct sockaddr*', 'value': ""{'sin_port': '22','sin_addr': '192.168.20.151','sa_family': 'AF_INET'}""}, {'name': 'addrlen', 'type': 'int', 'value': 16}]",1,1
487.251588,7555,7555,7548,1001,4026531840,tsm,ip-10-100-1-217,42,connect,[],3,-114,"[{'name': 'sockfd', 'type': 'int', 'value': 628}, {'name': 'addr', 'type': 'struct sockaddr*', 'value': ""{'sa_family': 'AF_INET','sin_port': '22','sin_addr': '192.168.20.152'}""}, {'name': 'addrlen', 'type': 'int', 'value': 16}]",1,1
487.251609,7555,7555,7548,1001,4026531840,tsm,ip-10-100-1-217,42,connect,[],3,-114,"[{'name': 'sockfd', 'type': 'int', 'value': 629}, {'name': 'addr', 'type': 'struct sockaddr*', 'value': ""{'sa_family': 'AF_INET','sin_port': '22','sin_addr': '192.168.20.153'}""}, {'name': 'addrlen', 'type': 'int', 'value': 16}]",1,1
487.251631,7555,7555,7548,1001,4026531840,tsm,ip-10-100-1-217,42,connect,[],3,-114,"[{'name': 'sockfd', 'type': 'int', 'value': 630}, {'name': 'addr', 'type': 'struct sockaddr*', 'value': ""{'sa_family': 'AF_INET','sin_port': '22','sin_addr': '192.168.20.154'}""}, {'name': 'addrlen', 'type': 'int', 'value': 16}]",1,1
487.251652,7555,7555,7548,1001,4026531840,tsm,ip-10-100-1-217,42,connect,[],3,-114,"[{'name': 'sockfd', 'type': 'int', 'value': 631}, {'name': 'addr', 'type': 'struct sockaddr*', 'value': ""{'sin_addr': '192.168.20.155','sa_family': 'AF_INET','sin_port': '22'}""}, {'name': 'addrlen', 'type': 'int', 'value': 16}]",1,1
487.251673,7555,7555,7548,1001,4026531840,tsm,ip-10-100-1-217,42,connect,[],3,-114,"[{'name': 'sockfd', 'type': 'int', 'value': 632}, {'name': 'addr', 'type': 'struct sockaddr*', 'value': ""{'sa_family': 'AF_INET','sin_port': '22','sin_addr': '192.168.20.156'}""}, {'name': 'addrlen', 'type': 'int', 'value': 16}]",1,1
487.251697,7555,7555,7548,1001,4026531840,tsm,ip-10-100-1-217,42,connect,[],3,-114,"[{'name': 'sockfd', 'type': 'int', 'value': 633}, {'name': 'addr', 'type': 'struct sockaddr*', 'value': ""{'sa_family': 'AF_INET','sin_port': '22','sin_addr': '192.168.20.157'}""}, {'name': 'addrlen', 'type': 'int', 'value': 16}]",1,1
487.251731,7555,7555,7548,1001,4026531840,tsm,ip-10-100-1-217,42,connect,[],3,-114,"[{'name': 'sockfd', 'type': 'int', 'value': 634}, {'name': 'addr', 'type': 'struct sockaddr*', 'value': ""{'sa_family': 'AF_INET','sin_port': '22','sin_addr': '192.168.20.158'}""}, {'name': 'addrlen', 'type': 'int', 'value': 16}]",1,1
487.251753,7555,7555,7548,1001,4026531840,tsm,ip-10-100-1-217,42,connect,[],3,-114,"[{'name': 'sockfd', 'type': 'int', 'value': 635}, {'name': 'addr', 'type': 'struct sockaddr*', 'value': ""{'sa_family': 'AF_INET','sin_port': '22','sin_addr': '192.168.20.159'}""}, {'name': 'addrlen', 'type': 'int', 'value': 16}]",1,1
487.251775,7555,7555,7548,1001,4026531840,tsm,ip-10-100-1-217,42,connect,[],3,-114,"[{'name': 'sockfd', 'type': 'int', 'value': 636}, {'name': 'addr', 'type': 'struct sockaddr*', 'value': ""{'sa_family': 'AF_INET','sin_port': '22','sin_addr': '192.168.20.160'}""}, {'name': 'addrlen', 'type': 'int', 'value': 16}]",1,1
487.251797,7555,7555,7548,1001,4026531840,tsm,ip-10-100-1-217,42,connect,[],3,-114,"[{'name': 'sockfd', 'type': 'int', 'value': 637}, {'name': 'addr', 'type': 'struct sockaddr*', 'value': ""{'sa_family': 'AF_INET','sin_port': '22','sin_addr': '192.168.20.161'}""}, {'name': 'addrlen', 'type': 'int', 'value': 16}]",1,1
487.251819,7555,7555,7548,1001,4026531840,tsm,ip-10-100-1-217,42,connect,[],3,-114,"[{'name': 'sockfd', 'type': 'int', 'value': 638}, {'name': 'addr', 'type': 'struct sockaddr*', 'value': ""{'sin_port': '22','sin_addr': '192.168.20.162','sa_family': 'AF_INET'}""}, {'name': 'addrlen', 'type': 'int', 'value': 16}]",1,1
487.251841,7555,7555,7548,1001,4026531840,tsm,ip-10-100-1-217,42,connect,[],3,-114,"[{'name': 'sockfd', 'type': 'int', 'value': 639}, {'name': 'addr', 'type': 'struct sockaddr*', 'value': ""{'sa_family': 'AF_INET','sin_port': '22','sin_addr': '192.168.20.163'}""}, {'name': 'addrlen', 'type': 'int', 'value': 16}]",1,1
487.251863,7555,7555,7548,1001,4026531840,tsm,ip-10-100-1-217,42,connect,[],3,-114,"[{'name': 'sockfd', 'type': 'int', 'value': 640}, {'name': 'addr', 'type': 'struct sockaddr*', 'value': ""{'sa_family': 'AF_INET','sin_port': '22','sin_addr': '192.168.20.164'}""}, {'name': 'addrlen', 'type': 'int', 'value': 16}]",1,1
487.251885,7555,7555,7548,1001,4026531840,tsm,ip-10-100-1-217,42,connect,[],3,-114,"[{'name': 'sockfd', 'type': 'int', 'value': 641}, {'name': 'addr', 'type': 'struct sockaddr*', 'value': ""{'sa_family': 'AF_INET','sin_port': '22','sin_addr': '192.168.20.165'}""}, {'name': 'addrlen', 'type': 'int', 'value': 16}]",1,1
487.251908,7555,7555,7548,1001,4026531840,tsm,ip-10-100-1-217,42,connect,[],3,-114,"[{'name': 'sockfd', 'type': 'int', 'value': 642}, {'name': 'addr', 'type': 'struct sockaddr*', 'value': ""{'sa_family': 'AF_INET','sin_port': '22','sin_addr': '192.168.20.166'}""}, {'name': 'addrlen', 'type': 'int', 'value': 16}]",1,1
487.251929,7555,7555,7548,1001,4026531840,tsm,ip-10-100-1-217,42,connect,[],3,-114,"[{'name': 'sockfd', 'type': 'int', 'value': 643}, {'name': 'addr', 'type': 'struct sockaddr*', 'value': ""{'sin_port': '22','sin_addr': '192.168.20.167','sa_family': 'AF_INET'}""}, {'name': 'addrlen', 'type': 'int', 'value': 16}]",1,1
487.251951,7555,7555,7548,1001,4026531840,tsm,ip-10-100-1-217,42,connect,[],3,-114,"[{'name': 'sockfd', 'type': 'int', 'value': 644}, {'name': 'addr', 'type': 'struct sockaddr*', 'value': ""{'sa_family': 'AF_INET','sin_port': '22','sin_addr': '192.168.20.168'}""}, {'name': 'addrlen', 'type': 'int', 'value': 16}]",1,1
487.251973,7555,7555,7548,1001,4026531840,tsm,ip-10-100-1-217,42,connect,[],3,-114,"[{'name': 'sockfd', 'type': 'int', 'value': 645}, {'name': 'addr', 'type': 'struct sockaddr*', 'value': ""{'sa_family': 'AF_INET','sin_port': '22','sin_addr': '192.168.20.169'}""}, {'name': 'addrlen', 'type': 'int', 'value': 16}]",1,1
487.251995,7555,7555,7548,1001,4026531840,tsm,ip-10-100-1-217,42,connect,[],3,-114,"[{'name': 'sockfd', 'type': 'int', 'value': 646}, {'name': 'addr', 'type': 'struct sockaddr*', 'value': ""{'sa_family': 'AF_INET','sin_port': '22','sin_addr': '192.168.20.170'}""}, {'name': 'addrlen', 'type': 'int', 'value': 16}]",1,1
487.252018,7555,7555,7548,1001,4026531840,tsm,ip-10-100-1-217,42,connect,[],3,-114,"[{'name': 'sockfd', 'type': 'int', 'value': 647}, {'name': 'addr', 'type': 'struct sockaddr*', 'value': ""{'sa_family': 'AF_INET','sin_port': '22','sin_addr': '192.168.20.171'}""}, {'name': 'addrlen', 'type': 'int', 'value': 16}]",1,1
487.25204,7555,7555,7548,1001,4026531840,tsm,ip-10-100-1-217,42,connect,[],3,-114,"[{'name': 'sockfd', 'type': 'int', 'value': 648}, {'name': 'addr', 'type': 'struct sockaddr*', 'value': ""{'sa_family': 'AF_INET','sin_port': '22','sin_addr': '192.168.20.172'}""}, {'name': 'addrlen', 'type': 'int', 'value': 16}]",1,1
487.252062,7555,7555,7548,1001,4026531840,tsm,ip-10-100-1-217,42,connect,[],3,-114,"[{'name': 'sockfd', 'type': 'int', 'value': 649}, {'name': 'addr', 'type': 'struct sockaddr*', 'value': ""{'sin_addr': '192.168.20.173','sa_family': 'AF_INET','sin_port': '22'}""}, {'name': 'addrlen', 'type': 'int', 'value': 16}]",1,1
487.252084,7555,7555,7548,1001,4026531840,tsm,ip-10-100-1-217,42,connect,[],3,-114,"[{'name': 'sockfd', 'type': 'int', 'value': 650}, {'name': 'addr', 'type': 'struct sockaddr*', 'value': ""{'sa_family': 'AF_INET','sin_port': '22','sin_addr': '192.168.20.174'}""}, {'name': 'addrlen', 'type': 'int', 'value': 16}]",1,1
487.252106,7555,7555,7548,1001,4026531840,tsm,ip-10-100-1-217,42,connect,[],3,-114,"[{'name': 'sockfd', 'type': 'int', 'value': 651}, {'name': 'addr', 'type': 'struct sockaddr*', 'value': ""{'sa_family': 'AF_INET','sin_port': '22','sin_addr': '192.168.20.175'}""}, {'name': 'addrlen', 'type': 'int', 'value': 16}]",1,1
487.252128,7555,7555,7548,1001,4026531840,tsm,ip-10-100-1-217,42,connect,[],3,-114,"[{'name': 'sockfd', 'type': 'int', 'value': 652}, {'name': 'addr', 'type': 'struct sockaddr*', 'value': ""{'sin_port': '22','sin_addr': '192.168.20.176','sa_family': 'AF_INET'}""}, {'name': 'addrlen', 'type': 'int', 'value': 16}]",1,1
487.25215,7555,7555,7548,1001,4026531840,tsm,ip-10-100-1-217,42,connect,[],3,-114,"[{'name': 'sockfd', 'type': 'int', 'value': 653}, {'name': 'addr', 'type': 'struct sockaddr*', 'value': ""{'sa_family': 'AF_INET','sin_port': '22','sin_addr': '192.168.20.177'}""}, {'name': 'addrlen', 'type': 'int', 'value': 16}]",1,1
487.252172,7555,7555,7548,1001,4026531840,tsm,ip-10-100-1-217,42,connect,[],3,-114,"[{'name': 'sockfd', 'type': 'int', 'value': 654}, {'name': 'addr', 'type': 'struct sockaddr*', 'value': ""{'sa_family': 'AF_INET','sin_port': '22','sin_addr': '192.168.20.178'}""}, {'name': 'addrlen', 'type': 'int', 'value': 16}]",1,1
487.252194,7555,7555,7548,1001,4026531840,tsm,ip-10-100-1-217,42,connect,[],3,-114,"[{'name': 'sockfd', 'type': 'int', 'value': 655}, {'name': 'addr', 'type': 'struct sockaddr*', 'value': ""{'sa_family': 'AF_INET','sin_port': '22','sin_addr': '192.168.20.179'}""}, {'name': 'addrlen', 'type': 'int', 'value': 16}]",1,1
487.252216,7555,7555,7548,1001,4026531840,tsm,ip-10-100-1-217,42,connect,[],3,-114,"[{'name': 'sockfd', 'type': 'int', 'value': 656}, {'name': 'addr', 'type': 'struct sockaddr*', 'value': ""{'sa_family': 'AF_INET','sin_port': '22','sin_addr': '192.168.20.180'}""}, {'name': 'addrlen', 'type': 'int', 'value': 16}]",1,1
487.252238,7555,7555,7548,1001,4026531840,tsm,ip-10-100-1-217,42,connect,[],3,-114,"[{'name': 'sockfd', 'type': 'int', 'value': 657}, {'name': 'addr', 'type': 'struct sockaddr*', 'value': ""{'sin_addr': '192.168.20.181','sa_family': 'AF_INET','sin_port': '22'}""}, {'name': 'addrlen', 'type': 'int', 'value': 16}]",1,1
487.25226,7555,7555,7548,1001,4026531840,tsm,ip-10-100-1-217,42,connect,[],3,-114,"[{'name': 'sockfd', 'type': 'int', 'value': 658}, {'name': 'addr', 'type': 'struct sockaddr*', 'value': ""{'sa_family': 'AF_INET','sin_port': '22','sin_addr': '192.168.20.182'}""}, {'name': 'addrlen', 'type': 'int', 'value': 16}]",1,1
487.252282,7555,7555,7548,1001,4026531840,tsm,ip-10-100-1-217,42,connect,[],3,-114,"[{'name': 'sockfd', 'type': 'int', 'value': 659}, {'name': 'addr', 'type': 'struct sockaddr*', 'value': ""{'sa_family': 'AF_INET','sin_port': '22','sin_addr': '192.168.20.183'}""}, {'name': 'addrlen', 'type': 'int', 'value': 16}]",1,1
487.252304,7555,7555,7548,1001,4026531840,tsm,ip-10-100-1-217,42,connect,[],3,-114,"[{'name': 'sockfd', 'type': 'int', 'value': 660}, {'name': 'addr', 'type': 'struct sockaddr*', 'value': ""{'sa_family': 'AF_INET','sin_port': '22','sin_addr': '192.168.20.184'}""}, {'name': 'addrlen', 'type': 'int', 'value': 16}]",1,1
487.252326,7555,7555,7548,1001,4026531840,tsm,ip-10-100-1-217,42,connect,[],3,-114,"[{'name': 'sockfd', 'type': 'int', 'value': 661}, {'name': 'addr', 'type': 'struct sockaddr*', 'value': ""{'sa_family': 'AF_INET','sin_port': '22','sin_addr': '192.168.20.185'}""}, {'name': 'addrlen', 'type': 'int', 'value': 16}]",1,1
487.252349,7555,7555,7548,1001,4026531840,tsm,ip-10-100-1-217,42,connect,[],3,-114,"[{'name': 'sockfd', 'type': 'int', 'value': 662}, {'name': 'addr', 'type': 'struct sockaddr*', 'value': ""{'sa_family': 'AF_INET','sin_port': '22','sin_addr': '192.168.20.186'}""}, {'name': 'addrlen', 'type': 'int', 'value': 16}]",1,1
487.252371,7555,7555,7548,1001,4026531840,tsm,ip-10-100-1-217,42,connect,[],3,-114,"[{'name': 'sockfd', 'type': 'int', 'value': 663}, {'name': 'addr', 'type': 'struct sockaddr*', 'value': ""{'sa_family': 'AF_INET','sin_port': '22','sin_addr': '192.168.20.187'}""}, {'name': 'addrlen', 'type': 'int', 'value': 16}]",1,1
487.252393,7555,7555,7548,1001,4026531840,tsm,ip-10-100-1-217,42,connect,[],3,-114,"[{'name': 'sockfd', 'type': 'int', 'value': 664}, {'name': 'addr', 'type': 'struct sockaddr*', 'value': ""{'sa_family': 'AF_INET','sin_port': '22','sin_addr': '192.168.20.188'}""}, {'name': 'addrlen', 'type': 'int', 'value': 16}]",1,1
487.252415,7555,7555,7548,1001,4026531840,tsm,ip-10-100-1-217,42,connect,[],3,-114,"[{'name': 'sockfd', 'type': 'int', 'value': 665}, {'name': 'addr', 'type': 'struct sockaddr*', 'value': ""{'sa_family': 'AF_INET','sin_port': '22','sin_addr': '192.168.20.189'}""}, {'name': 'addrlen', 'type': 'int', 'value': 16}]",1,1
487.25244,7555,7555,7548,1001,4026531840,tsm,ip-10-100-1-217,42,connect,[],3,-114,"[{'name': 'sockfd', 'type': 'int', 'value': 666}, {'name': 'addr', 'type': 'struct sockaddr*', 'value': ""{'sin_addr': '192.168.20.190','sa_family': 'AF_INET','sin_port': '22'}""}, {'name': 'addrlen', 'type': 'int', 'value': 16}]",1,1
487.252462,7555,7555,7548,1001,4026531840,tsm,ip-10-100-1-217,42,connect,[],3,-114,"[{'name': 'sockfd', 'type': 'int', 'value': 667}, {'name': 'addr', 'type': 'struct sockaddr*', 'value': ""{'sin_addr': '192.168.20.191','sa_family': 'AF_INET','sin_port': '22'}""}, {'name': 'addrlen', 'type': 'int', 'value': 16}]",1,1
487.252484,7555,7555,7548,1001,4026531840,tsm,ip-10-100-1-217,42,connect,[],3,-114,"[{'name': 'sockfd', 'type': 'int', 'value': 668}, {'name': 'addr', 'type': 'struct sockaddr*', 'value': ""{'sa_family': 'AF_INET','sin_port': '22','sin_addr': '192.168.20.192'}""}, {'name': 'addrlen', 'type': 'int', 'value': 16}]",1,1
487.252518,7555,7555,7548,1001,4026531840,tsm,ip-10-100-1-217,42,connect,[],3,-114,"[{'name': 'sockfd', 'type': 'int', 'value': 669}, {'name': 'addr', 'type': 'struct sockaddr*', 'value': ""{'sa_family': 'AF_INET','sin_port': '22','sin_addr': '192.168.20.193'}""}, {'name': 'addrlen', 'type': 'int', 'value': 16}]",1,1
487.25254,7555,7555,7548,1001,4026531840,tsm,ip-10-100-1-217,42,connect,[],3,-114,"[{'name': 'sockfd', 'type': 'int', 'value': 670}, {'name': 'addr', 'type': 'struct sockaddr*', 'value': ""{'sa_family': 'AF_INET','sin_port': '22','sin_addr': '192.168.20.194'}""}, {'name': 'addrlen', 'type': 'int', 'value': 16}]",1,1
487.252561,7555,7555,7548,1001,4026531840,tsm,ip-10-100-1-217,42,connect,[],3,-114,"[{'name': 'sockfd', 'type': 'int', 'value': 671}, {'name': 'addr', 'type': 'struct sockaddr*', 'value': ""{'sa_family': 'AF_INET','sin_port': '22','sin_addr': '192.168.20.195'}""}, {'name': 'addrlen', 'type': 'int', 'value': 16}]",1,1
487.252583,7555,7555,7548,1001,4026531840,tsm,ip-10-100-1-217,42,connect,[],3,-114,"[{'name': 'sockfd', 'type': 'int', 'value': 672}, {'name': 'addr', 'type': 'struct sockaddr*', 'value': ""{'sa_family': 'AF_INET','sin_port': '22','sin_addr': '192.168.20.196'}""}, {'name': 'addrlen', 'type': 'int', 'value': 16}]",1,1
487.252604,7555,7555,7548,1001,4026531840,tsm,ip-10-100-1-217,42,connect,[],3,-114,"[{'name': 'sockfd', 'type': 'int', 'value': 673}, {'name': 'addr', 'type': 'struct sockaddr*', 'value': ""{'sa_family': 'AF_INET','sin_port': '22','sin_addr': '192.168.20.197'}""}, {'name': 'addrlen', 'type': 'int', 'value': 16}]",1,1
487.252626,7555,7555,7548,1001,4026531840,tsm,ip-10-100-1-217,42,connect,[],3,-114,"[{'name': 'sockfd', 'type': 'int', 'value': 674}, {'name': 'addr', 'type': 'struct sockaddr*', 'value': ""{'sin_addr': '192.168.20.198','sa_family': 'AF_INET','sin_port': '22'}""}, {'name': 'addrlen', 'type': 'int', 'value': 16}]",1,1
487.252647,7555,7555,7548,1001,4026531840,tsm,ip-10-100-1-217,42,connect,[],3,-114,"[{'name': 'sockfd', 'type': 'int', 'value': 675}, {'name': 'addr', 'type': 'struct sockaddr*', 'value': ""{'sa_family': 'AF_INET','sin_port': '22','sin_addr': '192.168.20.199'}""}, {'name': 'addrlen', 'type': 'int', 'value': 16}]",1,1
487.252668,7555,7555,7548,1001,4026531840,tsm,ip-10-100-1-217,42,connect,[],3,-114,"[{'name': 'sockfd', 'type': 'int', 'value': 676}, {'name': 'addr', 'type': 'struct sockaddr*', 'value': ""{'sa_family': 'AF_INET','sin_port': '22','sin_addr': '192.168.20.200'}""}, {'name': 'addrlen', 'type': 'int', 'value': 16}]",1,1
487.252689,7555,7555,7548,1001,4026531840,tsm,ip-10-100-1-217,42,connect,[],3,-114,"[{'name': 'sockfd', 'type': 'int', 'value': 677}, {'name': 'addr', 'type': 'struct sockaddr*', 'value': ""{'sa_family': 'AF_INET','sin_port': '22','sin_addr': '192.168.20.201'}""}, {'name': 'addrlen', 'type': 'int', 'value': 16}]",1,1
487.252722,7555,7555,7548,1001,4026531840,tsm,ip-10-100-1-217,42,connect,[],3,-114,"[{'name': 'sockfd', 'type': 'int', 'value': 678}, {'name': 'addr', 'type': 'struct sockaddr*', 'value': ""{'sin_addr': '192.168.20.202','sa_family': 'AF_INET','sin_port': '22'}""}, {'name': 'addrlen', 'type': 'int', 'value': 16}]",1,1
487.252745,7555,7555,7548,1001,4026531840,tsm,ip-10-100-1-217,42,connect,[],3,-114,"[{'name': 'sockfd', 'type': 'int', 'value': 679}, {'name': 'addr', 'type': 'struct sockaddr*', 'value': ""{'sa_family': 'AF_INET','sin_port': '22','sin_addr': '192.168.20.203'}""}, {'name': 'addrlen', 'type': 'int', 'value': 16}]",1,1
487.252767,7555,7555,7548,1001,4026531840,tsm,ip-10-100-1-217,42,connect,[],3,-114,"[{'name': 'sockfd', 'type': 'int', 'value': 680}, {'name': 'addr', 'type': 'struct sockaddr*', 'value': ""{'sa_family': 'AF_INET','sin_port': '22','sin_addr': '192.168.20.204'}""}, {'name': 'addrlen', 'type': 'int', 'value': 16}]",1,1
487.252789,7555,7555,7548,1001,4026531840,tsm,ip-10-100-1-217,42,connect,[],3,-114,"[{'name': 'sockfd', 'type': 'int', 'value': 681}, {'name': 'addr', 'type': 'struct sockaddr*', 'value': ""{'sa_family': 'AF_INET','sin_port': '22','sin_addr': '192.168.20.205'}""}, {'name': 'addrlen', 'type': 'int', 'value': 16}]",1,1
487.252811,7555,7555,7548,1001,4026531840,tsm,ip-10-100-1-217,42,connect,[],3,-114,"[{'name': 'sockfd', 'type': 'int', 'value': 682}, {'name': 'addr', 'type': 'struct sockaddr*', 'value': ""{'sin_addr': '192.168.20.206','sa_family': 'AF_INET','sin_port': '22'}""}, {'name': 'addrlen', 'type': 'int', 'value': 16}]",1,1
487.252833,7555,7555,7548,1001,4026531840,tsm,ip-10-100-1-217,42,connect,[],3,-114,"[{'name': 'sockfd', 'type': 'int', 'value': 683}, {'name': 'addr', 'type': 'struct sockaddr*', 'value': ""{'sa_family': 'AF_INET','sin_port': '22','sin_addr': '192.168.20.207'}""}, {'name': 'addrlen', 'type': 'int', 'value': 16}]",1,1
487.252855,7555,7555,7548,1001,4026531840,tsm,ip-10-100-1-217,42,connect,[],3,-114,"[{'name': 'sockfd', 'type': 'int', 'value': 684}, {'name': 'addr', 'type': 'struct sockaddr*', 'value': ""{'sin_port': '22','sin_addr': '192.168.20.208','sa_family': 'AF_INET'}""}, {'name': 'addrlen', 'type': 'int', 'value': 16}]",1,1
487.252877,7555,7555,7548,1001,4026531840,tsm,ip-10-100-1-217,42,connect,[],3,-114,"[{'name': 'sockfd', 'type': 'int', 'value': 685}, {'name': 'addr', 'type': 'struct sockaddr*', 'value': ""{'sa_family': 'AF_INET','sin_port': '22','sin_addr': '192.168.20.209'}""}, {'name': 'addrlen', 'type': 'int', 'value': 16}]",1,1
487.252899,7555,7555,7548,1001,4026531840,tsm,ip-10-100-1-217,42,connect,[],3,-114,"[{'name': 'sockfd', 'type': 'int', 'value': 686}, {'name': 'addr', 'type': 'struct sockaddr*', 'value': ""{'sa_family': 'AF_INET','sin_port': '22','sin_addr': '192.168.20.210'}""}, {'name': 'addrlen', 'type': 'int', 'value': 16}]",1,1
487.252922,7555,7555,7548,1001,4026531840,tsm,ip-10-100-1-217,42,connect,[],3,-114,"[{'name': 'sockfd', 'type': 'int', 'value': 687}, {'name': 'addr', 'type': 'struct sockaddr*', 'value': ""{'sa_family': 'AF_INET','sin_port': '22','sin_addr': '192.168.20.211'}""}, {'name': 'addrlen', 'type': 'int', 'value': 16}]",1,1
487.252944,7555,7555,7548,1001,4026531840,tsm,ip-10-100-1-217,42,connect,[],3,-114,"[{'name': 'sockfd', 'type': 'int', 'value': 688}, {'name': 'addr', 'type': 'struct sockaddr*', 'value': ""{'sin_port': '22','sin_addr': '192.168.20.212','sa_family': 'AF_INET'}""}, {'name': 'addrlen', 'type': 'int', 'value': 16}]",1,1
487.252966,7555,7555,7548,1001,4026531840,tsm,ip-10-100-1-217,42,connect,[],3,-114,"[{'name': 'sockfd', 'type': 'int', 'value': 689}, {'name': 'addr', 'type': 'struct sockaddr*', 'value': ""{'sin_port': '22','sin_addr': '192.168.20.213','sa_family': 'AF_INET'}""}, {'name': 'addrlen', 'type': 'int', 'value': 16}]",1,1
487.252988,7555,7555,7548,1001,4026531840,tsm,ip-10-100-1-217,42,connect,[],3,-114,"[{'name': 'sockfd', 'type': 'int', 'value': 690}, {'name': 'addr', 'type': 'struct sockaddr*', 'value': ""{'sa_family': 'AF_INET','sin_port': '22','sin_addr': '192.168.20.214'}""}, {'name': 'addrlen', 'type': 'int', 'value': 16}]",1,1
487.253011,7555,7555,7548,1001,4026531840,tsm,ip-10-100-1-217,42,connect,[],3,-114,"[{'name': 'sockfd', 'type': 'int', 'value': 691}, {'name': 'addr', 'type': 'struct sockaddr*', 'value': ""{'sa_family': 'AF_INET','sin_port': '22','sin_addr': '192.168.20.215'}""}, {'name': 'addrlen', 'type': 'int', 'value': 16}]",1,1
487.253033,7555,7555,7548,1001,4026531840,tsm,ip-10-100-1-217,42,connect,[],3,-114,"[{'name': 'sockfd', 'type': 'int', 'value': 692}, {'name': 'addr', 'type': 'struct sockaddr*', 'value': ""{'sa_family': 'AF_INET','sin_port': '22','sin_addr': '192.168.20.216'}""}, {'name': 'addrlen', 'type': 'int', 'value': 16}]",1,1
487.253055,7555,7555,7548,1001,4026531840,tsm,ip-10-100-1-217,42,connect,[],3,-114,"[{'name': 'sockfd', 'type': 'int', 'value': 693}, {'name': 'addr', 'type': 'struct sockaddr*', 'value': ""{'sa_family': 'AF_INET','sin_port': '22','sin_addr': '192.168.20.217'}""}, {'name': 'addrlen', 'type': 'int', 'value': 16}]",1,1
487.253078,7555,7555,7548,1001,4026531840,tsm,ip-10-100-1-217,42,connect,[],3,-114,"[{'name': 'sockfd', 'type': 'int', 'value': 694}, {'name': 'addr', 'type': 'struct sockaddr*', 'value': ""{'sa_family': 'AF_INET','sin_port': '22','sin_addr': '192.168.20.218'}""}, {'name': 'addrlen', 'type': 'int', 'value': 16}]",1,1
487.2531,7555,7555,7548,1001,4026531840,tsm,ip-10-100-1-217,42,connect,[],3,-114,"[{'name': 'sockfd', 'type': 'int', 'value': 695}, {'name': 'addr', 'type': 'struct sockaddr*', 'value': ""{'sin_port': '22','sin_addr': '192.168.20.219','sa_family': 'AF_INET'}""}, {'name': 'addrlen', 'type': 'int', 'value': 16}]",1,1
487.253122,7555,7555,7548,1001,4026531840,tsm,ip-10-100-1-217,42,connect,[],3,-114,"[{'name': 'sockfd', 'type': 'int', 'value': 696}, {'name': 'addr', 'type': 'struct sockaddr*', 'value': ""{'sa_family': 'AF_INET','sin_port': '22','sin_addr': '192.168.20.220'}""}, {'name': 'addrlen', 'type': 'int', 'value': 16}]",1,1
487.253144,7555,7555,7548,1001,4026531840,tsm,ip-10-100-1-217,42,connect,[],3,-114,"[{'name': 'sockfd', 'type': 'int', 'value': 697}, {'name': 'addr', 'type': 'struct sockaddr*', 'value': ""{'sin_port': '22','sin_addr': '192.168.20.221','sa_family': 'AF_INET'}""}, {'name': 'addrlen', 'type': 'int', 'value': 16}]",1,1
487.253166,7555,7555,7548,1001,4026531840,tsm,ip-10-100-1-217,42,connect,[],3,-114,"[{'name': 'sockfd', 'type': 'int', 'value': 698}, {'name': 'addr', 'type': 'struct sockaddr*', 'value': ""{'sa_family': 'AF_INET','sin_port': '22','sin_addr': '192.168.20.222'}""}, {'name': 'addrlen', 'type': 'int', 'value': 16}]",1,1
487.253188,7555,7555,7548,1001,4026531840,tsm,ip-10-100-1-217,42,connect,[],3,-114,"[{'name': 'sockfd', 'type': 'int', 'value': 699}, {'name': 'addr', 'type': 'struct sockaddr*', 'value': ""{'sin_addr': '192.168.20.223','sa_family': 'AF_INET','sin_port': '22'}""}, {'name': 'addrlen', 'type': 'int', 'value': 16}]",1,1
487.253222,7555,7555,7548,1001,4026531840,tsm,ip-10-100-1-217,42,connect,[],3,-114,"[{'name': 'sockfd', 'type': 'int', 'value': 700}, {'name': 'addr', 'type': 'struct sockaddr*', 'value': ""{'sa_family': 'AF_INET','sin_port': '22','sin_addr': '192.168.20.224'}""}, {'name': 'addrlen', 'type': 'int', 'value': 16}]",1,1
487.253244,7555,7555,7548,1001,4026531840,tsm,ip-10-100-1-217,42,connect,[],3,-114,"[{'name': 'sockfd', 'type': 'int', 'value': 701}, {'name': 'addr', 'type': 'struct sockaddr*', 'value': ""{'sa_family': 'AF_INET','sin_port': '22','sin_addr': '192.168.20.225'}""}, {'name': 'addrlen', 'type': 'int', 'value': 16}]",1,1
487.253265,7555,7555,7548,1001,4026531840,tsm,ip-10-100-1-217,42,connect,[],3,-114,"[{'name': 'sockfd', 'type': 'int', 'value': 702}, {'name': 'addr', 'type': 'struct sockaddr*', 'value': ""{'sa_family': 'AF_INET','sin_port': '22','sin_addr': '192.168.20.226'}""}, {'name': 'addrlen', 'type': 'int', 'value': 16}]",1,1
487.253286,7555,7555,7548,1001,4026531840,tsm,ip-10-100-1-217,42,connect,[],3,-114,"[{'name': 'sockfd', 'type': 'int', 'value': 703}, {'name': 'addr', 'type': 'struct sockaddr*', 'value': ""{'sa_family': 'AF_INET','sin_port': '22','sin_addr': '192.168.20.227'}""}, {'name': 'addrlen', 'type': 'int', 'value': 16}]",1,1
487.253308,7555,7555,7548,1001,4026531840,tsm,ip-10-100-1-217,42,connect,[],3,-114,"[{'name': 'sockfd', 'type': 'int', 'value': 704}, {'name': 'addr', 'type': 'struct sockaddr*', 'value': ""{'sa_family': 'AF_INET','sin_port': '22','sin_addr': '192.168.20.228'}""}, {'name': 'addrlen', 'type': 'int', 'value': 16}]",1,1
487.253329,7555,7555,7548,1001,4026531840,tsm,ip-10-100-1-217,42,connect,[],3,-114,"[{'name': 'sockfd', 'type': 'int', 'value': 705}, {'name': 'addr', 'type': 'struct sockaddr*', 'value': ""{'sin_port': '22','sin_addr': '192.168.20.229','sa_family': 'AF_INET'}""}, {'name': 'addrlen', 'type': 'int', 'value': 16}]",1,1
487.25335,7555,7555,7548,1001,4026531840,tsm,ip-10-100-1-217,42,connect,[],3,-114,"[{'name': 'sockfd', 'type': 'int', 'value': 706}, {'name': 'addr', 'type': 'struct sockaddr*', 'value': ""{'sa_family': 'AF_INET','sin_port': '22','sin_addr': '192.168.20.230'}""}, {'name': 'addrlen', 'type': 'int', 'value': 16}]",1,1
487.253371,7555,7555,7548,1001,4026531840,tsm,ip-10-100-1-217,42,connect,[],3,-114,"[{'name': 'sockfd', 'type': 'int', 'value': 707}, {'name': 'addr', 'type': 'struct sockaddr*', 'value': ""{'sa_family': 'AF_INET','sin_port': '22','sin_addr': '192.168.20.231'}""}, {'name': 'addrlen', 'type': 'int', 'value': 16}]",1,1
487.253392,7555,7555,7548,1001,4026531840,tsm,ip-10-100-1-217,42,connect,[],3,-114,"[{'name': 'sockfd', 'type': 'int', 'value': 708}, {'name': 'addr', 'type': 'struct sockaddr*', 'value': ""{'sa_family': 'AF_INET','sin_port': '22','sin_addr': '192.168.20.232'}""}, {'name': 'addrlen', 'type': 'int', 'value': 16}]",1,1
487.253413,7555,7555,7548,1001,4026531840,tsm,ip-10-100-1-217,42,connect,[],3,-114,"[{'name': 'sockfd', 'type': 'int', 'value': 709}, {'name': 'addr', 'type': 'struct sockaddr*', 'value': ""{'sa_family': 'AF_INET','sin_port': '22','sin_addr': '192.168.20.233'}""}, {'name': 'addrlen', 'type': 'int', 'value': 16}]",1,1
487.253435,7555,7555,7548,1001,4026531840,tsm,ip-10-100-1-217,42,connect,[],3,-114,"[{'name': 'sockfd', 'type': 'int', 'value': 710}, {'name': 'addr', 'type': 'struct sockaddr*', 'value': ""{'sa_family': 'AF_INET','sin_port': '22','sin_addr': '192.168.20.234'}""}, {'name': 'addrlen', 'type': 'int', 'value': 16}]",1,1
487.253468,7555,7555,7548,1001,4026531840,tsm,ip-10-100-1-217,42,connect,[],3,-114,"[{'name': 'sockfd', 'type': 'int', 'value': 711}, {'name': 'addr', 'type': 'struct sockaddr*', 'value': ""{'sin_port': '22','sin_addr': '192.168.20.235','sa_family': 'AF_INET'}""}, {'name': 'addrlen', 'type': 'int', 'value': 16}]",1,1
487.25349,7555,7555,7548,1001,4026531840,tsm,ip-10-100-1-217,42,connect,[],3,-114,"[{'name': 'sockfd', 'type': 'int', 'value': 712}, {'name': 'addr', 'type': 'struct sockaddr*', 'value': ""{'sa_family': 'AF_INET','sin_port': '22','sin_addr': '192.168.20.236'}""}, {'name': 'addrlen', 'type': 'int', 'value': 16}]",1,1
487.253512,7555,7555,7548,1001,4026531840,tsm,ip-10-100-1-217,42,connect,[],3,-114,"[{'name': 'sockfd', 'type': 'int', 'value': 713}, {'name': 'addr', 'type': 'struct sockaddr*', 'value': ""{'sin_addr': '192.168.20.237','sa_family': 'AF_INET','sin_port': '22'}""}, {'name': 'addrlen', 'type': 'int', 'value': 16}]",1,1
487.253534,7555,7555,7548,1001,4026531840,tsm,ip-10-100-1-217,42,connect,[],3,-114,"[{'name': 'sockfd', 'type': 'int', 'value': 714}, {'name': 'addr', 'type': 'struct sockaddr*', 'value': ""{'sin_port': '22','sin_addr': '192.168.20.238','sa_family': 'AF_INET'}""}, {'name': 'addrlen', 'type': 'int', 'value': 16}]",1,1
487.253556,7555,7555,7548,1001,4026531840,tsm,ip-10-100-1-217,42,connect,[],3,-114,"[{'name': 'sockfd', 'type': 'int', 'value': 715}, {'name': 'addr', 'type': 'struct sockaddr*', 'value': ""{'sa_family': 'AF_INET','sin_port': '22','sin_addr': '192.168.20.239'}""}, {'name': 'addrlen', 'type': 'int', 'value': 16}]",1,1
487.253578,7555,7555,7548,1001,4026531840,tsm,ip-10-100-1-217,42,connect,[],3,-114,"[{'name': 'sockfd', 'type': 'int', 'value': 716}, {'name': 'addr', 'type': 'struct sockaddr*', 'value': ""{'sa_family': 'AF_INET','sin_port': '22','sin_addr': '192.168.20.240'}""}, {'name': 'addrlen', 'type': 'int', 'value': 16}]",1,1
487.253601,7555,7555,7548,1001,4026531840,tsm,ip-10-100-1-217,42,connect,[],3,-114,"[{'name': 'sockfd', 'type': 'int', 'value': 717}, {'name': 'addr', 'type': 'struct sockaddr*', 'value': ""{'sa_family': 'AF_INET','sin_port': '22','sin_addr': '192.168.20.241'}""}, {'name': 'addrlen', 'type': 'int', 'value': 16}]",1,1
487.253623,7555,7555,7548,1001,4026531840,tsm,ip-10-100-1-217,42,connect,[],3,-114,"[{'name': 'sockfd', 'type': 'int', 'value': 718}, {'name': 'addr', 'type': 'struct sockaddr*', 'value': ""{'sa_family': 'AF_INET','sin_port': '22','sin_addr': '192.168.20.242'}""}, {'name': 'addrlen', 'type': 'int', 'value': 16}]",1,1
487.253645,7555,7555,7548,1001,4026531840,tsm,ip-10-100-1-217,42,connect,[],3,-114,"[{'name': 'sockfd', 'type': 'int', 'value': 719}, {'name': 'addr', 'type': 'struct sockaddr*', 'value': ""{'sa_family': 'AF_INET','sin_port': '22','sin_addr': '192.168.20.243'}""}, {'name': 'addrlen', 'type': 'int', 'value': 16}]",1,1
487.253667,7555,7555,7548,1001,4026531840,tsm,ip-10-100-1-217,42,connect,[],3,-114,"[{'name': 'sockfd', 'type': 'int', 'value': 720}, {'name': 'addr', 'type': 'struct sockaddr*', 'value': ""{'sa_family': 'AF_INET','sin_port': '22','sin_addr': '192.168.20.244'}""}, {'name': 'addrlen', 'type': 'int', 'value': 16}]",1,1
487.253689,7555,7555,7548,1001,4026531840,tsm,ip-10-100-1-217,42,connect,[],3,-114,"[{'name': 'sockfd', 'type': 'int', 'value': 721}, {'name': 'addr', 'type': 'struct sockaddr*', 'value': ""{'sa_family': 'AF_INET','sin_port': '22','sin_addr': '192.168.20.245'}""}, {'name': 'addrlen', 'type': 'int', 'value': 16}]",1,1
487.253711,7555,7555,7548,1001,4026531840,tsm,ip-10-100-1-217,42,connect,[],3,-114,"[{'name': 'sockfd', 'type': 'int', 'value': 722}, {'name': 'addr', 'type': 'struct sockaddr*', 'value': ""{'sa_family': 'AF_INET','sin_port': '22','sin_addr': '192.168.20.246'}""}, {'name': 'addrlen', 'type': 'int', 'value': 16}]",1,1
487.253733,7555,7555,7548,1001,4026531840,tsm,ip-10-100-1-217,42,connect,[],3,-114,"[{'name': 'sockfd', 'type': 'int', 'value': 723}, {'name': 'addr', 'type': 'struct sockaddr*', 'value': ""{'sin_port': '22','sin_addr': '192.168.20.247','sa_family': 'AF_INET'}""}, {'name': 'addrlen', 'type': 'int', 'value': 16}]",1,1
487.253756,7555,7555,7548,1001,4026531840,tsm,ip-10-100-1-217,42,connect,[],3,-114,"[{'name': 'sockfd', 'type': 'int', 'value': 724}, {'name': 'addr', 'type': 'struct sockaddr*', 'value': ""{'sin_port': '22','sin_addr': '192.168.20.248','sa_family': 'AF_INET'}""}, {'name': 'addrlen', 'type': 'int', 'value': 16}]",1,1
487.253778,7555,7555,7548,1001,4026531840,tsm,ip-10-100-1-217,42,connect,[],3,-114,"[{'name': 'sockfd', 'type': 'int', 'value': 725}, {'name': 'addr', 'type': 'struct sockaddr*', 'value': ""{'sin_port': '22','sin_addr': '192.168.20.249','sa_family': 'AF_INET'}""}, {'name': 'addrlen', 'type': 'int', 'value': 16}]",1,1
487.2538,7555,7555,7548,1001,4026531840,tsm,ip-10-100-1-217,42,connect,[],3,-114,"[{'name': 'sockfd', 'type': 'int', 'value': 726}, {'name': 'addr', 'type': 'struct sockaddr*', 'value': ""{'sa_family': 'AF_INET','sin_port': '22','sin_addr': '192.168.20.250'}""}, {'name': 'addrlen', 'type': 'int', 'value': 16}]",1,1
487.253824,7555,7555,7548,1001,4026531840,tsm,ip-10-100-1-217,42,connect,[],3,-114,"[{'name': 'sockfd', 'type': 'int', 'value': 727}, {'name': 'addr', 'type': 'struct sockaddr*', 'value': ""{'sa_family': 'AF_INET','sin_port': '22','sin_addr': '192.168.20.251'}""}, {'name': 'addrlen', 'type': 'int', 'value': 16}]",1,1
487.253846,7555,7555,7548,1001,4026531840,tsm,ip-10-100-1-217,42,connect,[],3,-114,"[{'name': 'sockfd', 'type': 'int', 'value': 728}, {'name': 'addr', 'type': 'struct sockaddr*', 'value': ""{'sin_port': '22','sin_addr': '192.168.20.252','sa_family': 'AF_INET'}""}, {'name': 'addrlen', 'type': 'int', 'value': 16}]",1,1
487.253868,7555,7555,7548,1001,4026531840,tsm,ip-10-100-1-217,42,connect,[],3,-114,"[{'name': 'sockfd', 'type': 'int', 'value': 729}, {'name': 'addr', 'type': 'struct sockaddr*', 'value': ""{'sin_port': '22','sin_addr': '192.168.20.253','sa_family': 'AF_INET'}""}, {'name': 'addrlen', 'type': 'int', 'value': 16}]",1,1
487.25389,7555,7555,7548,1001,4026531840,tsm,ip-10-100-1-217,42,connect,[],3,-114,"[{'name': 'sockfd', 'type': 'int', 'value': 730}, {'name': 'addr', 'type': 'struct sockaddr*', 'value': ""{'sa_family': 'AF_INET','sin_port': '22','sin_addr': '192.168.20.254'}""}, {'name': 'addrlen', 'type': 'int', 'value': 16}]",1,1
487.253912,7555,7555,7548,1001,4026531840,tsm,ip-10-100-1-217,42,connect,[],3,-114,"[{'name': 'sockfd', 'type': 'int', 'value': 731}, {'name': 'addr', 'type': 'struct sockaddr*', 'value': ""{'sin_port': '22','sin_addr': '192.168.21.0','sa_family': 'AF_INET'}""}, {'name': 'addrlen', 'type': 'int', 'value': 16}]",1,1
487.253934,7555,7555,7548,1001,4026531840,tsm,ip-10-100-1-217,42,connect,[],3,-114,"[{'name': 'sockfd', 'type': 'int', 'value': 732}, {'name': 'addr', 'type': 'struct sockaddr*', 'value': ""{'sa_family': 'AF_INET','sin_port': '22','sin_addr': '192.168.21.1'}""}, {'name': 'addrlen', 'type': 'int', 'value': 16}]",1,1
487.253956,7555,7555,7548,1001,4026531840,tsm,ip-10-100-1-217,42,connect,[],3,-114,"[{'name': 'sockfd', 'type': 'int', 'value': 733}, {'name': 'addr', 'type': 'struct sockaddr*', 'value': ""{'sa_family': 'AF_INET','sin_port': '22','sin_addr': '192.168.21.2'}""}, {'name': 'addrlen', 'type': 'int', 'value': 16}]",1,1
487.253978,7555,7555,7548,1001,4026531840,tsm,ip-10-100-1-217,42,connect,[],3,-114,"[{'name': 'sockfd', 'type': 'int', 'value': 734}, {'name': 'addr', 'type': 'struct sockaddr*', 'value': ""{'sa_family': 'AF_INET','sin_port': '22','sin_addr': '192.168.21.3'}""}, {'name': 'addrlen', 'type': 'int', 'value': 16}]",1,1
487.254001,7555,7555,7548,1001,4026531840,tsm,ip-10-100-1-217,42,connect,[],3,-114,"[{'name': 'sockfd', 'type': 'int', 'value': 735}, {'name': 'addr', 'type': 'struct sockaddr*', 'value': ""{'sa_family': 'AF_INET','sin_port': '22','sin_addr': '192.168.21.4'}""}, {'name': 'addrlen', 'type': 'int', 'value': 16}]",1,1
487.254023,7555,7555,7548,1001,4026531840,tsm,ip-10-100-1-217,42,connect,[],3,-114,"[{'name': 'sockfd', 'type': 'int', 'value': 736}, {'name': 'addr', 'type': 'struct sockaddr*', 'value': ""{'sa_family': 'AF_INET','sin_port': '22','sin_addr': '192.168.21.5'}""}, {'name': 'addrlen', 'type': 'int', 'value': 16}]",1,1
487.254045,7555,7555,7548,1001,4026531840,tsm,ip-10-100-1-217,42,connect,[],3,-114,"[{'name': 'sockfd', 'type': 'int', 'value': 737}, {'name': 'addr', 'type': 'struct sockaddr*', 'value': ""{'sa_family': 'AF_INET','sin_port': '22','sin_addr': '192.168.21.6'}""}, {'name': 'addrlen', 'type': 'int', 'value': 16}]",1,1
487.254067,7555,7555,7548,1001,4026531840,tsm,ip-10-100-1-217,42,connect,[],3,-114,"[{'name': 'sockfd', 'type': 'int', 'value': 738}, {'name': 'addr', 'type': 'struct sockaddr*', 'value': ""{'sin_port': '22','sin_addr': '192.168.21.7','sa_family': 'AF_INET'}""}, {'name': 'addrlen', 'type': 'int', 'value': 16}]",1,1
487.254089,7555,7555,7548,1001,4026531840,tsm,ip-10-100-1-217,42,connect,[],3,-114,"[{'name': 'sockfd', 'type': 'int', 'value': 739}, {'name': 'addr', 'type': 'struct sockaddr*', 'value': ""{'sa_family': 'AF_INET','sin_port': '22','sin_addr': '192.168.21.8'}""}, {'name': 'addrlen', 'type': 'int', 'value': 16}]",1,1
487.254111,7555,7555,7548,1001,4026531840,tsm,ip-10-100-1-217,42,connect,[],3,-114,"[{'name': 'sockfd', 'type': 'int', 'value': 740}, {'name': 'addr', 'type': 'struct sockaddr*', 'value': ""{'sa_family': 'AF_INET','sin_port': '22','sin_addr': '192.168.21.9'}""}, {'name': 'addrlen', 'type': 'int', 'value': 16}]",1,1
487.254133,7555,7555,7548,1001,4026531840,tsm,ip-10-100-1-217,42,connect,[],3,-114,"[{'name': 'sockfd', 'type': 'int', 'value': 741}, {'name': 'addr', 'type': 'struct sockaddr*', 'value': ""{'sa_family': 'AF_INET','sin_port': '22','sin_addr': '192.168.21.10'}""}, {'name': 'addrlen', 'type': 'int', 'value': 16}]",1,1
487.254156,7555,7555,7548,1001,4026531840,tsm,ip-10-100-1-217,42,connect,[],3,-114,"[{'name': 'sockfd', 'type': 'int', 'value': 742}, {'name': 'addr', 'type': 'struct sockaddr*', 'value': ""{'sin_port': '22','sin_addr': '192.168.21.11','sa_family': 'AF_INET'}""}, {'name': 'addrlen', 'type': 'int', 'value': 16}]",1,1
487.254178,7555,7555,7548,1001,4026531840,tsm,ip-10-100-1-217,42,connect,[],3,-114,"[{'name': 'sockfd', 'type': 'int', 'value': 743}, {'name': 'addr', 'type': 'struct sockaddr*', 'value': ""{'sa_family': 'AF_INET','sin_port': '22','sin_addr': '192.168.21.12'}""}, {'name': 'addrlen', 'type': 'int', 'value': 16}]",1,1
487.2542,7555,7555,7548,1001,4026531840,tsm,ip-10-100-1-217,42,connect,[],3,-114,"[{'name': 'sockfd', 'type': 'int', 'value': 744}, {'name': 'addr', 'type': 'struct sockaddr*', 'value': ""{'sa_family': 'AF_INET','sin_port': '22','sin_addr': '192.168.21.13'}""}, {'name': 'addrlen', 'type': 'int', 'value': 16}]",1,1
487.254222,7555,7555,7548,1001,4026531840,tsm,ip-10-100-1-217,42,connect,[],3,-114,"[{'name': 'sockfd', 'type': 'int', 'value': 745}, {'name': 'addr', 'type': 'struct sockaddr*', 'value': ""{'sa_family': 'AF_INET','sin_port': '22','sin_addr': '192.168.21.14'}""}, {'name': 'addrlen', 'type': 'int', 'value': 16}]",1,1
487.254244,7555,7555,7548,1001,4026531840,tsm,ip-10-100-1-217,42,connect,[],3,-114,"[{'name': 'sockfd', 'type': 'int', 'value': 746}, {'name': 'addr', 'type': 'struct sockaddr*', 'value': ""{'sa_family': 'AF_INET','sin_port': '22','sin_addr': '192.168.21.15'}""}, {'name': 'addrlen', 'type': 'int', 'value': 16}]",1,1
487.254267,7555,7555,7548,1001,4026531840,tsm,ip-10-100-1-217,42,connect,[],3,-114,"[{'name': 'sockfd', 'type': 'int', 'value': 747}, {'name': 'addr', 'type': 'struct sockaddr*', 'value': ""{'sa_family': 'AF_INET','sin_port': '22','sin_addr': '192.168.21.16'}""}, {'name': 'addrlen', 'type': 'int', 'value': 16}]",1,1
487.254289,7555,7555,7548,1001,4026531840,tsm,ip-10-100-1-217,42,connect,[],3,-114,"[{'name': 'sockfd', 'type': 'int', 'value': 748}, {'name': 'addr', 'type': 'struct sockaddr*', 'value': ""{'sin_port': '22','sin_addr': '192.168.21.17','sa_family': 'AF_INET'}""}, {'name': 'addrlen', 'type': 'int', 'value': 16}]",1,1
487.254311,7555,7555,7548,1001,4026531840,tsm,ip-10-100-1-217,42,connect,[],3,-114,"[{'name': 'sockfd', 'type': 'int', 'value': 749}, {'name': 'addr', 'type': 'struct sockaddr*', 'value': ""{'sa_family': 'AF_INET','sin_port': '22','sin_addr': '192.168.21.18'}""}, {'name': 'addrlen', 'type': 'int', 'value': 16}]",1,1
487.254333,7555,7555,7548,1001,4026531840,tsm,ip-10-100-1-217,42,connect,[],3,-114,"[{'name': 'sockfd', 'type': 'int', 'value': 750}, {'name': 'addr', 'type': 'struct sockaddr*', 'value': ""{'sin_port': '22','sin_addr': '192.168.21.19','sa_family': 'AF_INET'}""}, {'name': 'addrlen', 'type': 'int', 'value': 16}]",1,1
487.254356,7555,7555,7548,1001,4026531840,tsm,ip-10-100-1-217,42,connect,[],3,-114,"[{'name': 'sockfd', 'type': 'int', 'value': 751}, {'name': 'addr', 'type': 'struct sockaddr*', 'value': ""{'sa_family': 'AF_INET','sin_port': '22','sin_addr': '192.168.21.20'}""}, {'name': 'addrlen', 'type': 'int', 'value': 16}]",1,1
487.254378,7555,7555,7548,1001,4026531840,tsm,ip-10-100-1-217,42,connect,[],3,-114,"[{'name': 'sockfd', 'type': 'int', 'value': 752}, {'name': 'addr', 'type': 'struct sockaddr*', 'value': ""{'sa_family': 'AF_INET','sin_port': '22','sin_addr': '192.168.21.21'}""}, {'name': 'addrlen', 'type': 'int', 'value': 16}]",1,1
487.2544,7555,7555,7548,1001,4026531840,tsm,ip-10-100-1-217,42,connect,[],3,-114,"[{'name': 'sockfd', 'type': 'int', 'value': 753}, {'name': 'addr', 'type': 'struct sockaddr*', 'value': ""{'sa_family': 'AF_INET','sin_port': '22','sin_addr': '192.168.21.22'}""}, {'name': 'addrlen', 'type': 'int', 'value': 16}]",1,1
487.254422,7555,7555,7548,1001,4026531840,tsm,ip-10-100-1-217,42,connect,[],3,-114,"[{'name': 'sockfd', 'type': 'int', 'value': 754}, {'name': 'addr', 'type': 'struct sockaddr*', 'value': ""{'sa_family': 'AF_INET','sin_port': '22','sin_addr': '192.168.21.23'}""}, {'name': 'addrlen', 'type': 'int', 'value': 16}]",1,1
487.254444,7555,7555,7548,1001,4026531840,tsm,ip-10-100-1-217,42,connect,[],3,-114,"[{'name': 'sockfd', 'type': 'int', 'value': 755}, {'name': 'addr', 'type': 'struct sockaddr*', 'value': ""{'sin_addr': '192.168.21.24','sa_family': 'AF_INET','sin_port': '22'}""}, {'name': 'addrlen', 'type': 'int', 'value': 16}]",1,1
487.259283,7555,7555,7548,1001,4026531840,tsm,ip-10-100-1-217,42,connect,[],3,-114,"[{'name': 'sockfd', 'type': 'int', 'value': 756}, {'name': 'addr', 'type': 'struct sockaddr*', 'value': ""{'sa_family': 'AF_INET','sin_port': '22','sin_addr': '192.168.21.25'}""}, {'name': 'addrlen', 'type': 'int', 'value': 16}]",1,1
487.259317,7555,7555,7548,1001,4026531840,tsm,ip-10-100-1-217,42,connect,[],3,-114,"[{'name': 'sockfd', 'type': 'int', 'value': 757}, {'name': 'addr', 'type': 'struct sockaddr*', 'value': ""{'sa_family': 'AF_INET','sin_port': '22','sin_addr': '192.168.21.26'}""}, {'name': 'addrlen', 'type': 'int', 'value': 16}]",1,1
487.259338,7555,7555,7548,1001,4026531840,tsm,ip-10-100-1-217,42,connect,[],3,-114,"[{'name': 'sockfd', 'type': 'int', 'value': 758}, {'name': 'addr', 'type': 'struct sockaddr*', 'value': ""{'sa_family': 'AF_INET','sin_port': '22','sin_addr': '192.168.21.27'}""}, {'name': 'addrlen', 'type': 'int', 'value': 16}]",1,1
487.259365,7555,7555,7548,1001,4026531840,tsm,ip-10-100-1-217,42,connect,[],3,-114,"[{'name': 'sockfd', 'type': 'int', 'value': 759}, {'name': 'addr', 'type': 'struct sockaddr*', 'value': ""{'sa_family': 'AF_INET','sin_port': '22','sin_addr': '192.168.21.28'}""}, {'name': 'addrlen', 'type': 'int', 'value': 16}]",1,1
487.259387,7555,7555,7548,1001,4026531840,tsm,ip-10-100-1-217,42,connect,[],3,-114,"[{'name': 'sockfd', 'type': 'int', 'value': 760}, {'name': 'addr', 'type': 'struct sockaddr*', 'value': ""{'sa_family': 'AF_INET','sin_port': '22','sin_addr': '192.168.21.29'}""}, {'name': 'addrlen', 'type': 'int', 'value': 16}]",1,1
487.259408,7555,7555,7548,1001,4026531840,tsm,ip-10-100-1-217,42,connect,[],3,-114,"[{'name': 'sockfd', 'type': 'int', 'value': 761}, {'name': 'addr', 'type': 'struct sockaddr*', 'value': ""{'sa_family': 'AF_INET','sin_port': '22','sin_addr': '192.168.21.30'}""}, {'name': 'addrlen', 'type': 'int', 'value': 16}]",1,1
487.259429,7555,7555,7548,1001,4026531840,tsm,ip-10-100-1-217,42,connect,[],3,-114,"[{'name': 'sockfd', 'type': 'int', 'value': 762}, {'name': 'addr', 'type': 'struct sockaddr*', 'value': ""{'sa_family': 'AF_INET','sin_port': '22','sin_addr': '192.168.21.31'}""}, {'name': 'addrlen', 'type': 'int', 'value': 16}]",1,1
487.259463,7555,7555,7548,1001,4026531840,tsm,ip-10-100-1-217,42,connect,[],3,-114,"[{'name': 'sockfd', 'type': 'int', 'value': 763}, {'name': 'addr', 'type': 'struct sockaddr*', 'value': ""{'sa_family': 'AF_INET','sin_port': '22','sin_addr': '192.168.21.32'}""}, {'name': 'addrlen', 'type': 'int', 'value': 16}]",1,1
487.259485,7555,7555,7548,1001,4026531840,tsm,ip-10-100-1-217,42,connect,[],3,-114,"[{'name': 'sockfd', 'type': 'int', 'value': 764}, {'name': 'addr', 'type': 'struct sockaddr*', 'value': ""{'sa_family': 'AF_INET','sin_port': '22','sin_addr': '192.168.21.33'}""}, {'name': 'addrlen', 'type': 'int', 'value': 16}]",1,1
487.259507,7555,7555,7548,1001,4026531840,tsm,ip-10-100-1-217,42,connect,[],3,-114,"[{'name': 'sockfd', 'type': 'int', 'value': 765}, {'name': 'addr', 'type': 'struct sockaddr*', 'value': ""{'sa_family': 'AF_INET','sin_port': '22','sin_addr': '192.168.21.34'}""}, {'name': 'addrlen', 'type': 'int', 'value': 16}]",1,1
487.25954,7555,7555,7548,1001,4026531840,tsm,ip-10-100-1-217,42,connect,[],3,-114,"[{'name': 'sockfd', 'type': 'int', 'value': 766}, {'name': 'addr', 'type': 'struct sockaddr*', 'value': ""{'sin_addr': '192.168.21.35','sa_family': 'AF_INET','sin_port': '22'}""}, {'name': 'addrlen', 'type': 'int', 'value': 16}]",1,1
487.259565,7555,7555,7548,1001,4026531840,tsm,ip-10-100-1-217,42,connect,[],3,-114,"[{'name': 'sockfd', 'type': 'int', 'value': 767}, {'name': 'addr', 'type': 'struct sockaddr*', 'value': ""{'sa_family': 'AF_INET','sin_port': '22','sin_addr': '192.168.21.36'}""}, {'name': 'addrlen', 'type': 'int', 'value': 16}]",1,1
487.259587,7555,7555,7548,1001,4026531840,tsm,ip-10-100-1-217,42,connect,[],3,-114,"[{'name': 'sockfd', 'type': 'int', 'value': 768}, {'name': 'addr', 'type': 'struct sockaddr*', 'value': ""{'sin_port': '22','sin_addr': '192.168.21.37','sa_family': 'AF_INET'}""}, {'name': 'addrlen', 'type': 'int', 'value': 16}]",1,1
487.259609,7555,7555,7548,1001,4026531840,tsm,ip-10-100-1-217,42,connect,[],3,-114,"[{'name': 'sockfd', 'type': 'int', 'value': 769}, {'name': 'addr', 'type': 'struct sockaddr*', 'value': ""{'sa_family': 'AF_INET','sin_port': '22','sin_addr': '192.168.21.38'}""}, {'name': 'addrlen', 'type': 'int', 'value': 16}]",1,1
487.259631,7555,7555,7548,1001,4026531840,tsm,ip-10-100-1-217,42,connect,[],3,-114,"[{'name': 'sockfd', 'type': 'int', 'value': 770}, {'name': 'addr', 'type': 'struct sockaddr*', 'value': ""{'sin_port': '22','sin_addr': '192.168.21.39','sa_family': 'AF_INET'}""}, {'name': 'addrlen', 'type': 'int', 'value': 16}]",1,1
487.259653,7555,7555,7548,1001,4026531840,tsm,ip-10-100-1-217,42,connect,[],3,-114,"[{'name': 'sockfd', 'type': 'int', 'value': 771}, {'name': 'addr', 'type': 'struct sockaddr*', 'value': ""{'sa_family': 'AF_INET','sin_port': '22','sin_addr': '192.168.21.40'}""}, {'name': 'addrlen', 'type': 'int', 'value': 16}]",1,1
487.259675,7555,7555,7548,1001,4026531840,tsm,ip-10-100-1-217,42,connect,[],3,-114,"[{'name': 'sockfd', 'type': 'int', 'value': 772}, {'name': 'addr', 'type': 'struct sockaddr*', 'value': ""{'sa_family': 'AF_INET','sin_port': '22','sin_addr': '192.168.21.41'}""}, {'name': 'addrlen', 'type': 'int', 'value': 16}]",1,1
487.259697,7555,7555,7548,1001,4026531840,tsm,ip-10-100-1-217,42,connect,[],3,-114,"[{'name': 'sockfd', 'type': 'int', 'value': 773}, {'name': 'addr', 'type': 'struct sockaddr*', 'value': ""{'sa_family': 'AF_INET','sin_port': '22','sin_addr': '192.168.21.42'}""}, {'name': 'addrlen', 'type': 'int', 'value': 16}]",1,1
487.259719,7555,7555,7548,1001,4026531840,tsm,ip-10-100-1-217,42,connect,[],3,-114,"[{'name': 'sockfd', 'type': 'int', 'value': 774}, {'name': 'addr', 'type': 'struct sockaddr*', 'value': ""{'sa_family': 'AF_INET','sin_port': '22','sin_addr': '192.168.21.43'}""}, {'name': 'addrlen', 'type': 'int', 'value': 16}]",1,1
487.259741,7555,7555,7548,1001,4026531840,tsm,ip-10-100-1-217,42,connect,[],3,-114,"[{'name': 'sockfd', 'type': 'int', 'value': 775}, {'name': 'addr', 'type': 'struct sockaddr*', 'value': ""{'sa_family': 'AF_INET','sin_port': '22','sin_addr': '192.168.21.44'}""}, {'name': 'addrlen', 'type': 'int', 'value': 16}]",1,1
487.259764,7555,7555,7548,1001,4026531840,tsm,ip-10-100-1-217,42,connect,[],3,-114,"[{'name': 'sockfd', 'type': 'int', 'value': 776}, {'name': 'addr', 'type': 'struct sockaddr*', 'value': ""{'sa_family': 'AF_INET','sin_port': '22','sin_addr': '192.168.21.45'}""}, {'name': 'addrlen', 'type': 'int', 'value': 16}]",1,1
487.259786,7555,7555,7548,1001,4026531840,tsm,ip-10-100-1-217,42,connect,[],3,-114,"[{'name': 'sockfd', 'type': 'int', 'value': 777}, {'name': 'addr', 'type': 'struct sockaddr*', 'value': ""{'sa_family': 'AF_INET','sin_port': '22','sin_addr': '192.168.21.46'}""}, {'name': 'addrlen', 'type': 'int', 'value': 16}]",1,1
487.25981,7555,7555,7548,1001,4026531840,tsm,ip-10-100-1-217,42,connect,[],3,-114,"[{'name': 'sockfd', 'type': 'int', 'value': 778}, {'name': 'addr', 'type': 'struct sockaddr*', 'value': ""{'sa_family': 'AF_INET','sin_port': '22','sin_addr': '192.168.21.47'}""}, {'name': 'addrlen', 'type': 'int', 'value': 16}]",1,1
487.259833,7555,7555,7548,1001,4026531840,tsm,ip-10-100-1-217,42,connect,[],3,-114,"[{'name': 'sockfd', 'type': 'int', 'value': 779}, {'name': 'addr', 'type': 'struct sockaddr*', 'value': ""{'sa_family': 'AF_INET','sin_port': '22','sin_addr': '192.168.21.48'}""}, {'name': 'addrlen', 'type': 'int', 'value': 16}]",1,1
487.259855,7555,7555,7548,1001,4026531840,tsm,ip-10-100-1-217,42,connect,[],3,-114,"[{'name': 'sockfd', 'type': 'int', 'value': 780}, {'name': 'addr', 'type': 'struct sockaddr*', 'value': ""{'sa_family': 'AF_INET','sin_port': '22','sin_addr': '192.168.21.49'}""}, {'name': 'addrlen', 'type': 'int', 'value': 16}]",1,1
487.259877,7555,7555,7548,1001,4026531840,tsm,ip-10-100-1-217,42,connect,[],3,-114,"[{'name': 'sockfd', 'type': 'int', 'value': 781}, {'name': 'addr', 'type': 'struct sockaddr*', 'value': ""{'sin_addr': '192.168.21.50','sa_family': 'AF_INET','sin_port': '22'}""}, {'name': 'addrlen', 'type': 'int', 'value': 16}]",1,1
487.259899,7555,7555,7548,1001,4026531840,tsm,ip-10-100-1-217,42,connect,[],3,-114,"[{'name': 'sockfd', 'type': 'int', 'value': 782}, {'name': 'addr', 'type': 'struct sockaddr*', 'value': ""{'sin_port': '22','sin_addr': '192.168.21.51','sa_family': 'AF_INET'}""}, {'name': 'addrlen', 'type': 'int', 'value': 16}]",1,1
487.259921,7555,7555,7548,1001,4026531840,tsm,ip-10-100-1-217,42,connect,[],3,-114,"[{'name': 'sockfd', 'type': 'int', 'value': 783}, {'name': 'addr', 'type': 'struct sockaddr*', 'value': ""{'sin_addr': '192.168.21.52','sa_family': 'AF_INET','sin_port': '22'}""}, {'name': 'addrlen', 'type': 'int', 'value': 16}]",1,1
487.259943,7555,7555,7548,1001,4026531840,tsm,ip-10-100-1-217,42,connect,[],3,-114,"[{'name': 'sockfd', 'type': 'int', 'value': 784}, {'name': 'addr', 'type': 'struct sockaddr*', 'value': ""{'sin_port': '22','sin_addr': '192.168.21.53','sa_family': 'AF_INET'}""}, {'name': 'addrlen', 'type': 'int', 'value': 16}]",1,1
487.259965,7555,7555,7548,1001,4026531840,tsm,ip-10-100-1-217,42,connect,[],3,-114,"[{'name': 'sockfd', 'type': 'int', 'value': 785}, {'name': 'addr', 'type': 'struct sockaddr*', 'value': ""{'sa_family': 'AF_INET','sin_port': '22','sin_addr': '192.168.21.54'}""}, {'name': 'addrlen', 'type': 'int', 'value': 16}]",1,1
487.26,7555,7555,7548,1001,4026531840,tsm,ip-10-100-1-217,42,connect,[],3,-114,"[{'name': 'sockfd', 'type': 'int', 'value': 786}, {'name': 'addr', 'type': 'struct sockaddr*', 'value': ""{'sa_family': 'AF_INET','sin_port': '22','sin_addr': '192.168.21.55'}""}, {'name': 'addrlen', 'type': 'int', 'value': 16}]",1,1
487.260021,7555,7555,7548,1001,4026531840,tsm,ip-10-100-1-217,42,connect,[],3,-114,"[{'name': 'sockfd', 'type': 'int', 'value': 787}, {'name': 'addr', 'type': 'struct sockaddr*', 'value': ""{'sa_family': 'AF_INET','sin_port': '22','sin_addr': '192.168.21.56'}""}, {'name': 'addrlen', 'type': 'int', 'value': 16}]",1,1
487.260043,7555,7555,7548,1001,4026531840,tsm,ip-10-100-1-217,42,connect,[],3,-114,"[{'name': 'sockfd', 'type': 'int', 'value': 788}, {'name': 'addr', 'type': 'struct sockaddr*', 'value': ""{'sa_family': 'AF_INET','sin_port': '22','sin_addr': '192.168.21.57'}""}, {'name': 'addrlen', 'type': 'int', 'value': 16}]",1,1
487.260064,7555,7555,7548,1001,4026531840,tsm,ip-10-100-1-217,42,connect,[],3,-114,"[{'name': 'sockfd', 'type': 'int', 'value': 789}, {'name': 'addr', 'type': 'struct sockaddr*', 'value': ""{'sa_family': 'AF_INET','sin_port': '22','sin_addr': '192.168.21.58'}""}, {'name': 'addrlen', 'type': 'int', 'value': 16}]",1,1
487.260085,7555,7555,7548,1001,4026531840,tsm,ip-10-100-1-217,42,connect,[],3,-114,"[{'name': 'sockfd', 'type': 'int', 'value': 790}, {'name': 'addr', 'type': 'struct sockaddr*', 'value': ""{'sa_family': 'AF_INET','sin_port': '22','sin_addr': '192.168.21.59'}""}, {'name': 'addrlen', 'type': 'int', 'value': 16}]",1,1
487.260106,7555,7555,7548,1001,4026531840,tsm,ip-10-100-1-217,42,connect,[],3,-114,"[{'name': 'sockfd', 'type': 'int', 'value': 791}, {'name': 'addr', 'type': 'struct sockaddr*', 'value': ""{'sa_family': 'AF_INET','sin_port': '22','sin_addr': '192.168.21.60'}""}, {'name': 'addrlen', 'type': 'int', 'value': 16}]",1,1
487.260127,7555,7555,7548,1001,4026531840,tsm,ip-10-100-1-217,42,connect,[],3,-114,"[{'name': 'sockfd', 'type': 'int', 'value': 792}, {'name': 'addr', 'type': 'struct sockaddr*', 'value': ""{'sin_port': '22','sin_addr': '192.168.21.61','sa_family': 'AF_INET'}""}, {'name': 'addrlen', 'type': 'int', 'value': 16}]",1,1
487.260149,7555,7555,7548,1001,4026531840,tsm,ip-10-100-1-217,42,connect,[],3,-114,"[{'name': 'sockfd', 'type': 'int', 'value': 793}, {'name': 'addr', 'type': 'struct sockaddr*', 'value': ""{'sa_family': 'AF_INET','sin_port': '22','sin_addr': '192.168.21.62'}""}, {'name': 'addrlen', 'type': 'int', 'value': 16}]",1,1
487.26017,7555,7555,7548,1001,4026531840,tsm,ip-10-100-1-217,42,connect,[],3,-114,"[{'name': 'sockfd', 'type': 'int', 'value': 794}, {'name': 'addr', 'type': 'struct sockaddr*', 'value': ""{'sa_family': 'AF_INET','sin_port': '22','sin_addr': '192.168.21.63'}""}, {'name': 'addrlen', 'type': 'int', 'value': 16}]",1,1
487.260191,7555,7555,7548,1001,4026531840,tsm,ip-10-100-1-217,42,connect,[],3,-114,"[{'name': 'sockfd', 'type': 'int', 'value': 795}, {'name': 'addr', 'type': 'struct sockaddr*', 'value': ""{'sa_family': 'AF_INET','sin_port': '22','sin_addr': '192.168.21.64'}""}, {'name': 'addrlen', 'type': 'int', 'value': 16}]",1,1
487.260212,7555,7555,7548,1001,4026531840,tsm,ip-10-100-1-217,42,connect,[],3,-114,"[{'name': 'sockfd', 'type': 'int', 'value': 796}, {'name': 'addr', 'type': 'struct sockaddr*', 'value': ""{'sa_family': 'AF_INET','sin_port': '22','sin_addr': '192.168.21.65'}""}, {'name': 'addrlen', 'type': 'int', 'value': 16}]",1,1
487.260233,7555,7555,7548,1001,4026531840,tsm,ip-10-100-1-217,42,connect,[],3,-114,"[{'name': 'sockfd', 'type': 'int', 'value': 797}, {'name': 'addr', 'type': 'struct sockaddr*', 'value': ""{'sa_family': 'AF_INET','sin_port': '22','sin_addr': '192.168.21.66'}""}, {'name': 'addrlen', 'type': 'int', 'value': 16}]",1,1
487.260255,7555,7555,7548,1001,4026531840,tsm,ip-10-100-1-217,42,connect,[],3,-114,"[{'name': 'sockfd', 'type': 'int', 'value': 798}, {'name': 'addr', 'type': 'struct sockaddr*', 'value': ""{'sa_family': 'AF_INET','sin_port': '22','sin_addr': '192.168.21.67'}""}, {'name': 'addrlen', 'type': 'int', 'value': 16}]",1,1
487.260276,7555,7555,7548,1001,4026531840,tsm,ip-10-100-1-217,42,connect,[],3,-114,"[{'name': 'sockfd', 'type': 'int', 'value': 799}, {'name': 'addr', 'type': 'struct sockaddr*', 'value': ""{'sin_addr': '192.168.21.68','sa_family': 'AF_INET','sin_port': '22'}""}, {'name': 'addrlen', 'type': 'int', 'value': 16}]",1,1
487.260297,7555,7555,7548,1001,4026531840,tsm,ip-10-100-1-217,42,connect,[],3,-114,"[{'name': 'sockfd', 'type': 'int', 'value': 800}, {'name': 'addr', 'type': 'struct sockaddr*', 'value': ""{'sa_family': 'AF_INET','sin_port': '22','sin_addr': '192.168.21.69'}""}, {'name': 'addrlen', 'type': 'int', 'value': 16}]",1,1
487.260318,7555,7555,7548,1001,4026531840,tsm,ip-10-100-1-217,42,connect,[],3,-114,"[{'name': 'sockfd', 'type': 'int', 'value': 801}, {'name': 'addr', 'type': 'struct sockaddr*', 'value': ""{'sa_family': 'AF_INET','sin_port': '22','sin_addr': '192.168.21.70'}""}, {'name': 'addrlen', 'type': 'int', 'value': 16}]",1,1
487.26034,7555,7555,7548,1001,4026531840,tsm,ip-10-100-1-217,42,connect,[],3,-114,"[{'name': 'sockfd', 'type': 'int', 'value': 802}, {'name': 'addr', 'type': 'struct sockaddr*', 'value': ""{'sa_family': 'AF_INET','sin_port': '22','sin_addr': '192.168.21.71'}""}, {'name': 'addrlen', 'type': 'int', 'value': 16}]",1,1
487.260361,7555,7555,7548,1001,4026531840,tsm,ip-10-100-1-217,42,connect,[],3,-114,"[{'name': 'sockfd', 'type': 'int', 'value': 803}, {'name': 'addr', 'type': 'struct sockaddr*', 'value': ""{'sin_addr': '192.168.21.72','sa_family': 'AF_INET','sin_port': '22'}""}, {'name': 'addrlen', 'type': 'int', 'value': 16}]",1,1
487.260384,7555,7555,7548,1001,4026531840,tsm,ip-10-100-1-217,42,connect,[],3,-114,"[{'name': 'sockfd', 'type': 'int', 'value': 4}, {'name': 'addr', 'type': 'struct sockaddr*', 'value': ""{'sin_addr': '192.168.21.73','sa_family': 'AF_INET','sin_port': '22'}""}, {'name': 'addrlen', 'type': 'int', 'value': 16}]",1,1
487.260406,7555,7555,7548,1001,4026531840,tsm,ip-10-100-1-217,42,connect,[],3,-114,"[{'name': 'sockfd', 'type': 'int', 'value': 5}, {'name': 'addr', 'type': 'struct sockaddr*', 'value': ""{'sa_family': 'AF_INET','sin_port': '22','sin_addr': '192.168.21.74'}""}, {'name': 'addrlen', 'type': 'int', 'value': 16}]",1,1
487.260427,7555,7555,7548,1001,4026531840,tsm,ip-10-100-1-217,42,connect,[],3,-114,"[{'name': 'sockfd', 'type': 'int', 'value': 6}, {'name': 'addr', 'type': 'struct sockaddr*', 'value': ""{'sin_port': '22','sin_addr': '192.168.21.75','sa_family': 'AF_INET'}""}, {'name': 'addrlen', 'type': 'int', 'value': 16}]",1,1
487.260448,7555,7555,7548,1001,4026531840,tsm,ip-10-100-1-217,42,connect,[],3,-114,"[{'name': 'sockfd', 'type': 'int', 'value': 7}, {'name': 'addr', 'type': 'struct sockaddr*', 'value': ""{'sa_family': 'AF_INET','sin_port': '22','sin_addr': '192.168.21.76'}""}, {'name': 'addrlen', 'type': 'int', 'value': 16}]",1,1
487.26047,7555,7555,7548,1001,4026531840,tsm,ip-10-100-1-217,42,connect,[],3,-114,"[{'name': 'sockfd', 'type': 'int', 'value': 8}, {'name': 'addr', 'type': 'struct sockaddr*', 'value': ""{'sa_family': 'AF_INET','sin_port': '22','sin_addr': '192.168.21.77'}""}, {'name': 'addrlen', 'type': 'int', 'value': 16}]",1,1
487.260491,7555,7555,7548,1001,4026531840,tsm,ip-10-100-1-217,42,connect,[],3,-114,"[{'name': 'sockfd', 'type': 'int', 'value': 9}, {'name': 'addr', 'type': 'struct sockaddr*', 'value': ""{'sa_family': 'AF_INET','sin_port': '22','sin_addr': '192.168.21.78'}""}, {'name': 'addrlen', 'type': 'int', 'value': 16}]",1,1
487.260512,7555,7555,7548,1001,4026531840,tsm,ip-10-100-1-217,42,connect,[],3,-114,"[{'name': 'sockfd', 'type': 'int', 'value': 10}, {'name': 'addr', 'type': 'struct sockaddr*', 'value': ""{'sa_family': 'AF_INET','sin_port': '22','sin_addr': '192.168.21.79'}""}, {'name': 'addrlen', 'type': 'int', 'value': 16}]",1,1
487.260534,7555,7555,7548,1001,4026531840,tsm,ip-10-100-1-217,42,connect,[],3,-114,"[{'name': 'sockfd', 'type': 'int', 'value': 11}, {'name': 'addr', 'type': 'struct sockaddr*', 'value': ""{'sa_family': 'AF_INET','sin_port': '22','sin_addr': '192.168.21.80'}""}, {'name': 'addrlen', 'type': 'int', 'value': 16}]",1,1
487.260555,7555,7555,7548,1001,4026531840,tsm,ip-10-100-1-217,42,connect,[],3,-114,"[{'name': 'sockfd', 'type': 'int', 'value': 12}, {'name': 'addr', 'type': 'struct sockaddr*', 'value': ""{'sin_port': '22','sin_addr': '192.168.21.81','sa_family': 'AF_INET'}""}, {'name': 'addrlen', 'type': 'int', 'value': 16}]",1,1
487.260577,7555,7555,7548,1001,4026531840,tsm,ip-10-100-1-217,42,connect,[],3,-114,"[{'name': 'sockfd', 'type': 'int', 'value': 13}, {'name': 'addr', 'type': 'struct sockaddr*', 'value': ""{'sa_family': 'AF_INET','sin_port': '22','sin_addr': '192.168.21.82'}""}, {'name': 'addrlen', 'type': 'int', 'value': 16}]",1,1
487.260598,7555,7555,7548,1001,4026531840,tsm,ip-10-100-1-217,42,connect,[],3,-114,"[{'name': 'sockfd', 'type': 'int', 'value': 14}, {'name': 'addr', 'type': 'struct sockaddr*', 'value': ""{'sa_family': 'AF_INET','sin_port': '22','sin_addr': '192.168.21.83'}""}, {'name': 'addrlen', 'type': 'int', 'value': 16}]",1,1
487.260619,7555,7555,7548,1001,4026531840,tsm,ip-10-100-1-217,42,connect,[],3,-114,"[{'name': 'sockfd', 'type': 'int', 'value': 15}, {'name': 'addr', 'type': 'struct sockaddr*', 'value': ""{'sa_family': 'AF_INET','sin_port': '22','sin_addr': '192.168.21.84'}""}, {'name': 'addrlen', 'type': 'int', 'value': 16}]",1,1
487.26064,7555,7555,7548,1001,4026531840,tsm,ip-10-100-1-217,42,connect,[],3,-114,"[{'name': 'sockfd', 'type': 'int', 'value': 16}, {'name': 'addr', 'type': 'struct sockaddr*', 'value': ""{'sa_family': 'AF_INET','sin_port': '22','sin_addr': '192.168.21.85'}""}, {'name': 'addrlen', 'type': 'int', 'value': 16}]",1,1
487.260662,7555,7555,7548,1001,4026531840,tsm,ip-10-100-1-217,42,connect,[],3,-114,"[{'name': 'sockfd', 'type': 'int', 'value': 17}, {'name': 'addr', 'type': 'struct sockaddr*', 'value': ""{'sa_family': 'AF_INET','sin_port': '22','sin_addr': '192.168.21.86'}""}, {'name': 'addrlen', 'type': 'int', 'value': 16}]",1,1
487.260683,7555,7555,7548,1001,4026531840,tsm,ip-10-100-1-217,42,connect,[],3,-114,"[{'name': 'sockfd', 'type': 'int', 'value': 18}, {'name': 'addr', 'type': 'struct sockaddr*', 'value': ""{'sa_family': 'AF_INET','sin_port': '22','sin_addr': '192.168.21.87'}""}, {'name': 'addrlen', 'type': 'int', 'value': 16}]",1,1
487.260716,7555,7555,7548,1001,4026531840,tsm,ip-10-100-1-217,42,connect,[],3,-114,"[{'name': 'sockfd', 'type': 'int', 'value': 19}, {'name': 'addr', 'type': 'struct sockaddr*', 'value': ""{'sa_family': 'AF_INET','sin_port': '22','sin_addr': '192.168.21.88'}""}, {'name': 'addrlen', 'type': 'int', 'value': 16}]",1,1
487.26074,7555,7555,7548,1001,4026531840,tsm,ip-10-100-1-217,42,connect,[],3,-114,"[{'name': 'sockfd', 'type': 'int', 'value': 20}, {'name': 'addr', 'type': 'struct sockaddr*', 'value': ""{'sa_family': 'AF_INET','sin_port': '22','sin_addr': '192.168.21.89'}""}, {'name': 'addrlen', 'type': 'int', 'value': 16}]",1,1
487.260762,7555,7555,7548,1001,4026531840,tsm,ip-10-100-1-217,42,connect,[],3,-114,"[{'name': 'sockfd', 'type': 'int', 'value': 21}, {'name': 'addr', 'type': 'struct sockaddr*', 'value': ""{'sin_addr': '192.168.21.90','sa_family': 'AF_INET','sin_port': '22'}""}, {'name': 'addrlen', 'type': 'int', 'value': 16}]",1,1
487.260784,7555,7555,7548,1001,4026531840,tsm,ip-10-100-1-217,42,connect,[],3,-114,"[{'name': 'sockfd', 'type': 'int', 'value': 22}, {'name': 'addr', 'type': 'struct sockaddr*', 'value': ""{'sa_family': 'AF_INET','sin_port': '22','sin_addr': '192.168.21.91'}""}, {'name': 'addrlen', 'type': 'int', 'value': 16}]",1,1
487.260806,7555,7555,7548,1001,4026531840,tsm,ip-10-100-1-217,42,connect,[],3,-114,"[{'name': 'sockfd', 'type': 'int', 'value': 23}, {'name': 'addr', 'type': 'struct sockaddr*', 'value': ""{'sa_family': 'AF_INET','sin_port': '22','sin_addr': '192.168.21.92'}""}, {'name': 'addrlen', 'type': 'int', 'value': 16}]",1,1
487.26257,7555,7555,7548,1001,4026531840,tsm,ip-10-100-1-217,42,connect,[],3,-114,"[{'name': 'sockfd', 'type': 'int', 'value': 24}, {'name': 'addr', 'type': 'struct sockaddr*', 'value': ""{'sin_port': '22','sin_addr': '192.168.21.93','sa_family': 'AF_INET'}""}, {'name': 'addrlen', 'type': 'int', 'value': 16}]",1,1
487.262601,7555,7555,7548,1001,4026531840,tsm,ip-10-100-1-217,42,connect,[],3,-114,"[{'name': 'sockfd', 'type': 'int', 'value': 25}, {'name': 'addr', 'type': 'struct sockaddr*', 'value': ""{'sa_family': 'AF_INET','sin_port': '22','sin_addr': '192.168.21.94'}""}, {'name': 'addrlen', 'type': 'int', 'value': 16}]",1,1
487.262626,7555,7555,7548,1001,4026531840,tsm,ip-10-100-1-217,42,connect,[],3,-114,"[{'name': 'sockfd', 'type': 'int', 'value': 26}, {'name': 'addr', 'type': 'struct sockaddr*', 'value': ""{'sin_port': '22','sin_addr': '192.168.21.95','sa_family': 'AF_INET'}""}, {'name': 'addrlen', 'type': 'int', 'value': 16}]",1,1
487.262649,7555,7555,7548,1001,4026531840,tsm,ip-10-100-1-217,42,connect,[],3,-114,"[{'name': 'sockfd', 'type': 'int', 'value': 27}, {'name': 'addr', 'type': 'struct sockaddr*', 'value': ""{'sa_family': 'AF_INET','sin_port': '22','sin_addr': '192.168.21.96'}""}, {'name': 'addrlen', 'type': 'int', 'value': 16}]",1,1
487.262671,7555,7555,7548,1001,4026531840,tsm,ip-10-100-1-217,42,connect,[],3,-114,"[{'name': 'sockfd', 'type': 'int', 'value': 28}, {'name': 'addr', 'type': 'struct sockaddr*', 'value': ""{'sa_family': 'AF_INET','sin_port': '22','sin_addr': '192.168.21.97'}""}, {'name': 'addrlen', 'type': 'int', 'value': 16}]",1,1
487.262693,7555,7555,7548,1001,4026531840,tsm,ip-10-100-1-217,42,connect,[],3,-114,"[{'name': 'sockfd', 'type': 'int', 'value': 29}, {'name': 'addr', 'type': 'struct sockaddr*', 'value': ""{'sa_family': 'AF_INET','sin_port': '22','sin_addr': '192.168.21.98'}""}, {'name': 'addrlen', 'type': 'int', 'value': 16}]",1,1
487.262715,7555,7555,7548,1001,4026531840,tsm,ip-10-100-1-217,42,connect,[],3,-114,"[{'name': 'sockfd', 'type': 'int', 'value': 30}, {'name': 'addr', 'type': 'struct sockaddr*', 'value': ""{'sa_family': 'AF_INET','sin_port': '22','sin_addr': '192.168.21.99'}""}, {'name': 'addrlen', 'type': 'int', 'value': 16}]",1,1
487.262737,7555,7555,7548,1001,4026531840,tsm,ip-10-100-1-217,42,connect,[],3,-114,"[{'name': 'sockfd', 'type': 'int', 'value': 31}, {'name': 'addr', 'type': 'struct sockaddr*', 'value': ""{'sa_family': 'AF_INET','sin_port': '22','sin_addr': '192.168.21.100'}""}, {'name': 'addrlen', 'type': 'int', 'value': 16}]",1,1
487.262759,7555,7555,7548,1001,4026531840,tsm,ip-10-100-1-217,42,connect,[],3,-114,"[{'name': 'sockfd', 'type': 'int', 'value': 32}, {'name': 'addr', 'type': 'struct sockaddr*', 'value': ""{'sa_family': 'AF_INET','sin_port': '22','sin_addr': '192.168.21.101'}""}, {'name': 'addrlen', 'type': 'int', 'value': 16}]",1,1
487.262781,7555,7555,7548,1001,4026531840,tsm,ip-10-100-1-217,42,connect,[],3,-114,"[{'name': 'sockfd', 'type': 'int', 'value': 33}, {'name': 'addr', 'type': 'struct sockaddr*', 'value': ""{'sa_family': 'AF_INET','sin_port': '22','sin_addr': '192.168.21.102'}""}, {'name': 'addrlen', 'type': 'int', 'value': 16}]",1,1
487.262813,7555,7555,7548,1001,4026531840,tsm,ip-10-100-1-217,42,connect,[],3,-114,"[{'name': 'sockfd', 'type': 'int', 'value': 34}, {'name': 'addr', 'type': 'struct sockaddr*', 'value': ""{'sin_port': '22','sin_addr': '192.168.21.103','sa_family': 'AF_INET'}""}, {'name': 'addrlen', 'type': 'int', 'value': 16}]",1,1
487.262838,7555,7555,7548,1001,4026531840,tsm,ip-10-100-1-217,42,connect,[],3,-114,"[{'name': 'sockfd', 'type': 'int', 'value': 35}, {'name': 'addr', 'type': 'struct sockaddr*', 'value': ""{'sa_family': 'AF_INET','sin_port': '22','sin_addr': '192.168.21.104'}""}, {'name': 'addrlen', 'type': 'int', 'value': 16}]",1,1
487.263237,7555,7555,7548,1001,4026531840,tsm,ip-10-100-1-217,42,connect,[],3,-114,"[{'name': 'sockfd', 'type': 'int', 'value': 36}, {'name': 'addr', 'type': 'struct sockaddr*', 'value': ""{'sa_family': 'AF_INET','sin_port': '22','sin_addr': '192.168.21.105'}""}, {'name': 'addrlen', 'type': 'int', 'value': 16}]",1,1
487.263265,7555,7555,7548,1001,4026531840,tsm,ip-10-100-1-217,42,connect,[],3,-114,"[{'name': 'sockfd', 'type': 'int', 'value': 37}, {'name': 'addr', 'type': 'struct sockaddr*', 'value': ""{'sa_family': 'AF_INET','sin_port': '22','sin_addr': '192.168.21.106'}""}, {'name': 'addrlen', 'type': 'int', 'value': 16}]",1,1
487.263288,7555,7555,7548,1001,4026531840,tsm,ip-10-100-1-217,42,connect,[],3,-114,"[{'name': 'sockfd', 'type': 'int', 'value': 38}, {'name': 'addr', 'type': 'struct sockaddr*', 'value': ""{'sa_family': 'AF_INET','sin_port': '22','sin_addr': '192.168.21.107'}""}, {'name': 'addrlen', 'type': 'int', 'value': 16}]",1,1
487.26331,7555,7555,7548,1001,4026531840,tsm,ip-10-100-1-217,42,connect,[],3,-114,"[{'name': 'sockfd', 'type': 'int', 'value': 39}, {'name': 'addr', 'type': 'struct sockaddr*', 'value': ""{'sin_port': '22','sin_addr': '192.168.21.108','sa_family': 'AF_INET'}""}, {'name': 'addrlen', 'type': 'int', 'value': 16}]",1,1
487.263332,7555,7555,7548,1001,4026531840,tsm,ip-10-100-1-217,42,connect,[],3,-114,"[{'name': 'sockfd', 'type': 'int', 'value': 40}, {'name': 'addr', 'type': 'struct sockaddr*', 'value': ""{'sa_family': 'AF_INET','sin_port': '22','sin_addr': '192.168.21.109'}""}, {'name': 'addrlen', 'type': 'int', 'value': 16}]",1,1
487.263542,7555,7555,7548,1001,4026531840,tsm,ip-10-100-1-217,42,connect,[],3,-114,"[{'name': 'sockfd', 'type': 'int', 'value': 41}, {'name': 'addr', 'type': 'struct sockaddr*', 'value': ""{'sa_family': 'AF_INET','sin_port': '22','sin_addr': '192.168.21.110'}""}, {'name': 'addrlen', 'type': 'int', 'value': 16}]",1,1
487.26357,7555,7555,7548,1001,4026531840,tsm,ip-10-100-1-217,42,connect,[],3,-114,"[{'name': 'sockfd', 'type': 'int', 'value': 42}, {'name': 'addr', 'type': 'struct sockaddr*', 'value': ""{'sa_family': 'AF_INET','sin_port': '22','sin_addr': '192.168.21.111'}""}, {'name': 'addrlen', 'type': 'int', 'value': 16}]",1,1
487.263593,7555,7555,7548,1001,4026531840,tsm,ip-10-100-1-217,42,connect,[],3,-114,"[{'name': 'sockfd', 'type': 'int', 'value': 43}, {'name': 'addr', 'type': 'struct sockaddr*', 'value': ""{'sa_family': 'AF_INET','sin_port': '22','sin_addr': '192.168.21.112'}""}, {'name': 'addrlen', 'type': 'int', 'value': 16}]",1,1
487.263615,7555,7555,7548,1001,4026531840,tsm,ip-10-100-1-217,42,connect,[],3,-114,"[{'name': 'sockfd', 'type': 'int', 'value': 44}, {'name': 'addr', 'type': 'struct sockaddr*', 'value': ""{'sa_family': 'AF_INET','sin_port': '22','sin_addr': '192.168.21.113'}""}, {'name': 'addrlen', 'type': 'int', 'value': 16}]",1,1
487.263637,7555,7555,7548,1001,4026531840,tsm,ip-10-100-1-217,42,connect,[],3,-114,"[{'name': 'sockfd', 'type': 'int', 'value': 45}, {'name': 'addr', 'type': 'struct sockaddr*', 'value': ""{'sa_family': 'AF_INET','sin_port': '22','sin_addr': '192.168.21.114'}""}, {'name': 'addrlen', 'type': 'int', 'value': 16}]",1,1
487.263659,7555,7555,7548,1001,4026531840,tsm,ip-10-100-1-217,42,connect,[],3,-114,"[{'name': 'sockfd', 'type': 'int', 'value': 46}, {'name': 'addr', 'type': 'struct sockaddr*', 'value': ""{'sa_family': 'AF_INET','sin_port': '22','sin_addr': '192.168.21.115'}""}, {'name': 'addrlen', 'type': 'int', 'value': 16}]",1,1
487.263704,7555,7555,7548,1001,4026531840,tsm,ip-10-100-1-217,42,connect,[],3,-114,"[{'name': 'sockfd', 'type': 'int', 'value': 47}, {'name': 'addr', 'type': 'struct sockaddr*', 'value': ""{'sa_family': 'AF_INET','sin_port': '22','sin_addr': '192.168.21.116'}""}, {'name': 'addrlen', 'type': 'int', 'value': 16}]",1,1
487.263735,7555,7555,7548,1001,4026531840,tsm,ip-10-100-1-217,42,connect,[],3,-114,"[{'name': 'sockfd', 'type': 'int', 'value': 48}, {'name': 'addr', 'type': 'struct sockaddr*', 'value': ""{'sin_port': '22','sin_addr': '192.168.21.117','sa_family': 'AF_INET'}""}, {'name': 'addrlen', 'type': 'int', 'value': 16}]",1,1
487.26376,7555,7555,7548,1001,4026531840,tsm,ip-10-100-1-217,42,connect,[],3,-114,"[{'name': 'sockfd', 'type': 'int', 'value': 49}, {'name': 'addr', 'type': 'struct sockaddr*', 'value': ""{'sin_port': '22','sin_addr': '192.168.21.118','sa_family': 'AF_INET'}""}, {'name': 'addrlen', 'type': 'int', 'value': 16}]",1,1
487.263782,7555,7555,7548,1001,4026531840,tsm,ip-10-100-1-217,42,connect,[],3,-114,"[{'name': 'sockfd', 'type': 'int', 'value': 50}, {'name': 'addr', 'type': 'struct sockaddr*', 'value': ""{'sin_addr': '192.168.21.119','sa_family': 'AF_INET','sin_port': '22'}""}, {'name': 'addrlen', 'type': 'int', 'value': 16}]",1,1
487.263805,7555,7555,7548,1001,4026531840,tsm,ip-10-100-1-217,42,connect,[],3,-114,"[{'name': 'sockfd', 'type': 'int', 'value': 51}, {'name': 'addr', 'type': 'struct sockaddr*', 'value': ""{'sa_family': 'AF_INET','sin_port': '22','sin_addr': '192.168.21.120'}""}, {'name': 'addrlen', 'type': 'int', 'value': 16}]",1,1
487.263827,7555,7555,7548,1001,4026531840,tsm,ip-10-100-1-217,42,connect,[],3,-114,"[{'name': 'sockfd', 'type': 'int', 'value': 52}, {'name': 'addr', 'type': 'struct sockaddr*', 'value': ""{'sin_port': '22','sin_addr': '192.168.21.121','sa_family': 'AF_INET'}""}, {'name': 'addrlen', 'type': 'int', 'value': 16}]",1,1
487.263851,7555,7555,7548,1001,4026531840,tsm,ip-10-100-1-217,42,connect,[],3,-114,"[{'name': 'sockfd', 'type': 'int', 'value': 53}, {'name': 'addr', 'type': 'struct sockaddr*', 'value': ""{'sa_family': 'AF_INET','sin_port': '22','sin_addr': '192.168.21.122'}""}, {'name': 'addrlen', 'type': 'int', 'value': 16}]",1,1
487.263873,7555,7555,7548,1001,4026531840,tsm,ip-10-100-1-217,42,connect,[],3,-114,"[{'name': 'sockfd', 'type': 'int', 'value': 54}, {'name': 'addr', 'type': 'struct sockaddr*', 'value': ""{'sa_family': 'AF_INET','sin_port': '22','sin_addr': '192.168.21.123'}""}, {'name': 'addrlen', 'type': 'int', 'value': 16}]",1,1
487.263895,7555,7555,7548,1001,4026531840,tsm,ip-10-100-1-217,42,connect,[],3,-114,"[{'name': 'sockfd', 'type': 'int', 'value': 55}, {'name': 'addr', 'type': 'struct sockaddr*', 'value': ""{'sa_family': 'AF_INET','sin_port': '22','sin_addr': '192.168.21.124'}""}, {'name': 'addrlen', 'type': 'int', 'value': 16}]",1,1
487.263917,7555,7555,7548,1001,4026531840,tsm,ip-10-100-1-217,42,connect,[],3,-114,"[{'name': 'sockfd', 'type': 'int', 'value': 56}, {'name': 'addr', 'type': 'struct sockaddr*', 'value': ""{'sa_family': 'AF_INET','sin_port': '22','sin_addr': '192.168.21.125'}""}, {'name': 'addrlen', 'type': 'int', 'value': 16}]",1,1
487.263939,7555,7555,7548,1001,4026531840,tsm,ip-10-100-1-217,42,connect,[],3,-114,"[{'name': 'sockfd', 'type': 'int', 'value': 57}, {'name': 'addr', 'type': 'struct sockaddr*', 'value': ""{'sin_addr': '192.168.21.126','sa_family': 'AF_INET','sin_port': '22'}""}, {'name': 'addrlen', 'type': 'int', 'value': 16}]",1,1
487.263961,7555,7555,7548,1001,4026531840,tsm,ip-10-100-1-217,42,connect,[],3,-114,"[{'name': 'sockfd', 'type': 'int', 'value': 58}, {'name': 'addr', 'type': 'struct sockaddr*', 'value': ""{'sa_family': 'AF_INET','sin_port': '22','sin_addr': '192.168.21.127'}""}, {'name': 'addrlen', 'type': 'int', 'value': 16}]",1,1
487.263984,7555,7555,7548,1001,4026531840,tsm,ip-10-100-1-217,42,connect,[],3,-114,"[{'name': 'sockfd', 'type': 'int', 'value': 59}, {'name': 'addr', 'type': 'struct sockaddr*', 'value': ""{'sa_family': 'AF_INET','sin_port': '22','sin_addr': '192.168.21.128'}""}, {'name': 'addrlen', 'type': 'int', 'value': 16}]",1,1
487.26456,7555,7555,7548,1001,4026531840,tsm,ip-10-100-1-217,42,connect,[],3,-114,"[{'name': 'sockfd', 'type': 'int', 'value': 60}, {'name': 'addr', 'type': 'struct sockaddr*', 'value': ""{'sa_family': 'AF_INET','sin_port': '22','sin_addr': '192.168.21.129'}""}, {'name': 'addrlen', 'type': 'int', 'value': 16}]",1,1
487.264611,7555,7555,7548,1001,4026531840,tsm,ip-10-100-1-217,42,connect,[],3,-114,"[{'name': 'sockfd', 'type': 'int', 'value': 61}, {'name': 'addr', 'type': 'struct sockaddr*', 'value': ""{'sa_family': 'AF_INET','sin_port': '22','sin_addr': '192.168.21.130'}""}, {'name': 'addrlen', 'type': 'int', 'value': 16}]",1,1
487.264639,7555,7555,7548,1001,4026531840,tsm,ip-10-100-1-217,42,connect,[],3,-114,"[{'name': 'sockfd', 'type': 'int', 'value': 62}, {'name': 'addr', 'type': 'struct sockaddr*', 'value': ""{'sa_family': 'AF_INET','sin_port': '22','sin_addr': '192.168.21.131'}""}, {'name': 'addrlen', 'type': 'int', 'value': 16}]",1,1
487.264661,7555,7555,7548,1001,4026531840,tsm,ip-10-100-1-217,42,connect,[],3,-114,"[{'name': 'sockfd', 'type': 'int', 'value': 63}, {'name': 'addr', 'type': 'struct sockaddr*', 'value': ""{'sa_family': 'AF_INET','sin_port': '22','sin_addr': '192.168.21.132'}""}, {'name': 'addrlen', 'type': 'int', 'value': 16}]",1,1
487.264686,7555,7555,7548,1001,4026531840,tsm,ip-10-100-1-217,42,connect,[],3,-114,"[{'name': 'sockfd', 'type': 'int', 'value': 64}, {'name': 'addr', 'type': 'struct sockaddr*', 'value': ""{'sa_family': 'AF_INET','sin_port': '22','sin_addr': '192.168.21.133'}""}, {'name': 'addrlen', 'type': 'int', 'value': 16}]",1,1
487.264709,7555,7555,7548,1001,4026531840,tsm,ip-10-100-1-217,42,connect,[],3,-114,"[{'name': 'sockfd', 'type': 'int', 'value': 65}, {'name': 'addr', 'type': 'struct sockaddr*', 'value': ""{'sa_family': 'AF_INET','sin_port': '22','sin_addr': '192.168.21.134'}""}, {'name': 'addrlen', 'type': 'int', 'value': 16}]",1,1
487.264731,7555,7555,7548,1001,4026531840,tsm,ip-10-100-1-217,42,connect,[],3,-114,"[{'name': 'sockfd', 'type': 'int', 'value': 66}, {'name': 'addr', 'type': 'struct sockaddr*', 'value': ""{'sa_family': 'AF_INET','sin_port': '22','sin_addr': '192.168.21.135'}""}, {'name': 'addrlen', 'type': 'int', 'value': 16}]",1,1
487.264753,7555,7555,7548,1001,4026531840,tsm,ip-10-100-1-217,42,connect,[],3,-114,"[{'name': 'sockfd', 'type': 'int', 'value': 67}, {'name': 'addr', 'type': 'struct sockaddr*', 'value': ""{'sa_family': 'AF_INET','sin_port': '22','sin_addr': '192.168.21.136'}""}, {'name': 'addrlen', 'type': 'int', 'value': 16}]",1,1
487.264775,7555,7555,7548,1001,4026531840,tsm,ip-10-100-1-217,42,connect,[],3,-114,"[{'name': 'sockfd', 'type': 'int', 'value': 68}, {'name': 'addr', 'type': 'struct sockaddr*', 'value': ""{'sa_family': 'AF_INET','sin_port': '22','sin_addr': '192.168.21.137'}""}, {'name': 'addrlen', 'type': 'int', 'value': 16}]",1,1
487.264797,7555,7555,7548,1001,4026531840,tsm,ip-10-100-1-217,42,connect,[],3,-114,"[{'name': 'sockfd', 'type': 'int', 'value': 69}, {'name': 'addr', 'type': 'struct sockaddr*', 'value': ""{'sa_family': 'AF_INET','sin_port': '22','sin_addr': '192.168.21.138'}""}, {'name': 'addrlen', 'type': 'int', 'value': 16}]",1,1
487.264819,7555,7555,7548,1001,4026531840,tsm,ip-10-100-1-217,42,connect,[],3,-114,"[{'name': 'sockfd', 'type': 'int', 'value': 70}, {'name': 'addr', 'type': 'struct sockaddr*', 'value': ""{'sa_family': 'AF_INET','sin_port': '22','sin_addr': '192.168.21.139'}""}, {'name': 'addrlen', 'type': 'int', 'value': 16}]",1,1
487.264841,7555,7555,7548,1001,4026531840,tsm,ip-10-100-1-217,42,connect,[],3,-114,"[{'name': 'sockfd', 'type': 'int', 'value': 71}, {'name': 'addr', 'type': 'struct sockaddr*', 'value': ""{'sa_family': 'AF_INET','sin_port': '22','sin_addr': '192.168.21.140'}""}, {'name': 'addrlen', 'type': 'int', 'value': 16}]",1,1
487.264872,7555,7555,7548,1001,4026531840,tsm,ip-10-100-1-217,42,connect,[],3,-114,"[{'name': 'sockfd', 'type': 'int', 'value': 72}, {'name': 'addr', 'type': 'struct sockaddr*', 'value': ""{'sa_family': 'AF_INET','sin_port': '22','sin_addr': '192.168.21.141'}""}, {'name': 'addrlen', 'type': 'int', 'value': 16}]",1,1
487.264899,7555,7555,7548,1001,4026531840,tsm,ip-10-100-1-217,42,connect,[],3,-114,"[{'name': 'sockfd', 'type': 'int', 'value': 73}, {'name': 'addr', 'type': 'struct sockaddr*', 'value': ""{'sa_family': 'AF_INET','sin_port': '22','sin_addr': '192.168.21.142'}""}, {'name': 'addrlen', 'type': 'int', 'value': 16}]",1,1
487.264921,7555,7555,7548,1001,4026531840,tsm,ip-10-100-1-217,42,connect,[],3,-114,"[{'name': 'sockfd', 'type': 'int', 'value': 74}, {'name': 'addr', 'type': 'struct sockaddr*', 'value': ""{'sa_family': 'AF_INET','sin_port': '22','sin_addr': '192.168.21.143'}""}, {'name': 'addrlen', 'type': 'int', 'value': 16}]",1,1
487.264943,7555,7555,7548,1001,4026531840,tsm,ip-10-100-1-217,42,connect,[],3,-114,"[{'name': 'sockfd', 'type': 'int', 'value': 75}, {'name': 'addr', 'type': 'struct sockaddr*', 'value': ""{'sa_family': 'AF_INET','sin_port': '22','sin_addr': '192.168.21.144'}""}, {'name': 'addrlen', 'type': 'int', 'value': 16}]",1,1
487.264965,7555,7555,7548,1001,4026531840,tsm,ip-10-100-1-217,42,connect,[],3,-114,"[{'name': 'sockfd', 'type': 'int', 'value': 76}, {'name': 'addr', 'type': 'struct sockaddr*', 'value': ""{'sin_addr': '192.168.21.145','sa_family': 'AF_INET','sin_port': '22'}""}, {'name': 'addrlen', 'type': 'int', 'value': 16}]",1,1
487.264987,7555,7555,7548,1001,4026531840,tsm,ip-10-100-1-217,42,connect,[],3,-114,"[{'name': 'sockfd', 'type': 'int', 'value': 77}, {'name': 'addr', 'type': 'struct sockaddr*', 'value': ""{'sa_family': 'AF_INET','sin_port': '22','sin_addr': '192.168.21.146'}""}, {'name': 'addrlen', 'type': 'int', 'value': 16}]",1,1
487.265009,7555,7555,7548,1001,4026531840,tsm,ip-10-100-1-217,42,connect,[],3,-114,"[{'name': 'sockfd', 'type': 'int', 'value': 78}, {'name': 'addr', 'type': 'struct sockaddr*', 'value': ""{'sa_family': 'AF_INET','sin_port': '22','sin_addr': '192.168.21.147'}""}, {'name': 'addrlen', 'type': 'int', 'value': 16}]",1,1
487.265031,7555,7555,7548,1001,4026531840,tsm,ip-10-100-1-217,42,connect,[],3,-114,"[{'name': 'sockfd', 'type': 'int', 'value': 79}, {'name': 'addr', 'type': 'struct sockaddr*', 'value': ""{'sa_family': 'AF_INET','sin_port': '22','sin_addr': '192.168.21.148'}""}, {'name': 'addrlen', 'type': 'int', 'value': 16}]",1,1
487.265053,7555,7555,7548,1001,4026531840,tsm,ip-10-100-1-217,42,connect,[],3,-114,"[{'name': 'sockfd', 'type': 'int', 'value': 80}, {'name': 'addr', 'type': 'struct sockaddr*', 'value': ""{'sa_family': 'AF_INET','sin_port': '22','sin_addr': '192.168.21.149'}""}, {'name': 'addrlen', 'type': 'int', 'value': 16}]",1,1
487.265084,7555,7555,7548,1001,4026531840,tsm,ip-10-100-1-217,42,connect,[],3,-114,"[{'name': 'sockfd', 'type': 'int', 'value': 81}, {'name': 'addr', 'type': 'struct sockaddr*', 'value': ""{'sa_family': 'AF_INET','sin_port': '22','sin_addr': '192.168.21.150'}""}, {'name': 'addrlen', 'type': 'int', 'value': 16}]",1,1
487.265747,7555,7555,7548,1001,4026531840,tsm,ip-10-100-1-217,42,connect,[],3,-114,"[{'name': 'sockfd', 'type': 'int', 'value': 82}, {'name': 'addr', 'type': 'struct sockaddr*', 'value': ""{'sa_family': 'AF_INET','sin_port': '22','sin_addr': '192.168.21.151'}""}, {'name': 'addrlen', 'type': 'int', 'value': 16}]",1,1
487.265779,7555,7555,7548,1001,4026531840,tsm,ip-10-100-1-217,42,connect,[],3,-114,"[{'name': 'sockfd', 'type': 'int', 'value': 83}, {'name': 'addr', 'type': 'struct sockaddr*', 'value': ""{'sa_family': 'AF_INET','sin_port': '22','sin_addr': '192.168.21.152'}""}, {'name': 'addrlen', 'type': 'int', 'value': 16}]",1,1
487.265801,7555,7555,7548,1001,4026531840,tsm,ip-10-100-1-217,42,connect,[],3,-114,"[{'name': 'sockfd', 'type': 'int', 'value': 84}, {'name': 'addr', 'type': 'struct sockaddr*', 'value': ""{'sa_family': 'AF_INET','sin_port': '22','sin_addr': '192.168.21.153'}""}, {'name': 'addrlen', 'type': 'int', 'value': 16}]",1,1
487.265826,7555,7555,7548,1001,4026531840,tsm,ip-10-100-1-217,42,connect,[],3,-114,"[{'name': 'sockfd', 'type': 'int', 'value': 85}, {'name': 'addr', 'type': 'struct sockaddr*', 'value': ""{'sin_addr': '192.168.21.154','sa_family': 'AF_INET','sin_port': '22'}""}, {'name': 'addrlen', 'type': 'int', 'value': 16}]",1,1
487.265848,7555,7555,7548,1001,4026531840,tsm,ip-10-100-1-217,42,connect,[],3,-114,"[{'name': 'sockfd', 'type': 'int', 'value': 86}, {'name': 'addr', 'type': 'struct sockaddr*', 'value': ""{'sin_port': '22','sin_addr': '192.168.21.155','sa_family': 'AF_INET'}""}, {'name': 'addrlen', 'type': 'int', 'value': 16}]",1,1
487.265871,7555,7555,7548,1001,4026531840,tsm,ip-10-100-1-217,42,connect,[],3,-114,"[{'name': 'sockfd', 'type': 'int', 'value': 87}, {'name': 'addr', 'type': 'struct sockaddr*', 'value': ""{'sa_family': 'AF_INET','sin_port': '22','sin_addr': '192.168.21.156'}""}, {'name': 'addrlen', 'type': 'int', 'value': 16}]",1,1
487.265893,7555,7555,7548,1001,4026531840,tsm,ip-10-100-1-217,42,connect,[],3,-114,"[{'name': 'sockfd', 'type': 'int', 'value': 88}, {'name': 'addr', 'type': 'struct sockaddr*', 'value': ""{'sa_family': 'AF_INET','sin_port': '22','sin_addr': '192.168.21.157'}""}, {'name': 'addrlen', 'type': 'int', 'value': 16}]",1,1
487.265915,7555,7555,7548,1001,4026531840,tsm,ip-10-100-1-217,42,connect,[],3,-114,"[{'name': 'sockfd', 'type': 'int', 'value': 89}, {'name': 'addr', 'type': 'struct sockaddr*', 'value': ""{'sa_family': 'AF_INET','sin_port': '22','sin_addr': '192.168.21.158'}""}, {'name': 'addrlen', 'type': 'int', 'value': 16}]",1,1
487.265937,7555,7555,7548,1001,4026531840,tsm,ip-10-100-1-217,42,connect,[],3,-114,"[{'name': 'sockfd', 'type': 'int', 'value': 90}, {'name': 'addr', 'type': 'struct sockaddr*', 'value': ""{'sa_family': 'AF_INET','sin_port': '22','sin_addr': '192.168.21.159'}""}, {'name': 'addrlen', 'type': 'int', 'value': 16}]",1,1
487.265959,7555,7555,7548,1001,4026531840,tsm,ip-10-100-1-217,42,connect,[],3,-114,"[{'name': 'sockfd', 'type': 'int', 'value': 91}, {'name': 'addr', 'type': 'struct sockaddr*', 'value': ""{'sa_family': 'AF_INET','sin_port': '22','sin_addr': '192.168.21.160'}""}, {'name': 'addrlen', 'type': 'int', 'value': 16}]",1,1
487.265981,7555,7555,7548,1001,4026531840,tsm,ip-10-100-1-217,42,connect,[],3,-114,"[{'name': 'sockfd', 'type': 'int', 'value': 92}, {'name': 'addr', 'type': 'struct sockaddr*', 'value': ""{'sin_addr': '192.168.21.161','sa_family': 'AF_INET','sin_port': '22'}""}, {'name': 'addrlen', 'type': 'int', 'value': 16}]",1,1
